25,43,696.57526,23.535328,40.821105999999986,27.103252000000005,1,-1,-1,-1
26,43,694.4601,22.42603,41.21747000000005,27.613708,1,-1,-1,-1
27,43,693.0034,22.465242,42.11999500000002,27.600652999999998,1,-1,-1,-1
28,43,688.94763,20.631647,44.978880000000004,28.137392,1,-1,-1,-1
29,43,685.3695,20.378433,49.572388000000046,28.97723,1,-1,-1,-1
30,43,681.8775,21.039667,57.22027600000001,28.768521999999997,1,-1,-1,-1
31,43,678.55774,20.610231,60.52148399999999,28.982512,1,-1,-1,-1
32,43,674.1984,20.117912,60.535889999999995,28.940647000000002,1,-1,-1,-1
33,43,668.19604,19.498606,64.93670999999995,29.484723999999996,1,-1,-1,-1
34,43,663.22314,18.304047,69.21673599999997,30.380042999999997,1,-1,-1,-1
35,43,659.92926,17.377747,73.18047999999999,31.723644,1,-1,-1,-1
36,43,656.28125,17.216928,74.86706500000003,31.32321,1,-1,-1,-1
37,43,651.89764,16.43378,70.16290000000004,31.544746000000004,1,-1,-1,-1
38,43,645.86633,15.379092,68.65448000000004,30.955269,1,-1,-1,-1
39,43,642.7026,18.221693,66.76868000000002,27.138391000000002,1,-1,-1,-1
40,43,637.6116,16.873962,66.91314999999997,29.742947,1,-1,-1,-1
41,43,632.8558,16.92575,64.64282000000003,30.451988,1,-1,-1,-1
42,43,628.7886,16.240084,65.07580599999994,30.987875,1,-1,-1,-1
43,43,625.75635,16.38153,65.67114000000004,30.811187999999998,1,-1,-1,-1
44,43,622.50714,17.975101,62.726684999999975,28.882973000000003,1,-1,-1,-1
45,43,616.8566,19.101389,57.330017,28.577902000000005,1,-1,-1,-1
46,43,613.9462,17.990662,52.972959999999944,28.987137000000004,1,-1,-1,-1
47,43,612.51965,18.116518,51.74048000000005,28.258629999999997,1,-1,-1,-1
48,43,608.5128,18.916094,54.36071800000002,29.285666,1,-1,-1,-1
49,43,604.1146,18.229958,53.225708000000054,29.789692,1,-1,-1,-1
50,43,600.72253,18.07074,52.37994400000002,29.454589999999996,1,-1,-1,-1
51,43,598.8771,17.894062,50.35620000000006,30.063183,1,-1,-1,-1
52,43,596.2881,19.34727,50.291138000000046,28.882619999999996,1,-1,-1,-1
53,43,594.0937,19.587372,48.231934000000024,28.92509,1,-1,-1,-1
54,43,591.9491,20.25005,47.47289999999998,28.296532,1,-1,-1,-1
55,43,590.6315,20.165327,45.624573000000055,28.640635,1,-1,-1,-1
56,43,589.08655,20.558662,45.27453600000001,29.016524999999998,1,-1,-1,-1
57,43,588.3217,20.343708,44.504516999999964,30.587830000000004,1,-1,-1,-1
58,43,587.52905,19.78138,42.18506000000002,30.402114999999995,1,-1,-1,-1
59,43,587.4463,20.15265,41.38696300000004,30.473452,1,-1,-1,-1
60,43,586.8702,20.999592,40.47747800000002,30.33878,1,-1,-1,-1
61,43,586.2374,21.295473,40.77667199999996,30.400441999999998,1,-1,-1,-1
62,43,586.82367,21.761787,40.02410999999995,30.473042000000003,1,-1,-1,-1
63,43,586.68243,21.777493,40.47241199999996,30.658203,1,-1,-1,-1
64,43,586.71606,22.854378,40.97216800000001,30.445900000000005,1,-1,-1,-1
65,43,584.9976,23.571646,42.818970000000036,30.422243,1,-1,-1,-1
66,43,584.78735,23.811317,42.83203000000003,30.718452000000003,1,-1,-1,-1
67,43,584.7742,24.283504,42.755250000000046,30.526379,1,-1,-1,-1
68,43,585.0159,24.972158,43.17065400000001,30.588781000000004,1,-1,-1,-1
69,43,587.3733,25.3751,42.59918200000004,30.452797,1,-1,-1,-1
70,43,588.4137,26.285753,42.51446499999997,29.898237,1,-1,-1,-1
71,43,589.34827,26.94976,42.406676999999945,29.858387000000004,1,-1,-1,-1
72,43,590.0446,27.685122,42.842712000000006,30.090673000000002,1,-1,-1,-1
73,43,590.6502,29.081856,42.035889999999995,29.830116,1,-1,-1,-1
74,43,590.8373,29.4947,42.834716999999955,30.279424999999996,1,-1,-1,-1
75,43,590.6894,30.323298,42.93280000000004,30.766447,1,-1,-1,-1
76,43,591.4459,31.4132,42.373230000000035,30.117126000000003,1,-1,-1,-1
77,43,591.63934,31.738052,42.31366000000003,30.059135,1,-1,-1,-1
78,43,591.40814,31.943575,43.471497,30.285704,1,-1,-1,-1
79,43,592.4266,32.438354,42.859069999999974,29.859798000000005,1,-1,-1,-1
80,43,593.3784,32.713802,42.78625499999998,30.275588999999997,1,-1,-1,-1
81,43,593.72076,33.27634,42.671569999999974,30.346603,1,-1,-1,-1
82,43,594.0887,33.47577,43.12750200000005,30.767296,1,-1,-1,-1
83,43,594.1388,33.792118,43.29192999999998,30.875935,1,-1,-1,-1
84,43,595.08624,34.694523,42.767394999999965,30.558772999999995,1,-1,-1,-1
85,43,595.2017,35.19178,43.23785399999997,30.677321999999997,1,-1,-1,-1
86,43,595.6046,36.912083,43.41870000000006,29.869235999999994,1,-1,-1,-1
87,43,596.4417,37.0978,42.88445999999999,30.49027999999999,1,-1,-1,-1
88,43,596.7199,37.313526,42.77588000000003,30.922199999999997,1,-1,-1,-1
89,43,597.6076,37.886127,42.11944600000004,31.079632000000004,1,-1,-1,-1
90,43,597.80176,38.740482,42.23803699999996,30.871601,1,-1,-1,-1
91,43,598.09375,39.106003,42.23224000000005,31.429192,1,-1,-1,-1
92,43,597.9162,39.921402,42.58660999999995,31.796188,1,-1,-1,-1
93,43,598.015,41.608326,42.91576999999995,31.247775999999995,1,-1,-1,-1
94,43,598.1601,43.13632,43.22473000000002,30.443600000000004,1,-1,-1,-1
95,43,598.0785,43.519882,43.526430000000005,30.823935999999996,1,-1,-1,-1
96,43,597.97375,43.081837,43.06262200000003,32.48113,1,-1,-1,-1
97,43,598.16046,44.50862,43.327087000000006,31.51328300000001,1,-1,-1,-1
98,43,598.3998,44.925564,43.152526999999964,31.516879999999993,1,-1,-1,-1
99,43,598.45105,45.455032,43.76568599999996,31.608756999999997,1,-1,-1,-1
100,43,599.10547,46.06084,43.17273,31.564000000000007,1,-1,-1,-1
101,43,598.78577,47.425915,43.142394999999965,31.136882999999997,1,-1,-1,-1
102,43,598.54065,48.571747,43.813354000000004,30.766990000000007,1,-1,-1,-1
103,43,598.8659,49.20033,44.78216599999996,31.706959000000005,1,-1,-1,-1
104,43,598.9672,49.609688,45.02502400000003,32.211684999999996,1,-1,-1,-1
105,43,599.19495,50.49762,45.05847000000006,32.934303,1,-1,-1,-1
106,43,599.25903,51.409386,45.44360400000005,33.414017,1,-1,-1,-1
107,43,599.3944,51.33994,45.693175999999994,34.024624,1,-1,-1,-1
108,43,599.40594,52.564804,46.464477999999986,33.689598,1,-1,-1,-1
109,43,598.97064,53.738556,46.84424000000001,33.97030600000001,1,-1,-1,-1
110,43,598.63354,54.35323,47.17931999999996,34.720356,1,-1,-1,-1
111,43,598.6929,54.798935,47.322388000000046,34.587265,1,-1,-1,-1
112,43,599.1713,55.392963,47.35925299999997,34.51507,1,-1,-1,-1
113,43,598.6202,56.79373,47.30597,33.697136,1,-1,-1,-1
114,43,598.2454,57.769863,47.329162999999994,33.925724,1,-1,-1,-1
115,43,598.1312,58.2731,48.05657999999994,34.68132,1,-1,-1,-1
116,43,598.48566,58.99386,47.89038000000005,34.967224,1,-1,-1,-1
117,43,598.0623,60.549484,48.35015999999996,35.778534,1,-1,-1,-1
118,43,596.81036,61.594883,49.18469200000004,35.09682999999999,1,-1,-1,-1
119,43,597.18066,62.27171,49.00250200000005,35.093258000000006,1,-1,-1,-1
120,43,595.83,63.27886,53.017394999999965,35.770794,1,-1,-1,-1
121,43,599.24774,65.05376,46.27648999999997,34.26906000000001,1,-1,-1,-1
122,43,596.5502,66.19811,51.41339000000005,34.83972,1,-1,-1,-1
123,43,596.8203,66.68434,50.839540000000056,34.72345,1,-1,-1,-1
124,43,597.7036,66.70402,48.14129600000001,34.875443000000004,1,-1,-1,-1
125,43,597.67786,67.22326,48.16247599999997,35.158142,1,-1,-1,-1
126,43,597.70856,67.772804,47.924072000000024,35.772903,1,-1,-1,-1
127,43,598.33496,68.5314,48.495604999999955,36.194655999999995,1,-1,-1,-1
128,43,598.776,69.97567,47.80102499999998,35.47049700000001,1,-1,-1,-1
129,43,598.3447,71.55028,48.87353499999995,35.725455999999994,1,-1,-1,-1
130,43,598.57605,72.2924,48.893249999999966,35.93411999999999,1,-1,-1,-1
131,43,598.3354,73.14521,48.785582999999974,35.646225,1,-1,-1,-1
132,43,598.53143,74.37204,48.70519999999999,36.54048,1,-1,-1,-1
133,43,598.18756,75.966576,49.230834999999956,36.107445,1,-1,-1,-1
134,43,598.5294,77.16385,48.43078600000001,35.2697,1,-1,-1,-1
135,43,598.4201,78.2368,48.049987999999985,34.68856000000001,1,-1,-1,-1
136,43,598.04486,78.880486,48.075072999999975,35.07289,1,-1,-1,-1
137,43,597.9931,79.310196,48.416810000000055,36.21015,1,-1,-1,-1
138,43,597.7692,80.208336,48.51629600000001,36.78838999999999,1,-1,-1,-1
139,43,597.70026,80.97494,48.12750200000005,36.81738300000001,1,-1,-1,-1
140,43,598.01984,82.089806,48.267517,36.74069999999999,1,-1,-1,-1
141,43,597.73517,83.90333,48.28747599999997,35.98290300000001,1,-1,-1,-1
142,43,597.25366,84.53097,48.80364999999995,36.9405,1,-1,-1,-1
143,43,597.2644,85.32939,48.91443000000004,37.30978399999999,1,-1,-1,-1
144,43,597.19855,86.11635,49.29492000000005,37.615562,1,-1,-1,-1
145,43,597.7667,87.98844,48.42175299999997,36.851242,1,-1,-1,-1
146,43,597.80145,89.660995,48.369507,36.68044999999999,1,-1,-1,-1
147,43,597.39294,90.130615,49.58734000000004,37.955826,1,-1,-1,-1
148,43,597.45276,91.66178,49.72607400000004,38.210639999999984,1,-1,-1,-1
149,43,597.78204,92.30273,49.66497800000002,38.465187000000014,1,-1,-1,-1
150,43,597.4253,93.00174,50.01171999999997,38.596817,1,-1,-1,-1
151,43,597.2394,93.72129,50.334655999999995,39.347663999999995,1,-1,-1,-1
152,43,597.2918,95.403885,50.81964000000005,38.98221000000001,1,-1,-1,-1
153,43,596.76794,96.49149,51.29607999999996,38.68680599999999,1,-1,-1,-1
154,43,596.8342,97.82272,51.737427000000025,38.042129999999986,1,-1,-1,-1
155,43,596.5515,98.145935,52.036743,38.894638,1,-1,-1,-1
156,43,596.2788,99.19899,52.38421600000004,39.78503400000001,1,-1,-1,-1
157,43,596.2739,100.55149,52.48370399999999,39.861609999999985,1,-1,-1,-1
158,43,596.40076,102.01483,52.16217000000006,39.536713000000006,1,-1,-1,-1
159,43,595.7344,103.21046,52.32745399999999,39.919349999999994,1,-1,-1,-1
160,43,594.8408,104.23231,53.638855000000035,40.61341,1,-1,-1,-1
161,43,595.16565,106.44187,52.86578399999996,39.85393500000001,1,-1,-1,-1
162,43,594.6699,107.68753,53.469055000000026,39.82303,1,-1,-1,-1
163,43,594.6062,107.90584,53.71801800000003,41.75887999999999,1,-1,-1,-1
164,43,593.6172,109.38406,54.63171399999999,42.020767000000006,1,-1,-1,-1
165,43,593.25586,110.84019,54.51220699999999,41.222954000000016,1,-1,-1,-1
166,43,592.5315,112.15659,54.72540300000003,41.20682500000001,1,-1,-1,-1
167,43,592.2563,112.92613,54.75824,41.268249999999995,1,-1,-1,-1
168,43,591.5859,114.95643,54.65746999999999,41.15386199999999,1,-1,-1,-1
169,43,591.3946,116.40947,55.07562299999995,41.21231,1,-1,-1,-1
170,43,590.7132,117.375725,55.2713,41.833107,1,-1,-1,-1
171,43,589.7174,118.14351,55.49017300000003,42.658812999999995,1,-1,-1,-1
172,43,588.7844,120.13404,55.97278000000006,42.252174,1,-1,-1,-1
173,43,587.855,122.1968,55.45184300000005,41.51630399999999,1,-1,-1,-1
174,43,587.1909,123.51716,55.85992399999998,41.450096000000016,1,-1,-1,-1
175,43,586.27155,123.968414,56.27087400000005,41.855605999999995,1,-1,-1,-1
176,43,584.63245,126.49277,56.99957299999994,41.52447500000001,1,-1,-1,-1
177,43,584.72485,127.50722,56.82610999999997,42.622466999999986,1,-1,-1,-1
178,43,583.6177,128.72058,57.10564999999997,42.763626000000016,1,-1,-1,-1
179,43,582.48425,129.57994,57.48095699999999,43.307556000000005,1,-1,-1,-1
180,43,581.63666,131.19316,56.78796399999999,43.674362,1,-1,-1,-1
181,43,580.85095,133.67412,56.838257,43.42396500000001,1,-1,-1,-1
182,43,579.6819,135.11813,56.893677000000025,44.05623,1,-1,-1,-1
183,43,578.38715,136.25887,57.169250000000034,44.568985,1,-1,-1,-1
184,43,576.5119,138.03813,58.431640000000016,44.376037999999994,1,-1,-1,-1
185,43,576.74524,139.94344,56.79620399999999,43.592254999999994,1,-1,-1,-1
186,43,575.4292,140.44075,57.04894999999999,44.812393000000014,1,-1,-1,-1
187,43,574.6585,141.38829,57.20953399999996,45.99470500000001,1,-1,-1,-1
188,43,572.7384,143.13066,58.36077999999998,46.03976399999999,1,-1,-1,-1
189,43,571.34534,144.89162,59.90575999999999,45.96281400000001,1,-1,-1,-1
190,43,569.30566,146.64323,61.14850000000001,46.108611999999994,1,-1,-1,-1
191,43,568.1644,148.16095,61.29400599999997,47.86230499999999,1,-1,-1,-1
192,43,567.3397,150.10167,61.978638000000046,47.639099999999985,1,-1,-1,-1
193,43,566.7268,152.05746,61.28887999999995,48.359024000000005,1,-1,-1,-1
194,43,564.9737,154.05165,62.312073000000055,48.522186000000005,1,-1,-1,-1
195,43,564.6252,155.42647,61.41839600000003,47.967163,1,-1,-1,-1
196,43,564.3325,157.84668,61.63604699999996,48.54889,1,-1,-1,-1
197,43,563.85205,159.99068,62.29821800000002,48.64681999999999,1,-1,-1,-1
198,43,563.1625,161.5563,62.080322000000024,48.910156,1,-1,-1,-1
199,43,562.531,162.44698,62.37634300000002,49.2166,1,-1,-1,-1
200,43,561.2854,164.3938,62.97088599999995,49.96006800000001,1,-1,-1,-1
201,43,560.0292,166.4804,64.18060000000003,49.22116,1,-1,-1,-1
202,43,559.6657,169.1452,63.40381000000002,48.460526000000016,1,-1,-1,-1
203,43,559.3841,169.8881,63.98517000000004,50.607939999999985,1,-1,-1,-1
204,43,558.43164,172.16191,64.74719000000005,50.631730000000005,1,-1,-1,-1
205,43,557.7976,174.09138,64.05542000000003,51.14241000000001,1,-1,-1,-1
206,43,557.27423,176.33301,63.65759300000002,50.64016699999999,1,-1,-1,-1
207,43,556.49536,177.86597,63.68700999999999,50.42283599999999,1,-1,-1,-1
208,43,555.83856,179.5206,63.64605700000004,51.48988299999999,1,-1,-1,-1
209,43,554.77576,180.66824,64.68529999999998,52.06654399999999,1,-1,-1,-1
210,43,554.0344,182.02736,64.57519500000001,52.091020000000015,1,-1,-1,-1
211,43,553.3844,182.83174,64.88518999999997,52.433716000000004,1,-1,-1,-1
212,43,551.7345,184.99695,66.65759000000003,52.226410000000016,1,-1,-1,-1
213,43,551.0828,186.5617,66.03026999999997,52.32155,1,-1,-1,-1
214,43,550.189,188.33087,66.92804000000001,52.223816,1,-1,-1,-1
215,43,549.04016,189.45033,67.98071000000004,52.545242,1,-1,-1,-1
216,43,549.1916,190.94751,67.40630999999996,54.22438,1,-1,-1,-1
217,43,548.6448,192.58723,68.296875,55.06880000000001,1,-1,-1,-1
218,43,547.4876,192.58821,68.16265999999996,55.456604,1,-1,-1,-1
219,43,545.4267,194.52512,69.57757600000002,55.698486,1,-1,-1,-1
220,43,543.11194,195.85896,70.24041999999997,56.10556,1,-1,-1,-1
221,43,541.27734,197.80293,70.71880999999996,55.342269999999985,1,-1,-1,-1
222,43,537.3685,198.82675,72.66296399999999,55.61908,1,-1,-1,-1
223,43,533.693,199.15749,74.86450000000002,56.22517400000001,1,-1,-1,-1
224,43,529.27106,201.45923,75.59235000000001,56.34008799999998,1,-1,-1,-1
225,43,521.5573,203.31935,79.39995999999996,55.589766999999995,1,-1,-1,-1
226,43,515.03424,204.55139,83.53821000000005,55.599976,1,-1,-1,-1
227,43,509.0639,202.70549,89.96234000000004,58.13377400000002,1,-1,-1,-1
228,43,500.40997,204.51039,93.83373999999998,57.87867700000001,1,-1,-1,-1
229,43,491.11517,204.23286,99.43883999999997,58.99375999999998,1,-1,-1,-1
230,43,481.37723,206.67374,104.59395999999998,57.84503000000001,1,-1,-1,-1
231,43,475.51013,207.00128,105.22088999999994,58.18258700000001,1,-1,-1,-1
232,43,466.37732,207.52647,109.15564,58.72395300000002,1,-1,-1,-1
233,43,457.34958,209.07939,111.013214,58.120987000000014,1,-1,-1,-1
234,43,450.92157,209.95195,110.24243000000001,59.066055000000006,1,-1,-1,-1
235,43,445.53583,209.81923,109.75622600000003,60.184646999999984,1,-1,-1,-1
236,43,437.3803,210.14351,109.31090999999998,60.02418499999999,1,-1,-1,-1
237,43,446.47394,211.06332,91.20238999999998,58.51065000000003,1,-1,-1,-1
238,43,431.51544,213.20082,93.8089,55.23942600000001,1,-1,-1,-1
239,43,414.1709,213.42886,103.39276000000001,55.11559999999997,1,-1,-1,-1
424,598,1692.0834,962.7634,155.1618699999999,117.23657000000003,1,-1,-1,-1
425,598,1654.6008,946.9087,178.7023999999999,131.21802000000002,1,-1,-1,-1
426,598,1633.3024,948.307,173.30103000000008,130.76891999999998,1,-1,-1,-1
427,598,1611.3673,952.06274,169.89562999999998,126.22400000000005,1,-1,-1,-1
428,598,1591.6946,946.9615,160.2017800000001,128.83416999999997,1,-1,-1,-1
429,598,1576.9093,916.29443,148.24341000000004,156.58507999999995,1,-1,-1,-1
430,598,1540.9231,899.14734,165.74865999999997,171.17578000000003,1,-1,-1,-1
431,598,1524.5109,892.3606,166.46118,170.02954,1,-1,-1,-1
432,598,1496.4865,862.2541,169.70398,206.7979099999999,1,-1,-1,-1
433,598,1474.3888,859.2544,172.0269800000001,202.6478300000001,1,-1,-1,-1
434,598,1451.503,841.2738,174.11194,230.7043500000001,1,-1,-1,-1
435,598,1443.1147,827.1452,168.20276000000013,243.07074,1,-1,-1,-1
493,728,578.09906,816.7663,216.35297000000003,257.73260000000005,1,-1,-1,-1
494,728,730.3968,833.79535,199.42078000000004,239.59918000000005,1,-1,-1,-1
495,728,830.9063,876.8605,211.94598000000008,198.7951700000001,1,-1,-1,-1
496,728,987.20667,899.1428,208.92589999999996,174.52904999999998,1,-1,-1,-1
497,728,1168.8998,991.6421,89.38000499999998,85.88232399999993,1,-1,-1,-1
651,1107,1864.8607,509.5963,55.139282000000094,114.69287000000003,1,-1,-1,-1
652,1107,1807.1511,481.3284,112.84888000000001,151.28146000000004,1,-1,-1,-1
653,1107,1757.9495,452.5202,162.05053999999996,191.52929999999998,1,-1,-1,-1
654,1107,1697.3411,456.18326,222.65894000000003,192.98055999999997,1,-1,-1,-1
655,1107,1654.9203,454.71637,265.0797,200.09979999999996,1,-1,-1,-1
656,1107,1608.3192,457.8344,311.6808000000001,198.06805000000003,1,-1,-1,-1
657,1107,1565.3596,461.91675,354.64038000000005,198.73822000000007,1,-1,-1,-1
658,1107,1519.6024,468.5452,400.39758000000006,193.66605000000004,1,-1,-1,-1
659,1107,1485.7029,476.30634,434.29711999999995,184.30078000000003,1,-1,-1,-1
660,1107,1437.2046,479.35864,482.7954,190.33453000000003,1,-1,-1,-1
661,1107,1394.5369,486.65805,507.80150000000003,189.43349999999998,1,-1,-1,-1
662,1107,1345.9281,489.38306,507.5489499999999,191.48523,1,-1,-1,-1
663,1107,1314.2667,490.1453,511.08167000000003,190.82816000000003,1,-1,-1,-1
664,1107,1264.3875,494.9465,520.9040499999999,190.52780000000007,1,-1,-1,-1
665,1107,1198.8845,497.33005,520.3599999999999,190.59805000000006,1,-1,-1,-1
666,1107,1152.402,500.90268,512.0774000000001,189.71616,1,-1,-1,-1
667,1107,1111.6598,504.1988,500.5368699999999,187.24774000000002,1,-1,-1,-1
668,1107,1049.9086,509.10062,515.2173,181.92422000000005,1,-1,-1,-1
669,1107,989.22925,510.2331,518.06604,178.36884000000003,1,-1,-1,-1
670,1107,937.8055,514.18097,507.20355000000006,174.15088000000003,1,-1,-1,-1
671,1107,899.95526,513.0324,502.8423500000001,175.22155999999995,1,-1,-1,-1
672,1107,846.769,513.47845,489.10175000000004,174.73291000000006,1,-1,-1,-1
673,1107,802.38306,512.4312,479.69335999999987,173.14099,1,-1,-1,-1
674,1107,762.8417,511.82462,461.0176999999999,168.54874000000007,1,-1,-1,-1
675,1107,737.38324,509.036,448.83417,167.64398,1,-1,-1,-1
676,1107,707.1012,501.3848,421.9196800000001,171.24124,1,-1,-1,-1
677,1107,681.7933,495.83484,395.47626000000014,171.14562999999998,1,-1,-1,-1
678,1107,657.7331,494.57242,360.31006,168.36118000000005,1,-1,-1,-1
679,1107,644.94525,488.26456,341.0199600000001,167.15231,1,-1,-1,-1
680,1107,630.38434,482.64954,316.56910000000005,166.93786999999998,1,-1,-1,-1
681,1107,611.9035,477.43015,297.2835,166.93917999999996,1,-1,-1,-1
682,1107,594.3614,472.45184,280.67815999999993,165.95166,1,-1,-1,-1
683,1107,597.5198,469.27515,258.7517700000001,163.67492999999996,1,-1,-1,-1
684,1107,584.717,465.2481,243.07196,157.51117,1,-1,-1,-1
685,1107,577.88586,462.9614,229.86621000000002,152.94723999999997,1,-1,-1,-1
686,1107,570.543,457.6706,219.41973999999993,154.14032000000003,1,-1,-1,-1
687,1107,568.05,453.97232,209.50030000000004,150.64877000000007,1,-1,-1,-1
688,1107,566.6148,452.2067,199.86694,144.65474999999998,1,-1,-1,-1
689,1107,563.6132,446.5212,193.94128,145.52553999999998,1,-1,-1,-1
690,1107,564.6619,445.1663,182.71746999999993,142.54030999999998,1,-1,-1,-1
691,1107,562.4011,441.5557,180.16338999999994,139.61685,1,-1,-1,-1
692,1107,562.59094,436.58453,174.1662,137.85222999999996,1,-1,-1,-1
693,1107,561.53503,433.59195,170.58953999999994,135.85000000000002,1,-1,-1,-1
694,1107,561.81757,429.85623,165.74243,133.37106000000006,1,-1,-1,-1
695,1107,560.87134,427.18503,166.68242999999995,130.70145000000002,1,-1,-1,-1
696,1107,560.68256,423.2744,164.34636999999998,128.77337999999997,1,-1,-1,-1
697,1107,562.7718,419.051,158.08185000000003,127.86129999999997,1,-1,-1,-1
698,1107,564.83075,416.6843,153.24529999999993,123.30385999999999,1,-1,-1,-1
699,1107,563.83734,415.2279,153.86523,122.52893000000006,1,-1,-1,-1
700,1107,562.36346,411.16318,151.74370999999996,121.64499,1,-1,-1,-1
701,1107,561.7101,406.20316,150.45983999999999,120.96096999999997,1,-1,-1,-1
702,1107,562.2012,403.09534,145.52625,118.17925999999994,1,-1,-1,-1
703,1107,561.53534,399.76355,146.38043000000005,117.48205599999994,1,-1,-1,-1
704,1107,562.4322,397.74612,143.02215999999999,114.46695,1,-1,-1,-1
705,1107,561.207,394.16727,141.49627999999996,112.72719999999998,1,-1,-1,-1
706,1107,562.5563,389.968,139.19226000000003,111.91289999999998,1,-1,-1,-1
707,1107,562.7652,386.55722,137.44634999999994,111.61142000000001,1,-1,-1,-1
708,1107,563.4112,385.4792,137.16962,108.51980600000002,1,-1,-1,-1
709,1107,564.6659,382.0719,134.92694000000006,107.27103,1,-1,-1,-1
710,1107,564.66583,378.154,134.63489000000004,105.85522500000002,1,-1,-1,-1
711,1107,566.3448,376.97076,132.57947000000001,105.43414000000001,1,-1,-1,-1
712,1107,566.952,373.7781,131.05377,104.48604999999998,1,-1,-1,-1
713,1107,568.0509,370.62903,129.33447,102.47378500000002,1,-1,-1,-1
714,1107,569.39233,368.30392,127.26208499999996,100.83420000000001,1,-1,-1,-1
715,1107,570.0246,366.72534,125.10497999999995,98.96737999999999,1,-1,-1,-1
716,1107,571.5917,362.83383,123.18573000000004,99.15222,1,-1,-1,-1
717,1107,573.1019,360.55396,120.57086000000004,96.13226000000003,1,-1,-1,-1
718,1107,574.0879,359.13962,120.35595999999998,95.10898000000003,1,-1,-1,-1
719,1107,575.4576,357.1384,117.7749,93.12302,1,-1,-1,-1
720,1107,575.155,353.98187,118.20489499999996,92.85574000000003,1,-1,-1,-1
721,1107,575.3664,351.6715,116.32104500000003,91.45184,1,-1,-1,-1
722,1107,576.41394,350.58395,114.16845999999998,90.30117999999999,1,-1,-1,-1
723,1107,576.62134,348.8333,113.26220999999998,88.43991,1,-1,-1,-1
724,1107,576.38586,347.0134,112.88922000000002,86.59457400000002,1,-1,-1,-1
725,1107,577.03656,344.54315,111.25902999999994,86.19085999999999,1,-1,-1,-1
726,1107,579.2588,343.264,108.17315999999994,84.50201400000003,1,-1,-1,-1
727,1107,579.98895,342.31424,107.11199999999997,84.74844000000002,1,-1,-1,-1
728,1107,580.021,339.16327,106.31763000000001,84.77499399999999,1,-1,-1,-1
729,1107,580.68115,337.63318,105.56811500000003,83.81979000000001,1,-1,-1,-1
730,1107,580.4284,334.90323,105.10699499999998,82.97857999999997,1,-1,-1,-1
731,1107,580.1815,333.15594,105.17627000000005,82.73743000000002,1,-1,-1,-1
732,1107,580.8342,331.86053,104.47802999999999,80.42270000000002,1,-1,-1,-1
733,1107,582.3731,331.11044,100.9339,79.11950999999999,1,-1,-1,-1
734,1107,582.1626,329.05447,100.77038600000003,77.56744399999997,1,-1,-1,-1
735,1107,582.53345,327.08127,100.12334999999996,77.39794999999998,1,-1,-1,-1
736,1107,583.2922,325.9836,99.30120999999997,76.20987000000002,1,-1,-1,-1
737,1107,583.46765,325.25647,98.25214000000005,74.56011999999998,1,-1,-1,-1
738,1107,584.0768,324.02176,96.25525000000005,73.60016000000002,1,-1,-1,-1
739,1107,584.1314,322.83057,94.875,73.605774,1,-1,-1,-1
740,1107,584.0077,321.19214,94.18828999999994,73.54845999999998,1,-1,-1,-1
741,1107,584.4018,319.90137,93.55920400000002,72.81219500000003,1,-1,-1,-1
742,1107,584.795,317.7363,93.038635,72.54269399999998,1,-1,-1,-1
743,1107,584.4309,317.04736,93.73492399999998,71.45035000000001,1,-1,-1,-1
744,1107,584.9254,315.2155,92.97797000000003,71.10910000000001,1,-1,-1,-1
745,1107,584.9224,313.91364,92.26946999999996,70.31380999999999,1,-1,-1,-1
746,1107,584.61914,312.30573,90.89850000000001,70.091095,1,-1,-1,-1
747,1107,585.58575,312.30402,87.92480499999999,69.78674000000001,1,-1,-1,-1
748,1107,585.95044,311.69696,87.14550999999994,68.69290000000001,1,-1,-1,-1
749,1107,586.7172,311.17065,86.20281999999997,67.21924000000001,1,-1,-1,-1
750,1107,586.9495,310.37305,85.62463000000002,66.09042,1,-1,-1,-1
751,1107,587.2783,309.62512,85.64435000000003,65.70623999999998,1,-1,-1,-1
752,1107,589.0793,307.88956,84.79742399999998,65.83553999999998,1,-1,-1,-1
753,1107,589.8057,306.47778,83.86865,65.74536,1,-1,-1,-1
754,1107,590.7311,305.3169,83.33819600000004,66.01256999999998,1,-1,-1,-1
755,1107,591.4511,304.63135,83.12549000000001,66.00531000000001,1,-1,-1,-1
756,1107,593.4785,303.74048,80.30615,65.26666,1,-1,-1,-1
757,1107,594.78064,302.26984,79.72893999999997,64.78339,1,-1,-1,-1
758,1107,593.61584,301.27744,80.78301999999996,64.137024,1,-1,-1,-1
759,1107,591.6786,299.53574,83.43469000000005,64.74216000000001,1,-1,-1,-1
760,1107,587.71747,299.19058,86.61279000000002,63.795623999999975,1,-1,-1,-1
761,1107,583.0216,297.41742,85.91161999999997,64.46936,1,-1,-1,-1
762,1107,577.77606,296.27985,87.95556999999997,64.64404000000002,1,-1,-1,-1
763,1107,572.4,296.3874,90.59136999999998,63.52710000000002,1,-1,-1,-1
764,1107,565.4616,295.48932,92.46502999999996,63.81024000000002,1,-1,-1,-1
765,1107,555.61914,293.9949,98.22656000000006,62.96963499999998,1,-1,-1,-1
766,1107,542.4165,293.0633,104.09191999999996,63.84964000000002,1,-1,-1,-1
767,1107,533.65076,292.12555,107.52715999999998,63.838165000000004,1,-1,-1,-1
768,1107,518.6076,292.08405,113.78521999999998,63.38668999999999,1,-1,-1,-1
769,1107,502.3236,291.0484,119.73369999999994,63.55475000000001,1,-1,-1,-1
770,1107,485.04816,289.05063,126.78704999999997,65.07598999999999,1,-1,-1,-1
771,1107,471.91574,287.9723,130.94626000000005,66.03412000000003,1,-1,-1,-1
772,1107,455.08658,288.482,136.83713,64.65722999999997,1,-1,-1,-1
773,1107,436.1426,289.14468,143.1019,63.67514,1,-1,-1,-1
774,1107,416.81476,289.84256,144.58782999999994,61.75030499999997,1,-1,-1,-1
775,1107,405.19748,288.02097,143.97963999999996,64.58413999999999,1,-1,-1,-1
776,1107,393.94156,289.6546,138.2391,62.03350999999998,1,-1,-1,-1
777,1107,367.20316,289.3216,147.71102999999994,61.02276599999999,1,-1,-1,-1
778,1107,359.38635,292.45123,139.23861999999997,58.23040800000001,1,-1,-1,-1
779,1107,364.03842,293.21695,127.51272599999999,57.309019999999975,1,-1,-1,-1
780,1107,332.95886,292.8561,142.01419000000004,56.44817999999998,1,-1,-1,-1
781,1107,316.4538,292.82684,141.5969,55.245180000000005,1,-1,-1,-1
782,1107,321.6674,294.4509,119.41669000000002,50.416472999999996,1,-1,-1,-1
783,1107,314.44016,294.55658,116.43893400000002,48.58544999999998,1,-1,-1,-1
784,1107,309.2512,292.20535,113.46832,53.11007699999999,1,-1,-1,-1
785,1107,306.2534,292.12994,97.82492000000002,53.128754000000015,1,-1,-1,-1
786,1107,307.47708,292.9133,85.64859000000001,52.91977000000003,1,-1,-1,-1
787,1107,309.06732,293.10864,81.81738000000001,50.52481,1,-1,-1,-1
788,1107,311.25012,294.25064,79.11893000000003,45.90051299999999,1,-1,-1,-1
789,1107,313.36438,290.86365,73.18926999999996,53.86096199999997,1,-1,-1,-1
790,1107,308.66214,293.6448,72.35107399999998,51.60739000000001,1,-1,-1,-1
791,1107,309.68484,292.46106,71.25371999999999,52.91128500000002,1,-1,-1,-1
792,1107,306.26038,291.31924,74.34627999999998,53.37176499999998,1,-1,-1,-1
804,1533,315.9492,272.6893,81.68295,63.454560000000015,1,-1,-1,-1
805,1533,304.38284,287.12616,77.45245,57.20358299999998,1,-1,-1,-1
806,1533,308.036,291.14386,72.482574,53.86303700000002,1,-1,-1,-1
807,1533,310.26843,291.6269,70.21062999999998,53.103972999999996,1,-1,-1,-1
808,1533,311.62784,293.1344,70.07790999999997,52.01654000000002,1,-1,-1,-1
809,1533,312.5452,292.22754,70.92327999999998,50.65987999999999,1,-1,-1,-1
810,1533,312.34085,293.38553,75.80349999999999,47.710144000000014,1,-1,-1,-1
811,1533,306.7214,292.83942,81.88443000000001,49.31091300000003,1,-1,-1,-1
812,1533,309.06876,291.0607,80.15566999999999,52.86795000000001,1,-1,-1,-1
813,1533,306.9174,292.70746,85.60161999999997,52.168182,1,-1,-1,-1
814,1533,299.84265,292.22495,100.59152,52.885497999999984,1,-1,-1,-1
815,1533,312.4466,292.39633,104.29755,48.55032299999999,1,-1,-1,-1
816,1533,315.141,293.33658,108.37662,47.79602,1,-1,-1,-1
817,1533,316.2173,292.99106,118.77611999999999,51.13040000000001,1,-1,-1,-1
818,1533,313.14767,293.72318,132.5292,54.05257999999998,1,-1,-1,-1
819,1533,334.8208,292.30414,122.11401000000001,54.14510999999999,1,-1,-1,-1
820,1533,359.27795,293.69177,105.87537000000003,52.05377199999998,1,-1,-1,-1
821,1533,358.79025,293.51413,119.34833000000003,55.286040000000014,1,-1,-1,-1
822,1533,376.30463,292.68533,113.13656600000002,56.08111600000001,1,-1,-1,-1
823,1533,381.50504,292.36264,114.32245,55.61200000000002,1,-1,-1,-1
824,1533,378.94897,291.39847,126.05878000000001,57.233307000000025,1,-1,-1,-1
825,1533,375.0081,290.18015,135.45328,58.594513000000006,1,-1,-1,-1
826,1533,384.60608,288.4222,132.80902000000003,60.47479199999998,1,-1,-1,-1
827,1533,393.93518,287.66837,126.02014000000003,61.83429000000001,1,-1,-1,-1
828,1533,398.2651,286.3005,127.42708999999996,63.478972999999996,1,-1,-1,-1
829,1533,406.54294,287.1911,125.02871999999996,62.811980000000005,1,-1,-1,-1
830,1533,411.9043,285.23123,124.48907500000001,64.80981400000002,1,-1,-1,-1
831,1533,416.66315,285.2814,123.01739499999996,64.35561999999999,1,-1,-1,-1
832,1533,421.7385,285.5612,121.65109000000001,63.173429999999996,1,-1,-1,-1
833,1533,423.8671,284.88156,121.88772599999999,63.92465199999998,1,-1,-1,-1
834,1533,426.23773,284.62387,122.55633500000005,64.0426,1,-1,-1,-1
835,1533,427.66452,285.26328,122.68636999999995,62.95562699999999,1,-1,-1,-1
836,1533,429.86874,284.79166,121.81705,63.47174000000001,1,-1,-1,-1
837,1533,430.68594,284.40146,121.62197999999995,64.23596000000003,1,-1,-1,-1
838,1533,431.39478,283.89746,121.05530000000005,64.91692999999998,1,-1,-1,-1
839,1533,431.52454,283.98456,120.87457000000006,64.76229999999998,1,-1,-1,-1
840,1533,431.3575,283.96204,120.79024999999996,64.77048000000002,1,-1,-1,-1
841,1533,431.59137,284.422,120.05706999999995,63.969177,1,-1,-1,-1
842,1533,431.02213,284.56046,119.74960000000004,63.88492000000002,1,-1,-1,-1
843,1533,429.47412,284.95593,119.88268999999997,63.473389999999995,1,-1,-1,-1
844,1533,427.3843,285.5051,118.96364999999997,62.762940000000015,1,-1,-1,-1
845,1533,426.14377,284.51605,116.70528999999999,64.06705,1,-1,-1,-1
846,1533,424.51834,285.632,114.77194000000003,63.27090500000003,1,-1,-1,-1
847,1533,423.74094,286.04477,112.42361500000004,62.92898600000001,1,-1,-1,-1
848,1533,423.68274,287.0182,106.73584,61.99395800000002,1,-1,-1,-1
849,1533,423.82516,287.79276,103.30417,61.794006000000024,1,-1,-1,-1
850,1533,423.1031,288.05392,100.005066,62.050231999999994,1,-1,-1,-1
851,1533,423.09793,288.70706,96.05051000000003,62.39267000000001,1,-1,-1,-1
852,1533,425.49707,288.74652,89.93695000000002,64.48520000000002,1,-1,-1,-1
853,1533,425.93616,289.59875,84.71566999999999,63.703033000000005,1,-1,-1,-1
854,1533,426.73718,290.39612,81.35290500000002,64.13364000000001,1,-1,-1,-1
855,1533,427.13385,290.97455,79.88097999999997,64.11508000000003,1,-1,-1,-1
856,1533,426.87274,292.53186,78.85564999999997,63.94311499999998,1,-1,-1,-1
857,1533,428.3516,294.54562,78.168365,63.92108000000002,1,-1,-1,-1
858,1533,428.7034,295.2763,80.44528000000003,64.36304000000001,1,-1,-1,-1
859,1533,429.60004,296.47165,81.04064999999997,64.02853399999998,1,-1,-1,-1
860,1533,432.6535,297.64493,80.62390000000005,64.48336999999998,1,-1,-1,-1
861,1533,434.0894,299.1139,81.42697000000004,65.25220000000002,1,-1,-1,-1
862,1533,435.76794,300.41504,82.49280000000005,65.47875999999997,1,-1,-1,-1
863,1533,436.33957,301.17807,82.90084999999999,65.4964,1,-1,-1,-1
864,1533,438.98322,302.4048,83.02545000000003,65.00732399999998,1,-1,-1,-1
865,1533,441.09995,303.3549,84.09921000000003,66.44272000000001,1,-1,-1,-1
866,1533,442.04996,304.12067,85.74575999999996,64.74536,1,-1,-1,-1
867,1533,445.38458,304.41348,84.02306999999996,65.66901000000001,1,-1,-1,-1
868,1533,447.00473,305.6277,85.49721999999997,66.46303999999998,1,-1,-1,-1
869,1533,448.44736,306.02362,85.09218999999996,67.544464,1,-1,-1,-1
870,1533,451.69467,307.90613,85.60818500000005,67.027466,1,-1,-1,-1
871,1533,450.64752,308.6107,87.29236000000003,66.85949999999997,1,-1,-1,-1
872,1533,450.29,310.18848,91.32962000000003,66.30829,1,-1,-1,-1
873,1533,454.5252,311.55862,88.61846999999995,65.85675000000003,1,-1,-1,-1
874,1533,455.38217,312.02444,91.55971999999997,67.17849999999999,1,-1,-1,-1
875,1533,460.74185,312.90912,88.32870500000001,67.76983999999999,1,-1,-1,-1
876,1533,462.65787,314.44858,88.74752999999998,68.12152000000003,1,-1,-1,-1
877,1533,464.22025,316.1379,90.65475499999997,68.34436,1,-1,-1,-1
878,1533,465.1106,317.0652,92.12780999999995,69.144135,1,-1,-1,-1
879,1533,466.41806,317.95258,92.74771000000004,69.76459,1,-1,-1,-1
880,1533,467.99088,318.2945,94.52591000000001,70.80908,1,-1,-1,-1
881,1533,470.17096,319.30728,96.26398,71.40475500000002,1,-1,-1,-1
882,1533,472.57407,320.95508,96.67684999999994,71.57593000000003,1,-1,-1,-1
883,1533,474.01874,321.903,97.55633499999999,71.83127000000002,1,-1,-1,-1
884,1533,475.32263,323.51282,98.78765999999996,72.31646999999998,1,-1,-1,-1
885,1533,476.96722,324.86453,99.76489000000004,73.14621,1,-1,-1,-1
886,1533,479.27512,326.17206,99.90799000000004,73.72519,1,-1,-1,-1
887,1533,481.1014,327.91437,99.63009999999997,73.24545,1,-1,-1,-1
888,1533,481.88727,329.47552,101.53808599999996,73.686554,1,-1,-1,-1
889,1533,483.94614,330.32703,102.70431499999995,74.95627000000002,1,-1,-1,-1
890,1533,485.56036,331.30408,104.61487000000005,75.65395999999998,1,-1,-1,-1
891,1533,487.02246,332.77936,104.58758499999999,75.75882000000001,1,-1,-1,-1
892,1533,489.21893,334.77893,105.44439999999997,75.48016000000001,1,-1,-1,-1
893,1533,491.17957,335.58163,105.74901999999997,77.25745,1,-1,-1,-1
894,1533,493.23654,336.55203,106.45638999999994,79.47710999999998,1,-1,-1,-1
895,1533,494.4577,337.7343,107.25207500000005,79.92879999999997,1,-1,-1,-1
896,1533,495.77618,340.03778,109.44591999999994,80.25054999999998,1,-1,-1,-1
897,1533,496.46753,341.93848,111.00409000000002,81.34246999999999,1,-1,-1,-1
898,1533,497.0,342.7481,113.10852,83.36337000000003,1,-1,-1,-1
899,1533,497.9282,343.6106,113.55856,84.36928999999998,1,-1,-1,-1
900,1533,499.27954,345.15393,113.18243400000006,85.26049999999998,1,-1,-1,-1
901,1533,500.4839,347.35907,115.25597999999997,85.86374,1,-1,-1,-1
902,1533,501.39703,349.1933,118.21416999999997,87.85995500000001,1,-1,-1,-1
903,1533,501.76044,350.50125,118.68115,88.78973400000001,1,-1,-1,-1
904,1533,502.6781,352.00485,118.59875499999998,89.9848,1,-1,-1,-1
905,1533,502.80734,354.2297,119.02774000000005,90.54003999999998,1,-1,-1,-1
906,1533,503.34042,356.22577,121.50374999999997,92.34210000000002,1,-1,-1,-1
907,1533,503.53287,356.8985,123.41189599999996,95.64220999999998,1,-1,-1,-1
908,1533,503.74533,360.14276,124.23123000000004,95.80218500000001,1,-1,-1,-1
909,1533,504.02386,362.22513,125.67096000000004,96.48458999999997,1,-1,-1,-1
910,1533,503.63828,363.6804,128.13889000000006,98.88690000000003,1,-1,-1,-1
911,1533,503.23575,365.63614,129.71286000000003,99.05545000000001,1,-1,-1,-1
912,1533,502.2116,367.30392,131.12225,100.625,1,-1,-1,-1
913,1533,502.17728,369.82312,130.74625000000003,102.01886000000002,1,-1,-1,-1
914,1533,501.8477,373.04123,131.98141000000004,103.30655000000002,1,-1,-1,-1
915,1533,500.73132,374.7402,134.32288000000005,104.46039000000002,1,-1,-1,-1
916,1533,499.8064,376.88562,135.38732999999996,105.602936,1,-1,-1,-1
917,1533,496.625,378.55795,139.06457999999998,108.9812,1,-1,-1,-1
918,1533,493.6094,382.4059,143.23959999999994,109.74606,1,-1,-1,-1
919,1533,491.13504,383.37814,144.13187000000005,110.92984000000001,1,-1,-1,-1
920,1533,489.07584,386.6361,143.71688999999998,113.22842400000002,1,-1,-1,-1
921,1533,484.56247,389.79187,146.59769,115.28903000000003,1,-1,-1,-1
922,1533,477.04578,392.94284,149.99786,117.77316000000002,1,-1,-1,-1
923,1533,471.8478,395.3335,150.61739999999998,118.16333000000003,1,-1,-1,-1
924,1533,462.88644,399.40372,156.29025000000001,118.499054,1,-1,-1,-1
925,1533,454.82455,402.35754,158.7167,120.17822000000001,1,-1,-1,-1
926,1533,444.10748,404.18018,162.15033000000005,124.28735,1,-1,-1,-1
927,1533,433.26846,406.84805,165.37400000000002,125.31716999999998,1,-1,-1,-1
928,1533,423.42697,412.5776,170.94472999999994,126.08499,1,-1,-1,-1
929,1533,409.36407,415.48752,172.27747000000005,127.22037,1,-1,-1,-1
930,1533,397.33243,419.5002,179.64138999999994,130.58182000000005,1,-1,-1,-1
931,1533,385.5855,421.77692,182.60424999999998,131.60222999999996,1,-1,-1,-1
932,1533,372.50494,423.8355,183.28606999999994,134.83008000000007,1,-1,-1,-1
933,1533,359.45837,424.59436,186.38330000000002,136.42541999999997,1,-1,-1,-1
934,1533,345.38934,432.01334,192.42987,140.31454000000002,1,-1,-1,-1
935,1533,338.57474,433.66266,191.10640999999998,141.69524999999993,1,-1,-1,-1
936,1533,320.21707,436.27365,200.49849999999998,142.30246,1,-1,-1,-1
937,1533,308.56253,440.36786,202.07245,145.63055000000003,1,-1,-1,-1
938,1533,298.05103,441.3518,201.54266,153.28905999999995,1,-1,-1,-1
939,1533,287.90424,448.01193,204.04953,153.14597000000003,1,-1,-1,-1
940,1533,276.21207,452.68204,206.75146,155.26858999999996,1,-1,-1,-1
941,1533,265.68903,457.07736,206.62372,155.64377000000002,1,-1,-1,-1
942,1533,252.08015,460.1445,211.82463,158.65865999999994,1,-1,-1,-1
942,1810,1048.5549,1017.96265,506.7267999999999,62.03735399999994,1,-1,-1,-1
943,1533,245.89061,464.9375,211.63179,158.52648999999997,1,-1,-1,-1
943,1810,975.40265,989.9903,529.5761,88.362976,1,-1,-1,-1
944,1533,236.33743,473.5388,213.51131999999998,154.70688,1,-1,-1,-1
944,1810,917.8702,957.2742,551.8280600000002,107.33838000000003,1,-1,-1,-1
945,1533,224.51907,476.89755,217.4635,156.36612000000002,1,-1,-1,-1
945,1810,912.7737,923.2779,523.6885,151.0326500000001,1,-1,-1,-1
946,1533,216.00192,479.57422,219.89316,160.58557000000002,1,-1,-1,-1
946,1810,880.5707,891.33026,525.4846,186.65643,1,-1,-1,-1
947,1533,208.11676,479.9268,219.09216000000004,166.19144,1,-1,-1,-1
947,1810,882.27014,865.21875,515.6335399999999,214.78125,1,-1,-1,-1
948,1533,202.74765,486.62766,216.83789,165.98037999999997,1,-1,-1,-1
948,1810,856.41547,839.6416,491.2075800000001,240.35839999999996,1,-1,-1,-1
949,1533,197.84973,489.39963,216.35559000000003,168.90829999999994,1,-1,-1,-1
949,1810,852.8729,815.13715,459.5668999999999,264.86285,1,-1,-1,-1
950,1533,189.15135,495.85037,218.03596000000002,168.46146,1,-1,-1,-1
950,1810,847.8054,790.2359,440.90845000000013,283.51030000000003,1,-1,-1,-1
951,1533,182.24492,498.31244,218.42238,171.74468999999993,1,-1,-1,-1
951,1810,843.2719,772.3163,422.3559,301.42493000000013,1,-1,-1,-1
952,1533,178.68646,500.15897,217.55524000000003,175.53915,1,-1,-1,-1
952,1810,849.14166,751.36914,402.8972799999999,312.72083,1,-1,-1,-1
953,1533,171.02223,502.17282,218.99204999999998,180.6871,1,-1,-1,-1
953,1810,853.0448,735.8206,379.8368999999999,302.94037000000003,1,-1,-1,-1
954,1533,162.7795,507.95535,223.06263999999996,182.19839999999994,1,-1,-1,-1
954,1810,863.1936,714.4974,362.48180000000013,295.03162,1,-1,-1,-1
955,1533,152.22388,509.7623,231.55304,184.19179999999994,1,-1,-1,-1
955,1810,870.18774,705.1962,355.02650000000006,287.48102000000006,1,-1,-1,-1
956,1533,123.641624,518.9082,255.83743000000004,180.59839,1,-1,-1,-1
956,1810,887.20557,690.952,361.28308000000004,276.44043,1,-1,-1,-1
957,1533,116.33672,520.0381,255.57876999999996,187.22839999999997,1,-1,-1,-1
957,1810,905.06824,677.78424,354.2308300000001,265.8482,1,-1,-1,-1
958,1533,112.76462,523.66406,253.05167,189.12720000000002,1,-1,-1,-1
958,1810,924.85455,665.6691,364.92499999999995,256.61199999999997,1,-1,-1,-1
959,1533,108.49348,529.1827,261.02655000000004,184.71636999999998,1,-1,-1,-1
959,1810,941.91986,654.44543,379.7699600000001,254.62401999999997,1,-1,-1,-1
960,1533,114.14577,530.45197,246.53618000000003,194.58159999999998,1,-1,-1,-1
960,1810,974.89197,641.5998,394.0064699999999,246.99816999999996,1,-1,-1,-1
961,1533,115.0279,534.2449,241.78159,194.95269999999994,1,-1,-1,-1
961,1810,1014.6521,634.53217,407.8106700000001,238.33092999999997,1,-1,-1,-1
962,1533,110.792,537.7895,241.2338,196.8822,1,-1,-1,-1
962,1810,1061.0994,625.86035,422.81177,229.93195000000003,1,-1,-1,-1
963,1533,100.99248,538.4549,248.12153999999998,199.60821999999996,1,-1,-1,-1
963,1810,1100.4762,622.269,433.63915999999995,221.97388,1,-1,-1,-1
964,1533,90.162964,541.15295,255.00421,201.20177999999999,1,-1,-1,-1
964,1810,1159.8845,610.1155,445.52954,219.95428000000004,1,-1,-1,-1
965,1533,87.21967,544.5638,257.25876,199.67504999999994,1,-1,-1,-1
965,1810,1223.7714,590.50934,458.9006300000001,221.84882000000005,1,-1,-1,-1
966,1533,91.379234,546.3282,248.73090000000002,205.23004000000003,1,-1,-1,-1
966,1810,1294.5101,576.9511,461.52135999999996,220.10608000000002,1,-1,-1,-1
967,1533,95.45464,548.71454,241.79648000000003,208.31915000000004,1,-1,-1,-1
967,1810,1351.3108,567.03094,463.73206000000005,216.03112999999996,1,-1,-1,-1
968,1533,101.80051,552.88574,231.66833,206.68413999999996,1,-1,-1,-1
968,1810,1428.2874,547.31384,476.56177,214.94672000000003,1,-1,-1,-1
969,1533,102.823654,554.91656,230.84425000000002,206.96551999999997,1,-1,-1,-1
969,1810,1515.726,533.99146,404.27405,209.73577999999998,1,-1,-1,-1
970,1533,103.160194,556.51086,229.52026,206.60802999999999,1,-1,-1,-1
970,1810,1603.7008,509.4812,316.2991999999999,217.68572999999998,1,-1,-1,-1
971,1533,98.95092,558.013,234.37914999999998,206.33032000000003,1,-1,-1,-1
971,1810,1667.5889,498.1309,252.41112999999996,214.45834000000002,1,-1,-1,-1
972,1533,98.730774,558.29395,233.66350999999997,207.83893,1,-1,-1,-1
972,1810,1759.0979,497.01395,160.90210000000002,189.23317999999995,1,-1,-1,-1
973,1533,95.207115,558.6113,236.93130000000002,207.92193999999995,1,-1,-1,-1
973,1810,1852.7982,532.7791,67.2017800000001,130.72095000000002,1,-1,-1,-1
974,1533,94.224724,558.84686,237.4187,208.18573000000004,1,-1,-1,-1
975,1533,96.76913,559.3654,234.45592999999997,207.79822000000001,1,-1,-1,-1
976,1533,97.5155,559.80475,233.20459000000002,207.38641000000007,1,-1,-1,-1
977,1533,97.22752,560.08875,235.83161999999996,207.08942000000002,1,-1,-1,-1
978,1533,97.49947,559.9546,235.69704999999996,207.22704999999996,1,-1,-1,-1
979,1533,97.56953,559.82544,235.79398000000003,207.31481999999994,1,-1,-1,-1
980,1533,97.0516,559.89215,236.23996,207.31830000000002,1,-1,-1,-1
981,1533,97.25369,559.682,236.00374999999997,207.39660000000003,1,-1,-1,-1
982,1533,96.14181,559.47644,237.17609,207.64160000000004,1,-1,-1,-1
983,1533,97.40343,559.5798,235.85965999999996,207.68706999999995,1,-1,-1,-1
984,1533,97.06813,559.8545,236.22752000000003,207.23302999999999,1,-1,-1,-1
985,1533,95.049324,559.85144,237.70166,207.65233999999998,1,-1,-1,-1
986,1533,97.22932,559.8646,235.51663,207.62604,1,-1,-1,-1
987,1533,97.33553,559.93463,235.52483999999998,207.49127,1,-1,-1,-1
988,1533,95.208885,559.7005,237.64038,207.68164000000002,1,-1,-1,-1
989,1533,96.87962,560.0373,236.09962000000002,207.25854000000004,1,-1,-1,-1
990,1533,96.40988,559.62415,236.43973,207.96283000000005,1,-1,-1,-1
991,1533,97.30503,559.6534,235.58542,208.03265,1,-1,-1,-1
992,1533,96.67105,559.5207,236.32306,208.27997000000005,1,-1,-1,-1
993,1533,98.494545,560.2657,234.538,207.20916999999997,1,-1,-1,-1
994,1533,100.0303,560.13403,232.99212999999997,207.20673,1,-1,-1,-1
995,1533,99.603714,560.0422,233.19264,207.12779999999998,1,-1,-1,-1
996,1533,99.72944,559.9737,232.95346,207.20532000000003,1,-1,-1,-1
997,1533,96.09609,559.89886,236.64966000000004,207.45678999999996,1,-1,-1,-1
998,1533,97.12036,559.9617,235.80054,207.37279999999998,1,-1,-1,-1
999,1533,97.11445,559.8529,235.79938,207.50811999999996,1,-1,-1,-1
1000,1533,95.49926,559.7641,237.39008,207.56128,1,-1,-1,-1
1001,1533,99.43707,559.72485,233.71033,207.82227,1,-1,-1,-1
1002,1533,98.314026,559.73444,234.83459999999997,207.73901,1,-1,-1,-1
1003,1533,98.125336,559.39154,234.89551,208.10015999999996,1,-1,-1,-1
1004,1533,99.1551,559.5671,233.70111000000003,207.75451999999996,1,-1,-1,-1
1005,1533,98.75021,559.65704,234.19296000000003,207.62427000000002,1,-1,-1,-1
1006,1533,98.404366,559.77704,234.68024000000003,207.5177,1,-1,-1,-1
1007,1533,99.52835,559.7082,233.65668,207.63788,1,-1,-1,-1
1008,1533,99.3111,559.55585,233.67194,207.74017000000003,1,-1,-1,-1
1009,1533,99.87355,559.5662,232.59917,207.45862,1,-1,-1,-1
1010,1533,98.328926,559.37634,234.19733,207.57696999999996,1,-1,-1,-1
1011,1533,99.13855,559.69586,233.37219999999996,207.28894000000003,1,-1,-1,-1
1012,1533,99.322655,559.59106,233.11962999999997,207.44237999999996,1,-1,-1,-1
1013,1533,99.25575,559.7639,233.28426,207.19238000000007,1,-1,-1,-1
1014,1533,99.041214,559.7633,233.52899999999997,207.21569999999997,1,-1,-1,-1
1015,1533,99.605415,559.71576,233.06357000000003,207.26409999999998,1,-1,-1,-1
1016,1533,98.370094,559.356,234.04749000000004,207.74254999999994,1,-1,-1,-1
1017,1533,99.10521,559.6878,233.46666,207.22095000000002,1,-1,-1,-1
1018,1533,99.27553,559.7205,233.39234999999996,207.51555999999994,1,-1,-1,-1
1019,1533,97.86444,559.2654,235.06165,208.01355,1,-1,-1,-1
1020,1533,95.49913,559.10254,237.85036000000002,208.28943000000004,1,-1,-1,-1
1021,1533,89.72877,558.11804,243.77078,209.40368999999998,1,-1,-1,-1
1022,1533,92.43674,558.4568,240.76172000000003,209.00603999999998,1,-1,-1,-1
1023,1533,92.90095,558.6102,240.19564999999997,208.91156,1,-1,-1,-1
1024,1533,92.52892,558.8728,240.75445999999997,208.53278,1,-1,-1,-1
1025,1533,91.942726,558.9732,240.78656,207.94208000000003,1,-1,-1,-1
1026,1533,93.79352,559.0894,238.87857000000002,207.73906999999997,1,-1,-1,-1
1027,1533,94.34678,559.1512,238.24994,207.64672999999993,1,-1,-1,-1
1028,1533,93.92209,559.241,238.60483000000002,207.47614,1,-1,-1,-1
1029,1533,95.72555,559.70074,237.07193,207.20087,1,-1,-1,-1
1030,1533,96.20615,559.9008,236.78925000000004,207.00951999999995,1,-1,-1,-1
1031,1533,95.51146,559.4344,237.19095999999996,207.33234000000004,1,-1,-1,-1
1032,1533,94.56834,559.3788,237.88864000000004,207.57512999999994,1,-1,-1,-1
1033,1533,98.67528,559.8443,234.06633,206.68317000000002,1,-1,-1,-1
1034,1533,98.80784,560.02704,234.00186000000002,206.55115,1,-1,-1,-1
1035,1533,100.788086,560.07336,232.24379999999996,206.60773000000006,1,-1,-1,-1
1036,1533,103.54239,560.2888,229.85748,206.59082,1,-1,-1,-1
1037,1533,102.84297,560.0091,230.75923,207.20087,1,-1,-1,-1
1038,1533,98.63095,559.57166,234.98322000000002,207.50464,1,-1,-1,-1
1039,1533,97.87669,559.47003,235.87944,207.45087,1,-1,-1,-1
1040,1533,100.25166,559.83563,233.38633999999996,206.73650999999995,1,-1,-1,-1
1041,1533,108.270226,559.8787,225.58249,207.14124000000004,1,-1,-1,-1
1042,1533,104.88212,559.71497,229.0321,207.01025000000004,1,-1,-1,-1
1043,1533,103.49635,559.746,230.13670000000002,206.92711999999995,1,-1,-1,-1
1044,1533,101.462814,559.6675,231.89803,207.17010000000005,1,-1,-1,-1
1045,1533,98.902855,559.7325,234.46692000000002,206.89062,1,-1,-1,-1
1046,1533,100.23032,560.01184,233.02444000000003,206.66925000000003,1,-1,-1,-1
1047,1533,100.930984,559.94446,232.23752999999996,206.76689999999996,1,-1,-1,-1
1048,1533,100.324326,559.8407,232.82018,206.92584,1,-1,-1,-1
1049,1533,99.139786,559.62067,233.55421,207.32323999999994,1,-1,-1,-1
1050,1533,98.825554,559.5414,233.86356,207.37799000000007,1,-1,-1,-1
1051,1533,98.982185,559.5661,233.8064,207.32007,1,-1,-1,-1
1052,1533,98.42635,559.4873,234.43799,207.41851999999994,1,-1,-1,-1
1053,1533,97.80495,559.31464,234.97407999999996,207.57659999999998,1,-1,-1,-1
1054,1533,97.92434,559.19293,234.95940999999996,207.82208000000003,1,-1,-1,-1
1055,1533,97.992004,559.298,235.01227,207.73077,1,-1,-1,-1
1056,1533,98.38567,559.46704,234.66210999999998,207.60693000000003,1,-1,-1,-1
1057,1533,100.18474,558.92694,232.39845,209.13659999999993,1,-1,-1,-1
1058,1533,100.35383,559.0221,232.29163,208.98090000000002,1,-1,-1,-1
1059,1533,99.534966,558.9582,233.05017000000004,209.03607,1,-1,-1,-1
1060,1533,100.181114,559.1146,232.55182000000002,208.91095000000007,1,-1,-1,-1
1061,1533,100.74968,559.47217,232.1418,208.72777999999994,1,-1,-1,-1
1062,1533,101.6551,559.57385,231.1719,208.58794999999998,1,-1,-1,-1
1063,1533,101.29177,559.36346,231.32071000000002,208.65277000000003,1,-1,-1,-1
1064,1533,102.08966,559.6559,230.45422000000002,208.31500000000005,1,-1,-1,-1
1065,1533,101.606705,559.10657,231.58253,208.10326999999995,1,-1,-1,-1
1066,1533,101.317375,559.1308,231.93027000000004,208.15729,1,-1,-1,-1
1067,1533,100.81592,559.0273,232.35253999999998,208.21300999999994,1,-1,-1,-1
1068,1533,100.82512,559.1071,232.35981999999998,208.17211999999995,1,-1,-1,-1
1069,1533,100.16769,558.7341,233.1341,208.41503999999998,1,-1,-1,-1
1070,1533,99.75088,558.84094,233.53069999999997,208.30957,1,-1,-1,-1
1071,1533,99.475296,558.86304,233.79118,208.24103000000002,1,-1,-1,-1
1072,1533,99.7939,558.8849,233.47276,208.19103999999993,1,-1,-1,-1
1073,1533,98.35049,559.0699,234.03674,207.97028,1,-1,-1,-1
1074,1533,98.26587,559.0547,234.14835,207.96691999999996,1,-1,-1,-1
1075,1533,98.745544,559.0547,233.80984,207.97217,1,-1,-1,-1
1076,1533,99.45448,559.1234,233.14723000000004,208.02411000000006,1,-1,-1,-1
1077,1533,99.19688,559.32605,233.25747999999996,207.84045000000003,1,-1,-1,-1
1078,1533,100.31972,559.1298,232.11750999999998,208.1477,1,-1,-1,-1
1079,1533,97.31079,558.87213,235.22147,208.32410000000004,1,-1,-1,-1
1080,1533,95.87123,558.99554,236.68864,208.30219,1,-1,-1,-1
1081,1533,94.46783,558.1365,238.53485,209.19817999999998,1,-1,-1,-1
1082,1533,91.80091,558.05023,240.93579,209.38263000000006,1,-1,-1,-1
1083,1533,99.94167,558.4762,232.8913,209.00104,1,-1,-1,-1
1084,1533,98.68348,558.428,233.9444,209.09375,1,-1,-1,-1
1085,1533,93.84034,558.142,238.78015000000002,208.99670000000003,1,-1,-1,-1
1086,1533,95.67217,558.45325,236.96206999999998,208.72504000000004,1,-1,-1,-1
1087,1533,99.46598,558.7766,233.50592,208.52765,1,-1,-1,-1
1088,1533,99.70563,558.5817,233.34494,208.60766999999998,1,-1,-1,-1
1089,1533,100.58472,558.34735,232.52945,208.32910000000004,1,-1,-1,-1
1090,1533,98.679184,558.2673,234.40729999999996,208.49121000000002,1,-1,-1,-1
1091,1533,99.246956,558.4972,233.83875,208.33307000000002,1,-1,-1,-1
1092,1533,98.35101,558.4964,234.79517,208.43737999999996,1,-1,-1,-1
1093,1533,98.80494,558.7063,234.13446,208.57758,1,-1,-1,-1
1094,1533,99.574585,558.8197,233.50662,208.48438,1,-1,-1,-1
1095,1533,99.03805,558.91345,234.43362000000002,208.84387000000004,1,-1,-1,-1
1096,1533,97.70224,559.2416,235.08812999999998,208.65355999999997,1,-1,-1,-1
1097,1533,102.01811,559.32227,232.12431000000004,209.18524000000002,1,-1,-1,-1
1098,1533,102.52552,559.7918,232.40674000000004,209.07397000000003,1,-1,-1,-1
1099,1533,102.300545,561.2185,232.46912000000003,207.67962999999997,1,-1,-1,-1
1100,1533,99.73547,563.2307,236.52209999999997,206.23546999999996,1,-1,-1,-1
1101,1533,97.572624,561.3069,248.88034,214.93000000000006,1,-1,-1,-1
1102,1533,102.30582,563.73944,254.26404000000002,210.81744000000003,1,-1,-1,-1
1103,1533,107.49655,564.6781,264.17847,214.91539999999998,1,-1,-1,-1
1104,1533,117.3687,563.52734,274.36945,217.81646999999998,1,-1,-1,-1
1105,1533,138.89705,564.86914,282.26288,218.24811,1,-1,-1,-1
1106,1533,145.64893,569.2301,308.472,218.66607999999997,1,-1,-1,-1
1107,1533,150.88269,571.1996,338.8403599999999,219.52112,1,-1,-1,-1
1108,1533,183.98892,571.2724,351.82455000000004,223.79791,1,-1,-1,-1
1109,1533,196.36504,569.79755,403.6249399999999,229.39824999999996,1,-1,-1,-1
1110,1533,206.00569,567.44464,453.92584,233.97497999999996,1,-1,-1,-1
1111,1533,234.02466,568.9876,477.48114,233.67345999999998,1,-1,-1,-1
1112,1533,249.44032,572.5461,530.5236,229.58167000000003,1,-1,-1,-1
1113,1533,279.91956,574.52606,575.0473,227.79926,1,-1,-1,-1
1114,1533,341.81488,574.1541,600.01764,235.27904999999998,1,-1,-1,-1
1115,1533,388.4821,574.0448,615.8866,238.29706,1,-1,-1,-1
1116,1533,460.46304,575.49725,625.5576,237.47015,1,-1,-1,-1
1117,1533,542.00653,575.3679,631.9132700000001,238.47284000000002,1,-1,-1,-1
1118,1533,636.8214,586.0326,631.2046,229.40630999999996,1,-1,-1,-1
1119,1533,707.7412,586.8556,634.1057,225.24048000000005,1,-1,-1,-1
1120,1533,806.1437,587.218,626.4618999999999,226.84467000000006,1,-1,-1,-1
1121,1533,899.6442,583.1875,630.8682000000001,226.33916999999997,1,-1,-1,-1
1122,1533,995.96625,583.84045,625.8564000000001,225.99261,1,-1,-1,-1
1123,1533,1083.3584,581.16077,615.0801999999999,228.01422000000002,1,-1,-1,-1
1124,1533,1180.5121,575.0182,604.1354000000001,232.08154000000002,1,-1,-1,-1
1125,1533,1281.1609,570.1631,576.75415,224.05768,1,-1,-1,-1
1126,1533,1394.2325,552.18726,525.76746,222.24212999999997,1,-1,-1,-1
1127,1533,1457.9608,542.8787,462.03918,217.17010000000005,1,-1,-1,-1
1128,1533,1559.2606,529.6709,360.73938,216.91113000000007,1,-1,-1,-1
1129,1533,1659.1749,524.5815,260.82506999999987,211.37170000000003,1,-1,-1,-1
1130,1533,1756.4569,515.78766,163.5430899999999,194.47735999999998,1,-1,-1,-1
1131,1533,1828.4244,521.04926,91.57556,178.13531,1,-1,-1,-1
1389,2619,564.7499,18.51778,50.954223999999954,31.095325,1,-1,-1,-1
1390,2619,571.791,20.470348,45.50049000000001,29.706139,1,-1,-1,-1
1391,2619,573.2829,20.705673,44.26067999999998,30.159359,1,-1,-1,-1
1392,2619,568.7121,20.710564,49.43859999999995,31.457286999999997,1,-1,-1,-1
1393,2619,561.84216,20.278742,53.24255400000004,32.147163,1,-1,-1,-1
1394,2619,564.6924,20.66564,51.329834000000005,32.64353,1,-1,-1,-1
1395,2619,563.35486,20.334858,53.13232400000004,33.53217000000001,1,-1,-1,-1
1396,2619,567.2168,21.803879,51.09258999999997,32.828680000000006,1,-1,-1,-1
1397,2619,567.48663,22.314886,51.06597999999997,33.209938,1,-1,-1,-1
1398,2619,564.4435,23.839388,54.43707299999994,32.477768,1,-1,-1,-1
1399,2619,566.3224,24.459555,52.750793000000044,32.46972,1,-1,-1,-1
1400,2619,568.91003,25.12613,49.09502999999995,32.159424,1,-1,-1,-1
1401,2619,567.2168,26.420786,51.11065700000006,32.497887,1,-1,-1,-1
1402,2619,569.0877,27.417551,50.453430000000026,33.48073599999999,1,-1,-1,-1
1403,2619,571.51996,28.26328,48.56408699999997,33.15818,1,-1,-1,-1
1404,2619,574.0273,30.559532,44.905944999999974,31.828197,1,-1,-1,-1
1405,2619,566.73615,30.465677,53.88684000000001,33.542632999999995,1,-1,-1,-1
1406,2619,564.1296,30.578495,56.48632999999995,33.957424,1,-1,-1,-1
1407,2619,563.0882,31.225689,58.38482699999997,33.883663,1,-1,-1,-1
1408,2619,559.98505,32.904987,62.07892000000004,32.976893999999994,1,-1,-1,-1
1409,2619,552.2307,33.10624,69.56066999999996,34.130325,1,-1,-1,-1
1410,2619,560.0839,34.235447,62.69152999999994,33.826283,1,-1,-1,-1
1411,2619,572.9062,35.518295,54.37347399999999,33.056587,1,-1,-1,-1
1412,2619,570.81433,36.566555,55.70165999999995,33.374255999999995,1,-1,-1,-1
1413,2619,575.95654,37.529297,50.03003000000001,32.673041999999995,1,-1,-1,-1
1414,2619,578.7186,38.964287,48.485412999999994,32.307266,1,-1,-1,-1
1415,2619,576.6158,40.501125,52.05413999999996,32.367335999999995,1,-1,-1,-1
1416,2619,576.83044,40.890694,49.48028599999998,32.62362000000001,1,-1,-1,-1
1417,2619,576.9435,41.61068,51.38531499999999,33.200676,1,-1,-1,-1
1418,2619,578.24835,43.0883,49.86901999999998,33.31046,1,-1,-1,-1
1419,2619,581.1578,43.247845,47.49292000000003,33.56031399999999,1,-1,-1,-1
1420,2619,581.2239,45.432957,47.73846400000002,32.72488,1,-1,-1,-1
1421,2619,575.9821,46.482414,57.826233,33.61499799999999,1,-1,-1,-1
1422,2619,581.9381,47.337803,52.28356999999994,33.29784,1,-1,-1,-1
1423,2619,580.61914,47.16619,50.53802499999995,34.95519999999999,1,-1,-1,-1
1424,2619,580.1818,48.053936,50.313477000000034,35.292133,1,-1,-1,-1
1425,2619,577.2376,49.548077,52.635986,35.279125,1,-1,-1,-1
1426,2619,575.95087,51.038445,54.32122800000002,35.4993,1,-1,-1,-1
1427,2619,579.45544,52.22834,55.73290999999995,35.659760000000006,1,-1,-1,-1
1428,2619,575.84247,53.181175,55.15881300000001,36.61486,1,-1,-1,-1
1429,2619,570.66644,54.383385,60.42468299999996,37.686446999999994,1,-1,-1,-1
1430,2619,568.3746,55.977036,63.066283999999996,37.84077500000001,1,-1,-1,-1
1431,2619,573.6557,56.56289,58.81908999999996,38.018319999999996,1,-1,-1,-1
1432,2619,572.7677,57.004353,62.25158699999997,39.27168000000001,1,-1,-1,-1
1433,2619,580.05133,58.372913,51.99523999999997,37.357119999999995,1,-1,-1,-1
1434,2619,581.0177,59.498474,52.383789999999976,37.71401999999999,1,-1,-1,-1
1435,2619,582.5514,60.746788,48.71112000000005,36.94945500000001,1,-1,-1,-1
1436,2619,582.55804,63.24403,50.16870000000006,35.239956,1,-1,-1,-1
1437,2619,580.0776,64.36232,52.89910999999995,35.32119,1,-1,-1,-1
1438,2619,582.12354,65.44822,51.856934000000024,35.00174700000001,1,-1,-1,-1
1439,2619,583.0922,66.41909,51.054809999999975,34.751580000000004,1,-1,-1,-1
1440,2619,583.5715,67.11289,53.065673999999944,36.506508,1,-1,-1,-1
1441,2619,581.6957,68.06418,54.772216999999955,37.456017,1,-1,-1,-1
1442,2619,579.57965,69.12678,55.70276000000001,37.60020399999999,1,-1,-1,-1
1443,2619,578.5194,69.33325,57.387084999999956,38.118088,1,-1,-1,-1
1444,2619,580.9452,71.25621,52.35479699999996,37.11187700000001,1,-1,-1,-1
1445,2619,580.0968,72.76587,52.90960700000005,37.172011999999995,1,-1,-1,-1
1446,2619,577.75165,74.81654,58.34955000000002,37.22543999999999,1,-1,-1,-1
1447,2619,584.132,75.86905,48.7713,36.83049799999999,1,-1,-1,-1
1448,2619,583.9952,75.805145,49.30084199999999,38.39479999999999,1,-1,-1,-1
1449,2619,584.95636,78.80907,52.31133999999997,37.493700000000004,1,-1,-1,-1
1450,2619,582.2128,80.31812,53.201233,37.56962,1,-1,-1,-1
1451,2619,583.79626,80.21504,49.5625,38.68646199999999,1,-1,-1,-1
1452,2619,583.8475,82.10028,52.17553699999996,37.48883000000001,1,-1,-1,-1
1453,2619,582.8875,83.46289,52.65301499999998,37.20987000000001,1,-1,-1,-1
1454,2619,582.5559,84.923454,51.875,37.629074,1,-1,-1,-1
1455,2619,583.0395,86.49014,50.95581000000004,37.359055,1,-1,-1,-1
1456,2619,582.2454,86.64258,51.86554000000001,38.12988299999999,1,-1,-1,-1
1457,2619,582.1531,88.10633,51.44568000000004,40.195183,1,-1,-1,-1
1458,2619,582.6698,91.04336,53.13165300000003,39.401268000000016,1,-1,-1,-1
1459,2619,582.5908,90.904335,53.21045000000004,40.39951300000001,1,-1,-1,-1
1460,2619,582.57776,93.90298,53.584716999999955,39.53023499999999,1,-1,-1,-1
1461,2619,581.32745,95.608315,54.55529799999999,39.09751,1,-1,-1,-1
1462,2619,580.6144,97.04197,55.037169999999946,39.256540000000015,1,-1,-1,-1
1463,2619,581.4594,98.345955,54.144469999999956,38.90302299999999,1,-1,-1,-1
1464,2619,580.1844,99.993805,56.161986999999954,40.74105999999999,1,-1,-1,-1
1465,2619,580.3106,101.394394,54.78381300000001,41.13109,1,-1,-1,-1
1466,2619,580.2604,102.46049,56.040039999999976,42.03916000000001,1,-1,-1,-1
1467,2619,579.845,103.976494,57.111267,42.25797299999999,1,-1,-1,-1
1468,2619,578.85297,105.8447,57.63855000000001,42.18029,1,-1,-1,-1
1469,2619,578.74414,108.24651,56.526977999999986,42.94740999999999,1,-1,-1,-1
1470,2619,578.98376,110.11845,56.12378000000001,43.154167,1,-1,-1,-1
1471,2619,578.38403,111.113686,57.604736,43.65090000000001,1,-1,-1,-1
1472,2619,578.955,114.20842,58.119812000000024,42.862488,1,-1,-1,-1
1473,2619,577.936,115.366455,57.21936000000005,43.691100000000006,1,-1,-1,-1
1474,2619,577.4331,117.596214,58.34991500000001,44.13791699999999,1,-1,-1,-1
1475,2619,577.34155,119.14013,58.08477800000003,43.889915,1,-1,-1,-1
1476,2619,577.2042,121.966156,57.07836999999995,43.43214400000001,1,-1,-1,-1
1477,2619,576.2214,122.74215,57.42437700000005,44.5989,1,-1,-1,-1
1478,2619,575.6754,125.04046,57.710144000000014,44.46388999999999,1,-1,-1,-1
1479,2619,575.0438,125.94217,58.26129000000003,45.38777000000002,1,-1,-1,-1
1480,2619,573.4321,127.40557,60.80554200000006,47.17978699999999,1,-1,-1,-1
1481,2619,573.81793,131.26543,59.70514000000003,45.29797400000001,1,-1,-1,-1
1482,2619,573.8333,133.98773,60.90649399999995,45.296249999999986,1,-1,-1,-1
1483,2619,573.8504,135.74977,60.77648999999997,44.871871999999996,1,-1,-1,-1
1484,2619,572.624,137.24956,61.20788600000003,45.09918200000001,1,-1,-1,-1
1485,2619,571.772,138.6259,62.44067400000006,46.527953999999994,1,-1,-1,-1
1486,2619,571.2221,141.21071,62.00280799999996,46.04608000000002,1,-1,-1,-1
1487,2619,570.5907,143.32814,62.988647000000014,46.70770300000001,1,-1,-1,-1
1488,2619,569.6408,144.97902,62.51702999999998,46.86655999999999,1,-1,-1,-1
1489,2619,569.11646,147.97691,62.476135,47.508713,1,-1,-1,-1
1490,2619,568.1013,149.60358,62.63867000000005,49.272903000000014,1,-1,-1,-1
1491,2619,568.15436,152.63148,63.36096199999997,49.341796999999985,1,-1,-1,-1
1492,2619,567.19556,155.00233,64.58678999999995,50.12434400000001,1,-1,-1,-1
1493,2619,566.27875,157.42088,65.13225999999997,51.208619999999996,1,-1,-1,-1
1494,2619,564.90106,160.54039,65.28845000000001,50.69866999999999,1,-1,-1,-1
1495,2619,564.3754,162.53603,64.84442000000001,49.63807700000001,1,-1,-1,-1
1496,2619,562.7786,165.88576,66.41052000000002,50.17021,1,-1,-1,-1
1497,2619,562.82764,168.9307,66.03345000000002,50.29458600000001,1,-1,-1,-1
1498,2619,562.34485,171.05373,67.23168999999996,52.425903000000005,1,-1,-1,-1
1499,2619,562.0091,174.61436,67.72375499999998,51.18575999999999,1,-1,-1,-1
1500,2619,559.9629,176.78659,70.67602499999998,53.053560000000004,1,-1,-1,-1
1501,2619,560.19586,180.68575,70.08868400000006,53.087265,1,-1,-1,-1
1502,2619,558.5743,183.25667,69.72577000000001,52.843230000000005,1,-1,-1,-1
1503,2619,557.6174,186.58345,69.30535999999995,52.18985000000001,1,-1,-1,-1
1504,2619,556.99774,188.6191,71.06952000000001,54.547638000000006,1,-1,-1,-1
1505,2619,557.3321,192.59148,70.78747599999997,53.91063,1,-1,-1,-1
1506,2619,556.8324,196.1697,70.82556,53.529555999999985,1,-1,-1,-1
1507,2619,556.1128,198.5784,72.57257000000004,54.99961999999999,1,-1,-1,-1
1508,2619,557.0482,202.09468,72.93896500000005,55.23148999999998,1,-1,-1,-1
1509,2619,556.70795,204.86595,71.23743000000002,55.362810000000025,1,-1,-1,-1
1510,2619,556.2081,208.55994,70.98688000000004,54.930969999999974,1,-1,-1,-1
1511,2619,556.33185,211.2883,70.54614000000004,56.353972999999996,1,-1,-1,-1
1512,2619,556.2346,214.10878,71.62572999999998,57.581894000000005,1,-1,-1,-1
1513,2619,556.7569,217.71289,71.86950999999999,56.82485999999997,1,-1,-1,-1
1514,2619,557.09265,220.7613,71.93848000000003,58.44111600000002,1,-1,-1,-1
1515,2619,557.61,223.03354,75.11139000000003,59.27169799999999,1,-1,-1,-1
1516,2619,558.3837,226.87923,72.48193000000003,57.764786000000015,1,-1,-1,-1
1517,2619,557.098,231.16154,72.70934999999997,57.49034,1,-1,-1,-1
1518,2619,557.1377,233.68723,74.44189500000005,59.490448000000015,1,-1,-1,-1
1519,2619,557.38965,235.07704,77.35675000000003,61.665572999999995,1,-1,-1,-1
1520,2619,557.6047,238.41472,78.293274,61.937607000000014,1,-1,-1,-1
1521,2619,557.16425,241.83168,77.58703600000001,61.59458999999998,1,-1,-1,-1
1522,2619,556.40546,244.91772,77.94153000000006,61.478027000000026,1,-1,-1,-1
1523,2619,553.6507,245.90855,82.70068000000003,62.48549000000003,1,-1,-1,-1
1524,2619,557.06805,249.04431,77.55694600000004,62.64132699999999,1,-1,-1,-1
1525,2619,557.4888,252.4525,79.02978500000006,64.36124999999998,1,-1,-1,-1
1526,2619,556.20984,255.0392,78.72900400000003,64.53184500000003,1,-1,-1,-1
1527,2619,555.6174,257.54184,81.31384000000003,65.522064,1,-1,-1,-1
1528,2619,554.7094,261.08005,82.03168000000005,65.11261000000002,1,-1,-1,-1
1529,2619,554.29517,263.3162,82.34387000000004,65.44283999999999,1,-1,-1,-1
1530,2619,553.0599,266.80972,80.44189500000005,65.25659000000002,1,-1,-1,-1
1531,2619,552.1904,269.4481,80.06317000000001,64.63909999999998,1,-1,-1,-1
1532,2619,550.65753,271.9959,80.70398,65.25220000000002,1,-1,-1,-1
1533,2619,549.2017,274.83127,83.12127999999996,65.57559000000003,1,-1,-1,-1
1534,2619,548.6353,276.94806,82.82135000000005,65.87701399999997,1,-1,-1,-1
1535,2619,546.6847,278.55222,84.29607999999996,68.49984999999998,1,-1,-1,-1
1536,2619,545.0056,281.0299,86.74707000000001,68.33911,1,-1,-1,-1
1537,2619,544.124,283.72217,87.35186999999996,68.78399999999999,1,-1,-1,-1
1538,2619,542.64594,286.20163,89.53479000000004,69.13225999999997,1,-1,-1,-1
1539,2619,541.7486,288.12762,90.48950000000002,70.02022999999997,1,-1,-1,-1
1540,2619,540.28204,290.00165,92.09253000000001,70.94,1,-1,-1,-1
1541,2619,540.0385,291.8969,91.00305000000003,71.92388999999997,1,-1,-1,-1
1542,2619,539.65393,293.24387,91.39654500000006,72.95047,1,-1,-1,-1
1543,2619,537.917,295.10797,93.82532000000003,73.31673999999998,1,-1,-1,-1
1544,2619,536.53735,297.69714,94.38598999999999,73.40832499999999,1,-1,-1,-1
1545,2619,534.4496,300.3074,96.23785399999997,74.06198,1,-1,-1,-1
1546,2619,533.60767,300.79828,97.48113999999998,75.74878000000001,1,-1,-1,-1
1547,2619,533.8576,301.7008,98.15990999999997,76.405304,1,-1,-1,-1
1548,2619,531.85583,302.31738,100.73706000000004,78.871826,1,-1,-1,-1
1549,2619,530.886,303.84555,100.63220000000001,78.87774999999999,1,-1,-1,-1
1550,2619,529.6863,306.31024,101.48962400000005,79.28705000000002,1,-1,-1,-1
1551,2619,529.18427,308.1076,101.90002400000003,79.68588,1,-1,-1,-1
1552,2619,528.0182,309.65567,103.50214000000005,80.74194,1,-1,-1,-1
1553,2619,527.6911,311.1566,104.05535999999995,82.451324,1,-1,-1,-1
1554,2619,526.51215,313.65958,104.23955999999998,83.30398600000001,1,-1,-1,-1
1555,2619,525.3772,314.84418,106.92169000000001,84.99599999999998,1,-1,-1,-1
1556,2619,524.03076,316.26205,109.42895499999997,86.93173000000002,1,-1,-1,-1
1557,2619,523.63666,318.31454,109.34826999999996,87.50983000000002,1,-1,-1,-1
1558,2619,521.60144,320.32654,112.68353000000002,88.69970999999998,1,-1,-1,-1
1559,2619,522.1641,322.63257,112.09839,89.67797999999999,1,-1,-1,-1
1560,2619,521.04895,324.26492,114.45410000000004,91.67678999999998,1,-1,-1,-1
1561,2619,520.0695,325.68967,116.62286000000006,93.94277999999997,1,-1,-1,-1
1562,2619,519.1762,327.39026,118.848206,95.54940999999997,1,-1,-1,-1
1563,2619,518.0381,329.65387,119.70135500000004,95.65670999999998,1,-1,-1,-1
1564,2619,517.4851,331.3032,120.11450000000002,98.70760999999999,1,-1,-1,-1
1565,2619,516.2416,333.57086,121.48376500000006,98.99709999999999,1,-1,-1,-1
1566,2619,514.1885,335.76886,125.33044399999994,100.78793000000002,1,-1,-1,-1
1567,2619,512.2313,337.25055,127.49292000000003,101.612976,1,-1,-1,-1
1568,2619,512.40344,339.63895,128.09973000000002,103.27685500000001,1,-1,-1,-1
1569,2619,508.13812,341.66895,133.04955999999999,106.88842999999997,1,-1,-1,-1
1570,2619,505.9854,344.2052,134.16534000000001,109.26965000000001,1,-1,-1,-1
1571,2619,505.35028,345.86,133.67395,109.59231599999998,1,-1,-1,-1
1572,2619,502.32654,348.48947,138.03204000000005,114.00674400000003,1,-1,-1,-1
1573,2619,500.88922,351.93323,138.88775999999996,114.15634,1,-1,-1,-1
1574,2619,497.2048,355.52573,143.35635000000002,116.63193000000001,1,-1,-1,-1
1575,2619,494.7204,356.40967,146.19677999999993,119.63848999999999,1,-1,-1,-1
1576,2619,492.8695,359.07062,146.93957999999998,120.47528,1,-1,-1,-1
1577,2619,490.23853,361.80704,148.71832,124.72076399999997,1,-1,-1,-1
1578,2619,488.79248,364.10477,149.47796999999997,126.86502000000002,1,-1,-1,-1
1579,2619,486.6722,367.61444,153.32223999999997,127.66287,1,-1,-1,-1
1580,2619,483.26807,370.06662,154.74688999999995,131.79726999999997,1,-1,-1,-1
1581,2619,481.43918,374.6106,159.11404,134.93313999999998,1,-1,-1,-1
1582,2619,479.52026,378.5312,159.77923999999996,137.72784000000001,1,-1,-1,-1
1583,2619,476.60098,381.33694,161.29184000000004,139.49880999999993,1,-1,-1,-1
1584,2619,474.49228,385.29868,164.68832000000003,140.22573999999997,1,-1,-1,-1
1585,2619,468.11105,389.9455,169.86014,142.30127,1,-1,-1,-1
1586,2619,465.36148,392.64062,173.32376000000005,143.12476000000004,1,-1,-1,-1
1587,2619,464.7766,394.58673,174.09290000000004,144.4148,1,-1,-1,-1
1588,2619,463.01764,398.17426,173.3634,146.70196999999996,1,-1,-1,-1
1589,2619,460.9175,405.35385,175.01217999999994,144.43252999999999,1,-1,-1,-1
1590,2619,453.94995,406.68158,185.44012000000004,158.10309,1,-1,-1,-1
1591,2619,451.9865,408.58847,186.70190000000002,157.85623000000004,1,-1,-1,-1
1592,2619,448.7972,412.49023,192.95663000000002,163.78741000000002,1,-1,-1,-1
1593,2619,446.59787,417.017,195.30899000000005,163.62453999999997,1,-1,-1,-1
1594,2619,443.0945,420.67355,199.51010000000002,166.0145,1,-1,-1,-1
1595,2619,442.58527,422.12476,203.23541000000006,167.08837999999997,1,-1,-1,-1
1596,2619,440.55322,426.92926,206.96497,173.91234999999995,1,-1,-1,-1
1597,2619,440.99503,430.15982,213.11849999999998,177.92545,1,-1,-1,-1
1598,2619,441.1474,433.0304,218.43732000000006,179.26062000000002,1,-1,-1,-1
1599,2619,443.68524,435.5754,222.98131999999998,180.67868000000004,1,-1,-1,-1
1600,2619,448.32196,439.7088,231.30835000000002,185.53185999999994,1,-1,-1,-1
1601,2619,449.2371,442.0205,244.68117999999998,186.60681000000005,1,-1,-1,-1
1602,2619,458.59232,444.88925,253.30893000000003,190.51614,1,-1,-1,-1
1603,2619,464.15225,447.57785,264.249,192.97591999999997,1,-1,-1,-1
1604,2619,474.92136,450.01627,277.8005,198.14425999999997,1,-1,-1,-1
1605,2619,489.07892,453.3715,299.3407,198.31942999999995,1,-1,-1,-1
1606,2619,505.79706,453.08875,315.68690000000004,203.54644999999994,1,-1,-1,-1
1607,2619,520.41736,457.89145,327.19232,201.38950000000006,1,-1,-1,-1
1608,2619,540.82794,458.36273,359.20385999999996,209.09546000000006,1,-1,-1,-1
1609,2619,569.47095,465.20065,384.65594,210.66098,1,-1,-1,-1
1610,2619,599.7809,471.35196,423.57452,212.16372999999993,1,-1,-1,-1
1611,2619,626.0547,473.4321,439.94275000000005,214.0842,1,-1,-1,-1
1612,2619,667.922,476.68063,464.40002000000004,214.79422000000005,1,-1,-1,-1
1613,2619,718.41583,480.70813,494.07709999999986,215.44781,1,-1,-1,-1
1614,2619,769.79755,480.66812,518.4425699999999,223.86147999999997,1,-1,-1,-1
1615,2619,815.61884,484.55548,532.93414,222.56042000000002,1,-1,-1,-1
1616,2619,880.47504,485.27133,552.9327000000001,223.28189000000003,1,-1,-1,-1
1617,2619,952.8917,488.5067,561.0553999999998,215.33745999999996,1,-1,-1,-1
1618,2619,1024.3491,486.9822,584.6194,217.17659999999995,1,-1,-1,-1
1619,2619,1083.105,482.72293,581.9740999999999,221.63144,1,-1,-1,-1
1620,2619,1168.4811,480.2511,586.3580299999999,221.42224000000004,1,-1,-1,-1
1621,2619,1240.9471,479.25955,591.8034700000001,219.16494999999998,1,-1,-1,-1
1622,2619,1320.7582,469.97137,591.2744,224.91046000000006,1,-1,-1,-1
1623,2619,1388.4048,464.88736,531.5952,222.79421999999994,1,-1,-1,-1
1624,2619,1465.057,457.2641,454.943,222.68304,1,-1,-1,-1
1625,2619,1542.8816,453.25284,377.11840000000007,220.14486999999997,1,-1,-1,-1
1626,2619,1623.8676,439.7004,296.13245000000006,229.84023999999994,1,-1,-1,-1
1627,2619,1685.6292,442.0344,234.37085000000002,220.25216999999998,1,-1,-1,-1
1628,2619,1772.886,434.84424,147.11401,215.84882000000005,1,-1,-1,-1
1629,2619,1855.9446,453.9948,64.05541999999991,159.50786999999997,1,-1,-1,-1
