220,-1,584,809,60,50,1,-1,-1,-1
221,-1,586,809,65,51,1,-1,-1,-1
222,-1,591,809,68,52,1,-1,-1,-1
223,-1,598,811,69,51,1,-1,-1,-1
224,-1,604,810,70,53,1,-1,-1,-1
225,-1,611,810,72,54,1,-1,-1,-1
226,-1,617,808,74,56,1,-1,-1,-1
227,-1,624,806,76,59,1,-1,-1,-1
228,-1,632,808,77,58,1,-1,-1,-1
229,-1,640,808,80,59,1,-1,-1,-1
230,-1,647,806,80,62,1,-1,-1,-1
231,-1,655,806,74,63,1,-1,-1,-1
232,-1,663,809,68,62,1,-1,-1,-1
233,-1,673,810,61,63,1,-1,-1,-1
234,-1,682,815,53,61,1,-1,-1,-1
236,-1,739,809,57,64,1,-1,-1,-1
237,-1,741,810,68,68,1,-1,-1,-1
238,-1,741,809,82,74,1,-1,-1,-1
239,-1,741,809,94,78,1,-1,-1,-1
240,-1,744,810,104,80,1,-1,-1,-1
241,-1,753,810,110,83,1,-1,-1,-1
242,-1,764,811,114,85,1,-1,-1,-1
243,-1,775,812,120,88,1,-1,-1,-1
244,-1,787,813,125,91,1,-1,-1,-1
245,-1,801,814,126,95,1,-1,-1,-1
246,-1,814,816,130,98,1,-1,-1,-1
247,-1,828,818,135,102,1,-1,-1,-1
248,-1,842,818,141,106,1,-1,-1,-1
249,-1,858,819,146,111,1,-1,-1,-1
250,-1,874,819,153,118,1,-1,-1,-1
251,-1,891,820,164,124,1,-1,-1,-1
252,-1,909,822,170,129,1,-1,-1,-1
253,-1,928,824,182,136,1,-1,-1,-1
254,-1,949,826,196,144,1,-1,-1,-1
255,-1,972,828,212,152,1,-1,-1,-1
256,-1,997,835,227,159,1,-1,-1,-1
257,-1,1023,838,244,171,1,-1,-1,-1
258,-1,1054,841,263,183,1,-1,-1,-1
259,-1,1088,846,288,195,1,-1,-1,-1
260,-1,1126,849,316,213,1,-1,-1,-1
261,-1,1169,857,350,230,1,-1,-1,-1
267,-1,1668,916,885,489,1,-1,-1,-1
268,-1,1835,956,725,569,1,-1,-1,-1
540,-1,1623,697,75,83,1,-1,-1,-1
541,-1,1610,697,74,83,1,-1,-1,-1
730,-1,548,793,50,52,1,-1,-1,-1
730,-1,2131,658,429,313,1,-1,-1,-1
731,-1,548,792,55,55,1,-1,-1,-1
731,-1,2009,662,551,289,1,-1,-1,-1
732,-1,549,792,58,56,1,-1,-1,-1
733,-1,548,792,64,58,1,-1,-1,-1
734,-1,550,793,67,57,1,-1,-1,-1
735,-1,553,793,69,57,1,-1,-1,-1
735,-1,1661,685,378,212,1,-1,-1,-1
736,-1,555,791,72,60,1,-1,-1,-1
736,-1,1595,684,347,204,1,-1,-1,-1
737,-1,557,790,76,61,1,-1,-1,-1
737,-1,1538,691,318,189,1,-1,-1,-1
738,-1,562,790,76,62,1,-1,-1,-1
738,-1,1486,692,294,180,1,-1,-1,-1
739,-1,566,792,78,60,1,-1,-1,-1
739,-1,1439,694,274,172,1,-1,-1,-1
740,-1,570,789,80,63,1,-1,-1,-1
740,-1,1396,699,255,162,1,-1,-1,-1
741,-1,579,788,77,65,1,-1,-1,-1
741,-1,1356,704,241,152,1,-1,-1,-1
742,-1,584,788,78,65,1,-1,-1,-1
742,-1,1321,706,225,145,1,-1,-1,-1
743,-1,588,787,80,67,1,-1,-1,-1
743,-1,1287,708,213,140,1,-1,-1,-1
744,-1,593,786,82,68,1,-1,-1,-1
744,-1,1257,712,201,132,1,-1,-1,-1
745,-1,597,786,85,69,1,-1,-1,-1
745,-1,1228,714,191,127,1,-1,-1,-1
746,-1,603,786,85,69,1,-1,-1,-1
746,-1,1200,716,183,122,1,-1,-1,-1
747,-1,608,785,87,72,1,-1,-1,-1
747,-1,1175,716,175,119,1,-1,-1,-1
748,-1,613,784,90,74,1,-1,-1,-1
748,-1,1150,717,168,116,1,-1,-1,-1
749,-1,620,784,89,72,1,-1,-1,-1
749,-1,1127,721,161,110,1,-1,-1,-1
750,-1,626,783,84,74,1,-1,-1,-1
750,-1,1106,725,154,104,1,-1,-1,-1
751,-1,633,783,78,74,1,-1,-1,-1
751,-1,1085,723,149,104,1,-1,-1,-1
752,-1,635,782,77,76,1,-1,-1,-1
752,-1,1065,727,144,99,1,-1,-1,-1
753,-1,639,781,82,77,1,-1,-1,-1
753,-1,1046,726,139,98,1,-1,-1,-1
754,-1,646,782,79,77,1,-1,-1,-1
754,-1,1028,727,134,95,1,-1,-1,-1
755,-1,653,786,74,73,1,-1,-1,-1
755,-1,1010,730,130,90,1,-1,-1,-1
756,-1,660,789,68,71,1,-1,-1,-1
756,-1,994,731,126,88,1,-1,-1,-1
757,-1,667,791,64,70,1,-1,-1,-1
757,-1,978,733,123,85,1,-1,-1,-1
758,-1,674,794,57,68,1,-1,-1,-1
758,-1,962,734,120,83,1,-1,-1,-1
759,-1,729,777,71,81,1,-1,-1,-1
759,-1,947,734,116,82,1,-1,-1,-1
760,-1,729,776,81,86,1,-1,-1,-1
760,-1,930,737,116,79,1,-1,-1,-1
761,-1,731,775,90,91,1,-1,-1,-1
761,-1,918,738,110,79,1,-1,-1,-1
762,-1,732,775,100,93,1,-1,-1,-1
762,-1,904,740,108,77,1,-1,-1,-1
763,-1,736,774,107,94,1,-1,-1,-1
763,-1,890,743,105,74,1,-1,-1,-1
764,-1,740,774,113,96,1,-1,-1,-1
764,-1,875,745,105,73,1,-1,-1,-1
765,-1,740,774,124,98,1,-1,-1,-1
765,-1,863,747,101,71,1,-1,-1,-1
766,-1,749,749,200,124,1,-1,-1,-1
767,-1,758,751,177,124,1,-1,-1,-1
767,-1,2143,642,417,294,1,-1,-1,-1
768,-1,766,753,155,124,1,-1,-1,-1
768,-1,2027,646,533,284,1,-1,-1,-1
769,-1,775,755,134,124,1,-1,-1,-1
769,-1,1925,655,605,260,1,-1,-1,-1
770,-1,780,756,141,125,1,-1,-1,-1
770,-1,1835,658,539,244,1,-1,-1,-1
771,-1,789,756,143,128,1,-1,-1,-1
771,-1,1758,663,482,227,1,-1,-1,-1
772,-1,779,759,165,128,1,-1,-1,-1
772,-1,1688,671,438,209,1,-1,-1,-1
773,-1,769,760,186,130,1,-1,-1,-1
773,-1,1626,674,398,197,1,-1,-1,-1
774,-1,758,761,209,133,1,-1,-1,-1
774,-1,1569,676,366,187,1,-1,-1,-1
775,-1,748,762,231,136,1,-1,-1,-1
775,-1,1516,680,338,176,1,-1,-1,-1
776,-1,836,770,155,132,1,-1,-1,-1
776,-1,737,764,81,57,1,-1,-1,-1
776,-1,1470,683,317,167,1,-1,-1,-1
777,-1,845,774,158,132,1,-1,-1,-1
777,-1,732,765,74,56,1,-1,-1,-1
777,-1,1427,686,295,159,1,-1,-1,-1
778,-1,853,775,163,135,1,-1,-1,-1
778,-1,729,767,66,54,1,-1,-1,-1
778,-1,1386,690,278,151,1,-1,-1,-1
779,-1,862,777,166,137,1,-1,-1,-1
779,-1,728,769,57,51,1,-1,-1,-1
779,-1,1351,693,260,144,1,-1,-1,-1
780,-1,869,777,172,142,1,-1,-1,-1
780,-1,1316,696,244,138,1,-1,-1,-1
781,-1,878,777,176,147,1,-1,-1,-1
781,-1,1283,700,230,131,1,-1,-1,-1
782,-1,889,776,179,153,1,-1,-1,-1
782,-1,1252,702,218,127,1,-1,-1,-1
783,-1,898,780,184,155,1,-1,-1,-1
783,-1,1222,705,207,122,1,-1,-1,-1
784,-1,906,779,190,162,1,-1,-1,-1
784,-1,1194,708,201,117,1,-1,-1,-1
785,-1,916,782,197,166,1,-1,-1,-1
785,-1,1167,710,185,113,1,-1,-1,-1
786,-1,924,784,204,171,1,-1,-1,-1
786,-1,1142,713,177,109,1,-1,-1,-1
787,-1,935,785,212,177,1,-1,-1,-1
787,-1,1117,715,171,106,1,-1,-1,-1
788,-1,944,718,315,252,1,-1,-1,-1
789,-1,952,720,279,257,1,-1,-1,-1
790,-1,964,724,246,261,1,-1,-1,-1
791,-1,972,724,262,271,1,-1,-1,-1
792,-1,979,726,283,279,1,-1,-1,-1
793,-1,991,730,298,285,1,-1,-1,-1
794,-1,1018,794,303,232,1,-1,-1,-1
794,-1,972,730,135,86,1,-1,-1,-1
795,-1,1034,798,319,238,1,-1,-1,-1
795,-1,955,734,130,82,1,-1,-1,-1
796,-1,1055,797,332,250,1,-1,-1,-1
796,-1,938,738,125,79,1,-1,-1,-1
797,-1,1072,796,359,264,1,-1,-1,-1
797,-1,922,740,123,78,1,-1,-1,-1
798,-1,1096,798,374,277,1,-1,-1,-1
798,-1,906,742,118,76,1,-1,-1,-1
799,-1,1114,798,400,292,1,-1,-1,-1
799,-1,890,744,116,75,1,-1,-1,-1
800,-1,1125,799,445,308,1,-1,-1,-1
800,-1,876,746,113,74,1,-1,-1,-1
801,-1,1151,800,480,325,1,-1,-1,-1
801,-1,861,748,110,73,1,-1,-1,-1
802,-1,1178,802,514,343,1,-1,-1,-1
802,-1,848,751,106,70,1,-1,-1,-1
803,-1,1211,804,553,363,1,-1,-1,-1
803,-1,834,754,104,68,1,-1,-1,-1
804,-1,1261,805,587,387,1,-1,-1,-1
804,-1,821,756,102,65,1,-1,-1,-1
805,-1,1291,806,653,413,1,-1,-1,-1
805,-1,808,758,101,64,1,-1,-1,-1
806,-1,1340,807,711,443,1,-1,-1,-1
806,-1,796,758,97,64,1,-1,-1,-1
806,-1,2196,664,364,292,1,-1,-1,-1
807,-1,1381,809,790,478,1,-1,-1,-1
807,-1,784,760,95,62,1,-1,-1,-1
807,-1,2070,644,490,316,1,-1,-1,-1
808,-1,773,761,92,62,1,-1,-1,-1
808,-1,1433,652,1127,676,1,-1,-1,-1
809,-1,761,762,91,61,1,-1,-1,-1
809,-1,1493,659,997,716,1,-1,-1,-1
810,-1,751,768,88,56,1,-1,-1,-1
810,-1,1554,666,1006,767,1,-1,-1,-1
811,-1,741,765,86,59,1,-1,-1,-1
811,-1,1641,670,919,835,1,-1,-1,-1
812,-1,1729,839,831,662,1,-1,-1,-1
812,-1,735,767,80,57,1,-1,-1,-1
812,-1,1644,677,428,214,1,-1,-1,-1
813,-1,1828,874,732,627,1,-1,-1,-1
813,-1,730,769,73,55,1,-1,-1,-1
813,-1,1581,678,398,204,1,-1,-1,-1
814,-1,1959,881,601,619,1,-1,-1,-1
814,-1,733,772,59,52,1,-1,-1,-1
814,-1,1529,684,364,190,1,-1,-1,-1
815,-1,730,771,51,51,1,-1,-1,-1
815,-1,1479,686,338,181,1,-1,-1,-1
816,-1,1434,689,309,172,1,-1,-1,-1
817,-1,1392,692,290,164,1,-1,-1,-1
818,-1,1353,696,274,155,1,-1,-1,-1
819,-1,1317,697,260,151,1,-1,-1,-1
820,-1,1284,703,241,141,1,-1,-1,-1
821,-1,1252,705,231,136,1,-1,-1,-1
822,-1,1223,707,215,131,1,-1,-1,-1
823,-1,1194,710,210,126,1,-1,-1,-1
824,-1,1168,713,195,121,1,-1,-1,-1
825,-1,1143,715,188,117,1,-1,-1,-1
826,-1,1119,717,180,113,1,-1,-1,-1
827,-1,1096,720,171,109,1,-1,-1,-1
828,-1,1074,722,165,105,1,-1,-1,-1
829,-1,1053,725,159,101,1,-1,-1,-1
830,-1,1033,724,154,101,1,-1,-1,-1
831,-1,1013,727,148,97,1,-1,-1,-1
832,-1,995,730,144,92,1,-1,-1,-1
833,-1,977,731,139,90,1,-1,-1,-1
834,-1,960,734,135,87,1,-1,-1,-1
835,-1,943,737,131,83,1,-1,-1,-1
836,-1,927,738,127,82,1,-1,-1,-1
837,-1,912,740,123,81,1,-1,-1,-1
838,-1,897,741,119,80,1,-1,-1,-1
839,-1,883,743,116,79,1,-1,-1,-1
840,-1,869,745,113,77,1,-1,-1,-1
841,-1,855,747,111,75,1,-1,-1,-1
842,-1,842,750,108,73,1,-1,-1,-1
843,-1,829,753,105,70,1,-1,-1,-1
844,-1,817,755,102,67,1,-1,-1,-1
845,-1,805,756,100,67,1,-1,-1,-1
846,-1,792,757,99,66,1,-1,-1,-1
847,-1,781,758,96,65,1,-1,-1,-1
848,-1,769,759,94,65,1,-1,-1,-1
849,-1,758,761,93,63,1,-1,-1,-1
850,-1,748,762,90,62,1,-1,-1,-1
851,-1,738,764,88,61,1,-1,-1,-1
852,-1,734,766,81,58,1,-1,-1,-1
853,-1,730,767,73,57,1,-1,-1,-1
854,-1,732,768,60,55,1,-1,-1,-1
855,-1,731,769,50,52,1,-1,-1,-1
929,-1,0,1351,128,151,1,-1,-1,-1
930,-1,0,1340,163,164,1,-1,-1,-1
931,-1,0,1318,206,188,1,-1,-1,-1
932,-1,0,1305,235,198,1,-1,-1,-1
933,-1,0,1295,267,208,1,-1,-1,-1
934,-1,0,1285,302,218,1,-1,-1,-1
935,-1,0,1278,336,225,1,-1,-1,-1
936,-1,0,1268,369,235,1,-1,-1,-1
937,-1,0,1261,385,242,1,-1,-1,-1
938,-1,0,1253,417,250,1,-1,-1,-1
939,-1,0,1246,422,259,1,-1,-1,-1
940,-1,0,1236,399,269,1,-1,-1,-1
941,-1,0,1231,429,270,1,-1,-1,-1
942,-1,426,1233,116,136,1,-1,-1,-1
942,-1,0,1223,431,270,1,-1,-1,-1
943,-1,420,1222,150,152,1,-1,-1,-1
943,-1,0,1216,432,271,1,-1,-1,-1
944,-1,413,1212,183,164,1,-1,-1,-1
944,-1,4,1210,428,271,1,-1,-1,-1
945,-1,44,1327,388,147,1,-1,-1,-1
945,-1,25,1208,369,199,1,-1,-1,-1
945,-1,416,1204,204,174,1,-1,-1,-1
946,-1,70,1367,362,102,1,-1,-1,-1
946,-1,48,1219,341,167,1,-1,-1,-1
946,-1,411,1197,231,183,1,-1,-1,-1
947,-1,90,1366,342,97,1,-1,-1,-1
947,-1,69,1227,319,169,1,-1,-1,-1
947,-1,409,1190,254,190,1,-1,-1,-1
948,-1,108,1360,324,100,1,-1,-1,-1
948,-1,90,1239,297,151,1,-1,-1,-1
948,-1,401,1184,281,195,1,-1,-1,-1
949,-1,131,1355,301,99,1,-1,-1,-1
949,-1,110,1235,277,151,1,-1,-1,-1
949,-1,404,1178,299,201,1,-1,-1,-1
950,-1,147,1350,285,98,1,-1,-1,-1
950,-1,128,1236,259,146,1,-1,-1,-1
950,-1,408,1172,311,207,1,-1,-1,-1
951,-1,159,1345,273,99,1,-1,-1,-1
951,-1,144,1227,243,150,1,-1,-1,-1
951,-1,410,1168,326,211,1,-1,-1,-1
952,-1,175,1341,257,101,1,-1,-1,-1
952,-1,161,1226,226,147,1,-1,-1,-1
952,-1,410,1163,343,216,1,-1,-1,-1
953,-1,196,1337,236,99,1,-1,-1,-1
953,-1,177,1246,210,123,1,-1,-1,-1
953,-1,409,1158,361,221,1,-1,-1,-1
954,-1,214,1332,218,100,1,-1,-1,-1
954,-1,196,1242,191,122,1,-1,-1,-1
954,-1,414,1152,373,227,1,-1,-1,-1
955,-1,232,1327,199,100,1,-1,-1,-1
955,-1,211,1238,176,122,1,-1,-1,-1
955,-1,409,1147,405,232,1,-1,-1,-1
956,-1,243,1323,188,100,1,-1,-1,-1
956,-1,229,1231,156,124,1,-1,-1,-1
956,-1,409,1142,415,237,1,-1,-1,-1
957,-1,265,1318,166,100,1,-1,-1,-1
957,-1,246,1228,140,123,1,-1,-1,-1
957,-1,419,1137,428,242,1,-1,-1,-1
958,-1,280,1315,151,99,1,-1,-1,-1
958,-1,261,1233,122,113,1,-1,-1,-1
958,-1,410,1133,447,246,1,-1,-1,-1
959,-1,289,1313,143,99,1,-1,-1,-1
959,-1,276,1238,105,104,1,-1,-1,-1
959,-1,410,1129,461,250,1,-1,-1,-1
960,-1,303,1315,100,92,1,-1,-1,-1
960,-1,288,1243,93,95,1,-1,-1,-1
960,-1,409,1124,479,255,1,-1,-1,-1
961,-1,321,1335,80,71,1,-1,-1,-1
961,-1,302,1248,80,86,1,-1,-1,-1
961,-1,409,1122,492,256,1,-1,-1,-1
962,-1,409,1118,498,260,1,-1,-1,-1
963,-1,411,1115,505,264,1,-1,-1,-1
964,-1,413,1113,514,266,1,-1,-1,-1
965,-1,417,1109,522,271,1,-1,-1,-1
966,-1,415,1107,532,273,1,-1,-1,-1
967,-1,417,1104,537,276,1,-1,-1,-1
968,-1,419,1101,548,279,1,-1,-1,-1
969,-1,420,1098,558,282,1,-1,-1,-1
970,-1,424,1094,564,284,1,-1,-1,-1
971,-1,424,1091,582,285,1,-1,-1,-1
972,-1,425,1088,592,285,1,-1,-1,-1
973,-1,431,1084,607,285,1,-1,-1,-1
974,-1,448,1080,604,283,1,-1,-1,-1
975,-1,463,1074,609,284,1,-1,-1,-1
976,-1,485,1069,605,284,1,-1,-1,-1
977,-1,507,1066,603,282,1,-1,-1,-1
978,-1,530,1059,609,283,1,-1,-1,-1
979,-1,553,1052,611,283,1,-1,-1,-1
980,-1,579,1045,611,285,1,-1,-1,-1
981,-1,605,1035,615,287,1,-1,-1,-1
982,-1,634,1030,617,286,1,-1,-1,-1
983,-1,662,1023,620,286,1,-1,-1,-1
984,-1,692,1016,623,287,1,-1,-1,-1
985,-1,724,1009,629,288,1,-1,-1,-1
986,-1,757,1003,626,288,1,-1,-1,-1
987,-1,789,997,634,291,1,-1,-1,-1
988,-1,823,992,638,293,1,-1,-1,-1
989,-1,856,986,641,294,1,-1,-1,-1
990,-1,889,980,648,296,1,-1,-1,-1
991,-1,922,974,652,299,1,-1,-1,-1
992,-1,956,967,661,303,1,-1,-1,-1
993,-1,993,965,670,304,1,-1,-1,-1
994,-1,1030,961,679,307,1,-1,-1,-1
995,-1,1068,959,694,316,1,-1,-1,-1
996,-1,1106,957,703,331,1,-1,-1,-1
997,-1,1145,956,717,347,1,-1,-1,-1
998,-1,1186,955,734,366,1,-1,-1,-1
999,-1,1227,956,767,385,1,-1,-1,-1
1000,-1,1267,957,791,405,1,-1,-1,-1
1001,-1,1311,958,827,428,1,-1,-1,-1
1002,-1,1359,960,857,452,1,-1,-1,-1
1003,-1,1407,964,916,478,1,-1,-1,-1
1004,-1,1459,967,970,507,1,-1,-1,-1
1005,-1,1515,971,1033,543,1,-1,-1,-1
1006,-1,1618,1245,942,315,1,-1,-1,-1
1006,-1,1576,980,984,441,1,-1,-1,-1
1007,-1,1681,1264,879,354,1,-1,-1,-1
1007,-1,1642,991,918,461,1,-1,-1,-1
1008,-1,1715,997,845,664,1,-1,-1,-1
1009,-1,1833,1308,727,347,1,-1,-1,-1
1009,-1,1796,1008,764,438,1,-1,-1,-1
1010,-1,1920,1331,640,324,1,-1,-1,-1
1010,-1,1887,1022,673,423,1,-1,-1,-1
1011,-1,2020,1364,540,291,1,-1,-1,-1
1011,-1,1987,1071,573,362,1,-1,-1,-1
1012,-1,2127,1398,433,257,1,-1,-1,-1
1012,-1,2101,1049,459,379,1,-1,-1,-1
1013,-1,2229,1100,331,318,1,-1,-1,-1
1091,-1,2161,585,399,406,1,-1,-1,-1
1092,-1,2068,572,492,409,1,-1,-1,-1
1093,-1,1985,577,575,411,1,-1,-1,-1
1094,-1,1911,584,649,386,1,-1,-1,-1
1095,-1,1844,594,716,360,1,-1,-1,-1
1096,-1,1783,602,684,338,1,-1,-1,-1
1097,-1,1727,607,628,321,1,-1,-1,-1
1098,-1,1675,613,579,304,1,-1,-1,-1
1099,-1,1627,619,538,287,1,-1,-1,-1
1100,-1,1581,623,503,274,1,-1,-1,-1
1101,-1,1542,629,468,260,1,-1,-1,-1
1102,-1,1505,633,438,249,1,-1,-1,-1
1103,-1,1469,634,413,241,1,-1,-1,-1
1104,-1,1438,640,388,229,1,-1,-1,-1
1105,-1,1407,642,367,221,1,-1,-1,-1
1106,-1,1379,647,347,212,1,-1,-1,-1
1107,-1,1352,650,330,205,1,-1,-1,-1
1108,-1,1326,656,317,194,1,-1,-1,-1
1109,-1,1302,655,305,192,1,-1,-1,-1
1110,-1,1279,661,287,183,1,-1,-1,-1
1111,-1,1257,664,278,177,1,-1,-1,-1
1112,-1,1236,663,266,175,1,-1,-1,-1
1113,-1,1215,665,262,170,1,-1,-1,-1
1114,-1,1196,669,249,165,1,-1,-1,-1
1115,-1,1177,673,242,159,1,-1,-1,-1
1116,-1,1161,675,234,155,1,-1,-1,-1
1117,-1,1143,675,222,153,1,-1,-1,-1
1118,-1,1126,681,218,145,1,-1,-1,-1
1119,-1,1110,681,210,144,1,-1,-1,-1
1120,-1,1094,690,206,134,1,-1,-1,-1
1121,-1,1079,696,199,126,1,-1,-1,-1
1122,-1,1062,689,196,133,1,-1,-1,-1
1123,-1,1049,691,190,130,1,-1,-1,-1
1124,-1,1035,699,189,121,1,-1,-1,-1
1125,-1,1021,694,185,125,1,-1,-1,-1
1126,-1,1008,697,179,121,1,-1,-1,-1
1127,-1,995,700,176,117,1,-1,-1,-1
1128,-1,986,699,174,117,1,-1,-1,-1
1129,-1,971,705,170,111,1,-1,-1,-1
1130,-1,959,705,164,111,1,-1,-1,-1
1131,-1,947,705,163,111,1,-1,-1,-1
1132,-1,936,706,159,110,1,-1,-1,-1
1133,-1,925,709,154,107,1,-1,-1,-1
1134,-1,915,711,152,106,1,-1,-1,-1
1135,-1,904,713,148,105,1,-1,-1,-1
1136,-1,894,715,146,103,1,-1,-1,-1
1137,-1,884,716,149,102,1,-1,-1,-1
1138,-1,874,719,147,99,1,-1,-1,-1
1139,-1,865,722,137,97,1,-1,-1,-1
1140,-1,855,726,141,94,1,-1,-1,-1
1141,-1,846,727,136,93,1,-1,-1,-1
1142,-1,2244,833,316,146,1,-1,-1,-1
1142,-1,838,728,131,93,1,-1,-1,-1
1143,-1,2138,820,422,159,1,-1,-1,-1
1143,-1,829,729,129,92,1,-1,-1,-1
1144,-1,820,731,129,90,1,-1,-1,-1
1144,-1,2044,669,516,312,1,-1,-1,-1
1145,-1,811,736,138,85,1,-1,-1,-1
1145,-1,1960,673,600,293,1,-1,-1,-1
1146,-1,803,739,126,82,1,-1,-1,-1
1146,-1,1884,678,630,274,1,-1,-1,-1
1147,-1,795,737,123,84,1,-1,-1,-1
1147,-1,1815,682,577,259,1,-1,-1,-1
1148,-1,787,737,122,84,1,-1,-1,-1
1148,-1,1754,686,530,244,1,-1,-1,-1
1149,-1,780,739,120,83,1,-1,-1,-1
1149,-1,1698,689,491,233,1,-1,-1,-1
1150,-1,775,742,129,80,1,-1,-1,-1
1150,-1,1647,692,455,221,1,-1,-1,-1
1151,-1,764,743,115,79,1,-1,-1,-1
1151,-1,1600,697,425,209,1,-1,-1,-1
1152,-1,756,746,115,76,1,-1,-1,-1
1152,-1,1557,699,398,200,1,-1,-1,-1
1153,-1,750,742,117,80,1,-1,-1,-1
1153,-1,1519,700,377,193,1,-1,-1,-1
1154,-1,743,744,111,79,1,-1,-1,-1
1154,-1,1482,700,353,187,1,-1,-1,-1
1155,-1,737,747,108,76,1,-1,-1,-1
1155,-1,1449,704,338,178,1,-1,-1,-1
1156,-1,731,745,106,79,1,-1,-1,-1
1156,-1,1419,705,320,173,1,-1,-1,-1
1157,-1,728,746,101,77,1,-1,-1,-1
1157,-1,1391,706,301,167,1,-1,-1,-1
1158,-1,727,750,95,73,1,-1,-1,-1
1158,-1,1365,709,286,161,1,-1,-1,-1
1159,-1,725,751,89,72,1,-1,-1,-1
1159,-1,1340,711,277,155,1,-1,-1,-1
1160,-1,719,753,88,70,1,-1,-1,-1
1160,-1,1318,712,260,151,1,-1,-1,-1
1161,-1,716,753,83,70,1,-1,-1,-1
1161,-1,1297,714,250,146,1,-1,-1,-1
1162,-1,716,754,75,67,1,-1,-1,-1
1162,-1,1278,714,237,143,1,-1,-1,-1
1163,-1,715,752,68,69,1,-1,-1,-1
1163,-1,1262,713,222,141,1,-1,-1,-1
1164,-1,715,753,62,66,1,-1,-1,-1
1164,-1,1248,713,210,137,1,-1,-1,-1
1165,-1,715,754,58,64,1,-1,-1,-1
1165,-1,1239,713,198,134,1,-1,-1,-1
1166,-1,714,758,52,58,1,-1,-1,-1
1166,-1,1228,715,189,129,1,-1,-1,-1
1167,-1,1218,714,184,126,1,-1,-1,-1
1168,-1,1212,712,173,124,1,-1,-1,-1
1169,-1,1206,710,165,122,1,-1,-1,-1
1170,-1,1202,708,164,119,1,-1,-1,-1
1171,-1,650,765,53,61,1,-1,-1,-1
1171,-1,1201,705,149,117,1,-1,-1,-1
1172,-1,645,764,59,62,1,-1,-1,-1
1172,-1,1211,710,130,107,1,-1,-1,-1
1173,-1,641,764,63,62,1,-1,-1,-1
1173,-1,1216,707,119,104,1,-1,-1,-1
1174,-1,634,763,70,64,1,-1,-1,-1
1174,-1,1211,703,121,103,1,-1,-1,-1
1175,-1,631,764,73,63,1,-1,-1,-1
1175,-1,1220,689,110,111,1,-1,-1,-1
1176,-1,625,764,77,63,1,-1,-1,-1
1176,-1,1218,684,115,111,1,-1,-1,-1
1177,-1,622,764,77,63,1,-1,-1,-1
1177,-1,1222,681,117,109,1,-1,-1,-1
1178,-1,618,769,77,58,1,-1,-1,-1
1178,-1,1226,674,120,108,1,-1,-1,-1
1179,-1,614,767,76,60,1,-1,-1,-1
1179,-1,1231,668,124,107,1,-1,-1,-1
1180,-1,610,769,76,58,1,-1,-1,-1
1180,-1,1236,664,129,103,1,-1,-1,-1
1181,-1,606,769,77,58,1,-1,-1,-1
1181,-1,1243,658,132,102,1,-1,-1,-1
1182,-1,602,770,75,57,1,-1,-1,-1
1182,-1,1251,651,134,101,1,-1,-1,-1
1183,-1,597,769,75,58,1,-1,-1,-1
1183,-1,1261,644,136,99,1,-1,-1,-1
1184,-1,594,769,73,58,1,-1,-1,-1
1184,-1,1273,639,140,96,1,-1,-1,-1
1185,-1,590,772,73,55,1,-1,-1,-1
1185,-1,1283,630,132,97,1,-1,-1,-1
1186,-1,586,770,71,57,1,-1,-1,-1
1186,-1,1296,626,140,94,1,-1,-1,-1
1187,-1,582,770,70,57,1,-1,-1,-1
1187,-1,1309,620,141,92,1,-1,-1,-1
1188,-1,578,771,71,57,1,-1,-1,-1
1188,-1,1323,610,141,94,1,-1,-1,-1
1189,-1,575,772,68,55,1,-1,-1,-1
1189,-1,1338,605,143,90,1,-1,-1,-1
1190,-1,573,776,66,51,1,-1,-1,-1
1190,-1,1353,595,139,93,1,-1,-1,-1
1191,-1,570,773,65,54,1,-1,-1,-1
1191,-1,1370,589,138,91,1,-1,-1,-1
1192,-1,567,774,64,53,1,-1,-1,-1
1192,-1,1385,582,137,90,1,-1,-1,-1
1193,-1,562,774,65,54,1,-1,-1,-1
1193,-1,1405,575,130,88,1,-1,-1,-1
1194,-1,561,774,62,54,1,-1,-1,-1
1194,-1,1415,569,133,86,1,-1,-1,-1
1195,-1,555,775,64,53,1,-1,-1,-1
1195,-1,1429,562,131,85,1,-1,-1,-1
1196,-1,1441,556,132,84,1,-1,-1,-1
1197,-1,549,776,62,52,1,-1,-1,-1
1197,-1,1459,549,126,83,1,-1,-1,-1
1198,-1,548,776,59,52,1,-1,-1,-1
1198,-1,1473,543,125,82,1,-1,-1,-1
1199,-1,548,777,56,51,1,-1,-1,-1
1199,-1,1485,540,129,77,1,-1,-1,-1
1200,-1,544,777,56,51,1,-1,-1,-1
1200,-1,1498,531,126,79,1,-1,-1,-1
1201,-1,545,778,51,50,1,-1,-1,-1
1201,-1,1514,524,124,79,1,-1,-1,-1
1202,-1,1526,518,122,78,1,-1,-1,-1
1203,-1,1539,513,122,76,1,-1,-1,-1
1204,-1,1553,506,122,77,1,-1,-1,-1
1205,-1,1565,500,120,76,1,-1,-1,-1
1206,-1,1578,498,121,72,1,-1,-1,-1
1207,-1,1591,495,122,68,1,-1,-1,-1
1208,-1,1604,494,123,63,1,-1,-1,-1
1209,-1,1617,494,124,56,1,-1,-1,-1
1210,-1,1632,494,118,50,1,-1,-1,-1
1212,-1,2355,769,205,206,1,-1,-1,-1
1213,-1,2249,781,311,191,1,-1,-1,-1
1214,-1,2154,620,406,351,1,-1,-1,-1
1215,-1,2065,603,495,376,1,-1,-1,-1
1216,-1,1989,611,571,353,1,-1,-1,-1
1217,-1,1918,618,629,334,1,-1,-1,-1
1218,-1,1849,624,581,316,1,-1,-1,-1
1219,-1,1789,633,537,297,1,-1,-1,-1
1220,-1,1735,638,499,282,1,-1,-1,-1
1221,-1,1682,643,466,269,1,-1,-1,-1
1222,-1,1636,648,434,256,1,-1,-1,-1
1223,-1,1592,654,404,243,1,-1,-1,-1
1224,-1,1550,657,388,233,1,-1,-1,-1
1225,-1,1509,659,369,225,1,-1,-1,-1
1226,-1,1475,663,340,215,1,-1,-1,-1
1227,-1,1440,666,322,207,1,-1,-1,-1
1228,-1,1405,670,310,199,1,-1,-1,-1
1229,-1,549,802,52,51,1,-1,-1,-1
1229,-1,1375,673,295,191,1,-1,-1,-1
1230,-1,553,799,53,55,1,-1,-1,-1
1230,-1,1349,676,279,185,1,-1,-1,-1
1231,-1,555,798,56,58,1,-1,-1,-1
1231,-1,1321,677,266,180,1,-1,-1,-1
1232,-1,558,797,58,61,1,-1,-1,-1
1232,-1,1295,683,256,171,1,-1,-1,-1
1233,-1,554,798,67,60,1,-1,-1,-1
1233,-1,1271,684,250,167,1,-1,-1,-1
1234,-1,554,799,72,59,1,-1,-1,-1
1234,-1,1247,686,233,162,1,-1,-1,-1
1235,-1,557,798,75,61,1,-1,-1,-1
1235,-1,1224,689,225,156,1,-1,-1,-1
1236,-1,561,798,76,60,1,-1,-1,-1
1236,-1,1202,691,217,152,1,-1,-1,-1
1237,-1,566,795,77,65,1,-1,-1,-1
1237,-1,1181,694,215,148,1,-1,-1,-1
1238,-1,570,798,78,62,1,-1,-1,-1
1238,-1,1161,696,196,144,1,-1,-1,-1
1239,-1,575,797,79,64,1,-1,-1,-1
1239,-1,1141,697,191,141,1,-1,-1,-1
1240,-1,580,797,80,64,1,-1,-1,-1
1240,-1,1122,700,183,136,1,-1,-1,-1
1241,-1,585,796,81,65,1,-1,-1,-1
1241,-1,1103,705,178,129,1,-1,-1,-1
1242,-1,590,796,83,66,1,-1,-1,-1
1242,-1,1087,708,172,125,1,-1,-1,-1
1243,-1,595,796,84,66,1,-1,-1,-1
1243,-1,1071,710,166,122,1,-1,-1,-1
1244,-1,600,795,85,68,1,-1,-1,-1
1244,-1,1054,709,162,122,1,-1,-1,-1
1245,-1,605,795,87,69,1,-1,-1,-1
1245,-1,1039,714,158,115,1,-1,-1,-1
1246,-1,611,794,87,70,1,-1,-1,-1
1246,-1,1024,714,152,114,1,-1,-1,-1
1247,-1,616,794,90,71,1,-1,-1,-1
1247,-1,1009,714,149,113,1,-1,-1,-1
1248,-1,622,793,90,72,1,-1,-1,-1
1248,-1,994,717,145,108,1,-1,-1,-1
1249,-1,628,793,85,73,1,-1,-1,-1
1249,-1,980,718,141,106,1,-1,-1,-1
1250,-1,633,792,91,74,1,-1,-1,-1
1250,-1,967,720,137,103,1,-1,-1,-1
1251,-1,639,792,87,75,1,-1,-1,-1
1251,-1,953,722,135,100,1,-1,-1,-1
1252,-1,646,791,82,77,1,-1,-1,-1
1252,-1,940,724,131,98,1,-1,-1,-1
1253,-1,652,794,76,74,1,-1,-1,-1
1253,-1,927,725,129,97,1,-1,-1,-1
1254,-1,659,795,70,75,1,-1,-1,-1
1254,-1,915,727,125,95,1,-1,-1,-1
1255,-1,665,797,67,74,1,-1,-1,-1
1255,-1,903,728,122,94,1,-1,-1,-1
1256,-1,672,799,61,74,1,-1,-1,-1
1256,-1,891,731,120,91,1,-1,-1,-1
1257,-1,879,731,118,92,1,-1,-1,-1
1258,-1,733,789,66,79,1,-1,-1,-1
1258,-1,868,736,115,87,1,-1,-1,-1
1259,-1,733,790,75,82,1,-1,-1,-1
1259,-1,856,738,113,85,1,-1,-1,-1
1260,-1,734,789,85,87,1,-1,-1,-1
1260,-1,845,738,111,86,1,-1,-1,-1
1261,-1,735,789,95,91,1,-1,-1,-1
1261,-1,834,742,109,82,1,-1,-1,-1
1262,-1,737,743,193,139,1,-1,-1,-1
1263,-1,738,745,180,139,1,-1,-1,-1
1264,-1,737,747,168,139,1,-1,-1,-1
1265,-1,743,748,150,140,1,-1,-1,-1
1266,-1,749,750,133,140,1,-1,-1,-1
1267,-1,758,750,138,142,1,-1,-1,-1
1268,-1,763,751,144,143,1,-1,-1,-1
1269,-1,753,754,170,143,1,-1,-1,-1
1270,-1,744,753,193,148,1,-1,-1,-1
1271,-1,735,754,211,150,1,-1,-1,-1
1272,-1,731,757,231,150,1,-1,-1,-1
1273,-1,819,788,156,123,1,-1,-1,-1
1273,-1,728,759,78,66,1,-1,-1,-1
1274,-1,827,788,167,126,1,-1,-1,-1
1274,-1,726,761,70,64,1,-1,-1,-1
1275,-1,841,788,165,130,1,-1,-1,-1
1275,-1,728,761,59,62,1,-1,-1,-1
1276,-1,853,788,169,134,1,-1,-1,-1
1276,-1,720,761,58,60,1,-1,-1,-1
1277,-1,864,789,175,137,1,-1,-1,-1
1277,-1,719,763,50,57,1,-1,-1,-1
1278,-1,877,789,181,142,1,-1,-1,-1
1279,-1,889,789,186,147,1,-1,-1,-1
1280,-1,901,789,192,153,1,-1,-1,-1
1281,-1,914,789,202,159,1,-1,-1,-1
1282,-1,925,790,216,164,1,-1,-1,-1
1283,-1,940,790,223,172,1,-1,-1,-1
1283,-1,648,770,54,59,1,-1,-1,-1
1284,-1,955,791,231,178,1,-1,-1,-1
1284,-1,642,773,59,56,1,-1,-1,-1
1285,-1,971,792,246,186,1,-1,-1,-1
1285,-1,636,772,65,57,1,-1,-1,-1
1286,-1,988,793,261,196,1,-1,-1,-1
1286,-1,630,773,70,57,1,-1,-1,-1
1287,-1,1006,794,274,206,1,-1,-1,-1
1287,-1,624,771,70,59,1,-1,-1,-1
1288,-1,1024,796,292,215,1,-1,-1,-1
1288,-1,619,774,69,56,1,-1,-1,-1
1289,-1,1044,798,304,226,1,-1,-1,-1
1289,-1,613,775,70,55,1,-1,-1,-1
1290,-1,1066,799,319,238,1,-1,-1,-1
1290,-1,608,776,67,54,1,-1,-1,-1
1291,-1,1090,801,338,251,1,-1,-1,-1
1291,-1,602,776,66,54,1,-1,-1,-1
1292,-1,1115,805,366,265,1,-1,-1,-1
1292,-1,597,777,65,53,1,-1,-1,-1
1293,-1,1143,807,391,282,1,-1,-1,-1
1293,-1,592,778,64,52,1,-1,-1,-1
1294,-1,1174,808,426,304,1,-1,-1,-1
1294,-1,588,779,62,52,1,-1,-1,-1
1295,-1,1208,813,460,323,1,-1,-1,-1
1295,-1,583,780,62,51,1,-1,-1,-1
1296,-1,1247,817,506,347,1,-1,-1,-1
1296,-1,578,780,61,51,1,-1,-1,-1
1297,-1,1291,822,557,375,1,-1,-1,-1
1298,-1,1341,825,611,411,1,-1,-1,-1
1299,-1,1398,831,691,450,1,-1,-1,-1
1300,-1,1462,837,789,501,1,-1,-1,-1
1301,-1,1541,843,910,563,1,-1,-1,-1
1302,-1,1633,852,927,645,1,-1,-1,-1
1303,-1,1744,863,816,728,1,-1,-1,-1
1304,-1,1880,874,680,702,1,-1,-1,-1
1464,-1,2113,737,447,342,1,-1,-1,-1
1465,-1,1983,732,577,345,1,-1,-1,-1
1466,-1,1858,745,702,345,1,-1,-1,-1
1467,-1,1747,758,803,326,1,-1,-1,-1
1468,-1,1640,773,748,310,1,-1,-1,-1
1469,-1,1537,788,711,302,1,-1,-1,-1
1470,-1,1442,806,672,291,1,-1,-1,-1
1471,-1,1350,820,642,288,1,-1,-1,-1
1472,-1,1091,872,574,275,1,-1,-1,-1
1473,-1,1011,891,562,272,1,-1,-1,-1
1474,-1,935,910,538,269,1,-1,-1,-1
1475,-1,857,931,528,263,1,-1,-1,-1
1476,-1,777,952,524,259,1,-1,-1,-1
1477,-1,702,973,511,255,1,-1,-1,-1
1478,-1,624,995,506,250,1,-1,-1,-1
1479,-1,548,1016,501,248,1,-1,-1,-1
1480,-1,472,1039,487,243,1,-1,-1,-1
1481,-1,411,1058,474,242,1,-1,-1,-1
1482,-1,404,1079,407,222,1,-1,-1,-1
1483,-1,383,1100,345,201,1,-1,-1,-1
1484,-1,165,1170,197,184,1,-1,-1,-1
1485,-1,87,1167,275,203,1,-1,-1,-1
1486,-1,10,1174,353,213,1,-1,-1,-1
1487,-1,0,1180,359,221,1,-1,-1,-1
1488,-1,0,1200,337,198,1,-1,-1,-1
1489,-1,0,1218,265,180,1,-1,-1,-1
1490,-1,0,1238,187,163,1,-1,-1,-1
1618,-1,562,802,51,53,1,-1,-1,-1
1619,-1,556,802,64,52,1,-1,-1,-1
1620,-1,557,802,69,55,1,-1,-1,-1
1621,-1,563,804,70,50,1,-1,-1,-1
1622,-1,570,802,70,53,1,-1,-1,-1
1623,-1,578,802,71,54,1,-1,-1,-1
1624,-1,584,801,71,57,1,-1,-1,-1
1625,-1,588,802,75,56,1,-1,-1,-1
1626,-1,595,800,76,58,1,-1,-1,-1
1627,-1,602,801,78,57,1,-1,-1,-1
1628,-1,609,799,79,60,1,-1,-1,-1
1629,-1,616,799,82,60,1,-1,-1,-1
1630,-1,623,797,84,61,1,-1,-1,-1
1631,-1,631,799,80,59,1,-1,-1,-1
1632,-1,639,796,73,63,1,-1,-1,-1
1633,-1,648,795,73,64,1,-1,-1,-1
1634,-1,657,798,69,62,1,-1,-1,-1
1635,-1,666,801,60,59,1,-1,-1,-1
1636,-1,676,803,54,58,1,-1,-1,-1
1637,-1,733,793,56,60,1,-1,-1,-1
1638,-1,734,788,62,70,1,-1,-1,-1
1639,-1,736,790,73,73,1,-1,-1,-1
1640,-1,740,789,85,78,1,-1,-1,-1
1641,-1,738,793,96,75,1,-1,-1,-1
1642,-1,741,793,113,77,1,-1,-1,-1
1643,-1,750,790,114,82,1,-1,-1,-1
1644,-1,760,792,113,83,1,-1,-1,-1
1645,-1,771,791,121,86,1,-1,-1,-1
1646,-1,783,786,119,94,1,-1,-1,-1
1647,-1,791,787,122,96,1,-1,-1,-1
1648,-1,802,793,126,94,1,-1,-1,-1
1649,-1,813,791,133,100,1,-1,-1,-1
1650,-1,824,789,133,107,1,-1,-1,-1
1651,-1,835,794,139,107,1,-1,-1,-1
1652,-1,847,794,141,113,1,-1,-1,-1
1654,-1,871,728,152,190,1,-1,-1,-1
1655,-1,884,731,159,193,1,-1,-1,-1
1656,-1,897,731,167,199,1,-1,-1,-1
1657,-1,912,734,179,203,1,-1,-1,-1
1658,-1,927,734,185,211,1,-1,-1,-1
1659,-1,945,801,199,152,1,-1,-1,-1
1660,-1,963,802,211,160,1,-1,-1,-1
1661,-1,984,804,226,167,1,-1,-1,-1
1662,-1,1007,813,251,170,1,-1,-1,-1
1663,-1,1031,808,269,189,1,-1,-1,-1
1664,-1,1058,808,287,202,1,-1,-1,-1
1665,-1,1088,810,304,215,1,-1,-1,-1
1666,-1,1122,816,333,225,1,-1,-1,-1
1667,-1,1161,817,368,244,1,-1,-1,-1
1668,-1,1203,819,409,265,1,-1,-1,-1
1669,-1,1254,822,450,288,1,-1,-1,-1
1670,-1,1311,835,513,307,1,-1,-1,-1
1671,-1,1382,845,571,335,1,-1,-1,-1
1674,-1,1682,860,878,499,1,-1,-1,-1
1675,-1,1833,858,727,602,1,-1,-1,-1
1676,-1,2027,907,533,513,1,-1,-1,-1
1768,-1,549,800,55,53,1,-1,-1,-1
1769,-1,552,800,64,55,1,-1,-1,-1
1770,-1,555,799,67,56,1,-1,-1,-1
1771,-1,554,799,77,56,1,-1,-1,-1
1772,-1,559,799,69,56,1,-1,-1,-1
1773,-1,564,798,81,60,1,-1,-1,-1
1774,-1,580,798,73,60,1,-1,-1,-1
1775,-1,587,801,71,58,1,-1,-1,-1
1776,-1,581,794,95,67,1,-1,-1,-1
1777,-1,586,797,89,63,1,-1,-1,-1
1778,-1,592,800,93,63,1,-1,-1,-1
1779,-1,598,796,100,64,1,-1,-1,-1
1780,-1,604,795,102,66,1,-1,-1,-1
1781,-1,611,795,92,67,1,-1,-1,-1
1782,-1,617,794,82,68,1,-1,-1,-1
1783,-1,624,794,86,69,1,-1,-1,-1
1784,-1,631,793,81,71,1,-1,-1,-1
1785,-1,637,793,85,71,1,-1,-1,-1
1786,-1,645,792,81,73,1,-1,-1,-1
1787,-1,653,799,75,67,1,-1,-1,-1
1788,-1,661,800,69,67,1,-1,-1,-1
1789,-1,669,803,63,66,1,-1,-1,-1
1790,-1,677,807,57,64,1,-1,-1,-1
1790,-1,734,795,70,64,1,-1,-1,-1
1791,-1,734,792,60,72,1,-1,-1,-1
1792,-1,736,792,86,76,1,-1,-1,-1
1793,-1,738,794,81,79,1,-1,-1,-1
1794,-1,739,790,86,88,1,-1,-1,-1
1795,-1,744,788,107,94,1,-1,-1,-1
1796,-1,741,788,117,96,1,-1,-1,-1
1797,-1,754,787,117,100,1,-1,-1,-1
1798,-1,747,793,140,97,1,-1,-1,-1
1799,-1,757,791,124,102,1,-1,-1,-1
1800,-1,770,791,124,105,1,-1,-1,-1
1801,-1,781,791,128,110,1,-1,-1,-1
1802,-1,792,791,132,114,1,-1,-1,-1
1803,-1,803,791,141,119,1,-1,-1,-1
1804,-1,816,793,139,121,1,-1,-1,-1
1805,-1,828,794,145,126,1,-1,-1,-1
1806,-1,841,795,149,130,1,-1,-1,-1
1807,-1,855,794,154,137,1,-1,-1,-1
1808,-1,869,796,160,142,1,-1,-1,-1
1809,-1,883,795,168,150,1,-1,-1,-1
1810,-1,897,797,177,156,1,-1,-1,-1
1811,-1,912,799,187,162,1,-1,-1,-1
1812,-1,930,801,196,169,1,-1,-1,-1
1813,-1,948,818,225,162,1,-1,-1,-1
1814,-1,966,820,239,172,1,-1,-1,-1
1815,-1,987,808,256,199,1,-1,-1,-1
1816,-1,1011,808,279,213,1,-1,-1,-1
1817,-1,1039,811,285,225,1,-1,-1,-1
1818,-1,1069,825,310,228,1,-1,-1,-1
1819,-1,1104,819,330,255,1,-1,-1,-1
1820,-1,1141,823,368,276,1,-1,-1,-1
1821,-1,1188,821,410,306,1,-1,-1,-1
1822,-1,1239,827,459,333,1,-1,-1,-1
1823,-1,1298,830,531,371,1,-1,-1,-1
1827,-1,1692,910,868,589,1,-1,-1,-1
1828,-1,1859,873,701,660,1,-1,-1,-1
2126,-1,2266,644,294,316,1,-1,-1,-1
2127,-1,2164,609,396,336,1,-1,-1,-1
2128,-1,2070,597,490,375,1,-1,-1,-1
2129,-1,1991,597,569,360,1,-1,-1,-1
2130,-1,1917,606,643,337,1,-1,-1,-1
2131,-1,1851,613,683,319,1,-1,-1,-1
2132,-1,1790,620,665,301,1,-1,-1,-1
2133,-1,1735,625,636,287,1,-1,-1,-1
2134,-1,1685,633,624,269,1,-1,-1,-1
2135,-1,1638,637,590,257,1,-1,-1,-1
2136,-1,1594,641,559,245,1,-1,-1,-1
2137,-1,1554,643,531,237,1,-1,-1,-1
2138,-1,1517,647,504,226,1,-1,-1,-1
2139,-1,1482,653,482,215,1,-1,-1,-1
2140,-1,1449,655,457,208,1,-1,-1,-1
2141,-1,1418,660,437,199,1,-1,-1,-1
2142,-1,1389,664,417,191,1,-1,-1,-1
2143,-1,1361,667,399,184,1,-1,-1,-1
2144,-1,1336,668,382,180,1,-1,-1,-1
2145,-1,1311,669,366,176,1,-1,-1,-1
2146,-1,1289,674,351,168,1,-1,-1,-1
2147,-1,1265,677,340,163,1,-1,-1,-1
2148,-1,1245,677,326,160,1,-1,-1,-1
2149,-1,1225,682,315,154,1,-1,-1,-1
2150,-1,1205,684,305,149,1,-1,-1,-1
2151,-1,1187,687,294,145,1,-1,-1,-1
2152,-1,1169,689,285,141,1,-1,-1,-1
2153,-1,1152,688,277,140,1,-1,-1,-1
2154,-1,1136,691,269,135,1,-1,-1,-1
2155,-1,1120,690,261,134,1,-1,-1,-1
2156,-1,1105,696,255,127,1,-1,-1,-1
2157,-1,1090,698,221,126,1,-1,-1,-1
2158,-1,1075,701,236,120,1,-1,-1,-1
2159,-1,1060,703,235,117,1,-1,-1,-1
2160,-1,1046,704,227,114,1,-1,-1,-1
2161,-1,1033,705,221,112,1,-1,-1,-1
2162,-1,1020,705,217,111,1,-1,-1,-1
2163,-1,1006,705,212,110,1,-1,-1,-1
2164,-1,994,709,209,105,1,-1,-1,-1
2165,-1,983,709,200,105,1,-1,-1,-1
2166,-1,971,713,196,100,1,-1,-1,-1
2167,-1,959,716,194,97,1,-1,-1,-1
2168,-1,948,715,187,98,1,-1,-1,-1
2169,-1,937,717,182,97,1,-1,-1,-1
2170,-1,925,718,180,96,1,-1,-1,-1
2171,-1,914,721,177,93,1,-1,-1,-1
2172,-1,904,723,170,92,1,-1,-1,-1
2173,-1,893,725,167,90,1,-1,-1,-1
2174,-1,883,728,162,88,1,-1,-1,-1
2175,-1,872,730,162,87,1,-1,-1,-1
2176,-1,862,730,157,87,1,-1,-1,-1
2177,-1,852,733,150,84,1,-1,-1,-1
2178,-1,842,736,153,82,1,-1,-1,-1
2179,-1,833,737,146,81,1,-1,-1,-1
2180,-1,822,739,147,79,1,-1,-1,-1
2181,-1,813,741,145,77,1,-1,-1,-1
2182,-1,803,743,144,76,1,-1,-1,-1
2183,-1,794,744,143,75,1,-1,-1,-1
2184,-1,785,744,141,75,1,-1,-1,-1
2185,-1,777,745,140,75,1,-1,-1,-1
2186,-1,769,746,132,74,1,-1,-1,-1
2187,-1,761,749,132,72,1,-1,-1,-1
2188,-1,753,750,127,71,1,-1,-1,-1
2189,-1,745,753,129,69,1,-1,-1,-1
2190,-1,738,754,125,68,1,-1,-1,-1
2191,-1,732,753,120,69,1,-1,-1,-1
2192,-1,730,754,116,67,1,-1,-1,-1
2193,-1,729,757,104,65,1,-1,-1,-1
2194,-1,723,761,97,61,1,-1,-1,-1
2195,-1,724,759,89,61,1,-1,-1,-1
2196,-1,720,761,87,58,1,-1,-1,-1
2197,-1,716,762,82,55,1,-1,-1,-1
2198,-1,716,762,69,54,1,-1,-1,-1
2199,-1,716,762,60,52,1,-1,-1,-1
2204,-1,653,769,51,56,1,-1,-1,-1
2205,-1,645,769,59,56,1,-1,-1,-1
2206,-1,642,769,62,57,1,-1,-1,-1
2207,-1,638,769,63,56,1,-1,-1,-1
2208,-1,632,770,69,55,1,-1,-1,-1
2209,-1,628,771,71,55,1,-1,-1,-1
2210,-1,623,769,76,57,1,-1,-1,-1
2211,-1,617,773,80,53,1,-1,-1,-1
2212,-1,613,771,75,55,1,-1,-1,-1
2213,-1,609,772,69,54,1,-1,-1,-1
2214,-1,604,775,71,51,1,-1,-1,-1
2215,-1,600,776,69,51,1,-1,-1,-1
2216,-1,595,775,67,52,1,-1,-1,-1
2217,-1,591,777,70,50,1,-1,-1,-1
2246,-1,557,810,69,51,1,-1,-1,-1
2247,-1,559,810,74,52,1,-1,-1,-1
2248,-1,563,812,76,51,1,-1,-1,-1
2249,-1,569,812,78,52,1,-1,-1,-1
2250,-1,574,812,82,53,1,-1,-1,-1
2251,-1,580,812,81,53,1,-1,-1,-1
2252,-1,585,812,84,54,1,-1,-1,-1
2253,-1,590,811,87,56,1,-1,-1,-1
2254,-1,596,811,75,59,1,-1,-1,-1
2255,-1,601,811,72,57,1,-1,-1,-1
2256,-1,608,811,72,58,1,-1,-1,-1
2257,-1,614,811,74,59,1,-1,-1,-1
2258,-1,620,811,76,60,1,-1,-1,-1
2259,-1,627,810,96,62,1,-1,-1,-1
2260,-1,634,810,91,63,1,-1,-1,-1
2261,-1,641,810,86,64,1,-1,-1,-1
2262,-1,648,809,82,66,1,-1,-1,-1
2263,-1,656,811,76,65,1,-1,-1,-1
2264,-1,665,814,69,65,1,-1,-1,-1
2265,-1,673,819,62,62,1,-1,-1,-1
2266,-1,681,820,57,63,1,-1,-1,-1
2266,-1,741,817,61,52,1,-1,-1,-1
2267,-1,738,811,75,63,1,-1,-1,-1
2268,-1,740,812,85,67,1,-1,-1,-1
2269,-1,740,812,97,71,1,-1,-1,-1
2270,-1,740,811,111,77,1,-1,-1,-1
2271,-1,740,812,123,81,1,-1,-1,-1
2272,-1,741,812,136,85,1,-1,-1,-1
2273,-1,749,811,141,89,1,-1,-1,-1
2274,-1,758,813,138,90,1,-1,-1,-1
2275,-1,768,814,126,93,1,-1,-1,-1
2276,-1,778,815,155,97,1,-1,-1,-1
2277,-1,789,817,162,100,1,-1,-1,-1
2278,-1,800,819,168,102,1,-1,-1,-1
2279,-1,812,821,171,106,1,-1,-1,-1
2280,-1,827,820,176,112,1,-1,-1,-1
2281,-1,836,823,139,115,1,-1,-1,-1
2282,-1,849,824,145,121,1,-1,-1,-1
2283,-1,861,827,152,125,1,-1,-1,-1
2284,-1,877,829,158,131,1,-1,-1,-1
2285,-1,891,834,167,135,1,-1,-1,-1
2286,-1,907,835,226,143,1,-1,-1,-1
2287,-1,924,836,242,152,1,-1,-1,-1
2288,-1,943,841,245,158,1,-1,-1,-1
2289,-1,963,849,269,164,1,-1,-1,-1
2290,-1,982,853,288,176,1,-1,-1,-1
2291,-1,1007,858,306,186,1,-1,-1,-1
2292,-1,1034,861,326,200,1,-1,-1,-1
2293,-1,1064,868,355,213,1,-1,-1,-1
2294,-1,1097,878,389,226,1,-1,-1,-1
2295,-1,1135,885,426,246,1,-1,-1,-1
2296,-1,1180,893,469,268,1,-1,-1,-1
2297,-1,1233,905,510,293,1,-1,-1,-1
2298,-1,1296,909,585,331,1,-1,-1,-1
2301,-1,1571,945,904,496,1,-1,-1,-1
2302,-1,1716,971,844,582,1,-1,-1,-1
2303,-1,1898,994,662,675,1,-1,-1,-1
2357,-1,560,801,52,54,1,-1,-1,-1
2358,-1,553,802,64,53,1,-1,-1,-1
2359,-1,556,801,72,55,1,-1,-1,-1
2360,-1,560,801,74,56,1,-1,-1,-1
2361,-1,564,807,76,51,1,-1,-1,-1
2362,-1,569,804,74,54,1,-1,-1,-1
2363,-1,581,807,68,52,1,-1,-1,-1
2364,-1,577,802,78,57,1,-1,-1,-1
2364,-1,2084,651,476,322,1,-1,-1,-1
2365,-1,582,806,81,54,1,-1,-1,-1
2365,-1,1947,660,613,293,1,-1,-1,-1
2366,-1,597,801,91,61,1,-1,-1,-1
2366,-1,1651,684,584,227,1,-1,-1,-1
2367,-1,602,801,90,61,1,-1,-1,-1
2367,-1,1578,689,505,211,1,-1,-1,-1
2368,-1,607,803,91,59,1,-1,-1,-1
2368,-1,1515,695,486,195,1,-1,-1,-1
2369,-1,612,801,95,62,1,-1,-1,-1
2369,-1,1460,699,443,183,1,-1,-1,-1
2370,-1,618,802,82,61,1,-1,-1,-1
2370,-1,1412,700,409,174,1,-1,-1,-1
2371,-1,624,800,83,64,1,-1,-1,-1
2371,-1,1370,704,379,164,1,-1,-1,-1
2372,-1,629,801,83,63,1,-1,-1,-1
2372,-1,1332,705,353,157,1,-1,-1,-1
2373,-1,635,804,86,61,1,-1,-1,-1
2373,-1,1297,706,329,151,1,-1,-1,-1
2374,-1,642,815,84,51,1,-1,-1,-1
2374,-1,1266,710,311,142,1,-1,-1,-1
2375,-1,648,802,79,64,1,-1,-1,-1
2375,-1,1237,714,294,133,1,-1,-1,-1
2376,-1,654,802,75,65,1,-1,-1,-1
2376,-1,1210,717,278,127,1,-1,-1,-1
2377,-1,660,803,71,65,1,-1,-1,-1
2377,-1,1186,722,263,118,1,-1,-1,-1
2378,-1,667,803,65,66,1,-1,-1,-1
2378,-1,1164,718,252,119,1,-1,-1,-1
2379,-1,674,804,59,67,1,-1,-1,-1
2379,-1,1143,722,242,111,1,-1,-1,-1
2380,-1,682,812,52,60,1,-1,-1,-1
2380,-1,736,796,73,68,1,-1,-1,-1
2380,-1,1123,721,233,110,1,-1,-1,-1
2381,-1,737,797,68,69,1,-1,-1,-1
2381,-1,1105,723,223,105,1,-1,-1,-1
2382,-1,737,799,90,71,1,-1,-1,-1
2382,-1,1087,724,196,102,1,-1,-1,-1
2383,-1,738,794,100,79,1,-1,-1,-1
2383,-1,1070,721,209,103,1,-1,-1,-1
2384,-1,744,797,105,80,1,-1,-1,-1
2384,-1,1053,724,205,98,1,-1,-1,-1
2385,-1,741,799,118,81,1,-1,-1,-1
2385,-1,1037,722,198,98,1,-1,-1,-1
2386,-1,741,797,128,85,1,-1,-1,-1
2386,-1,1022,724,195,94,1,-1,-1,-1
2387,-1,742,796,140,88,1,-1,-1,-1
2387,-1,1007,725,188,92,1,-1,-1,-1
2388,-1,747,796,142,89,1,-1,-1,-1
2388,-1,993,734,181,82,1,-1,-1,-1
2389,-1,756,796,151,91,1,-1,-1,-1
2389,-1,979,736,178,79,1,-1,-1,-1
2390,-1,766,795,156,94,1,-1,-1,-1
2390,-1,965,740,176,74,1,-1,-1,-1
2391,-1,773,796,149,96,1,-1,-1,-1
2391,-1,953,738,168,76,1,-1,-1,-1
2392,-1,786,796,157,99,1,-1,-1,-1
2392,-1,939,739,168,75,1,-1,-1,-1
2393,-1,794,796,158,102,1,-1,-1,-1
2393,-1,927,738,161,76,1,-1,-1,-1
2394,-1,803,794,160,107,1,-1,-1,-1
2394,-1,915,738,149,77,1,-1,-1,-1
2395,-1,813,738,241,167,1,-1,-1,-1
2396,-1,824,742,208,167,1,-1,-1,-1
2397,-1,833,744,186,170,1,-1,-1,-1
2398,-1,845,745,166,173,1,-1,-1,-1
2399,-1,855,747,152,175,1,-1,-1,-1
2400,-1,846,748,177,179,1,-1,-1,-1
2401,-1,836,752,204,180,1,-1,-1,-1
2402,-1,889,800,167,138,1,-1,-1,-1
2402,-1,826,753,124,65,1,-1,-1,-1
2403,-1,895,801,183,144,1,-1,-1,-1
2403,-1,816,754,124,64,1,-1,-1,-1
2404,-1,913,803,182,148,1,-1,-1,-1
2404,-1,806,755,127,63,1,-1,-1,-1
2405,-1,927,805,190,154,1,-1,-1,-1
2405,-1,797,755,118,64,1,-1,-1,-1
2406,-1,941,807,245,160,1,-1,-1,-1
2406,-1,789,755,112,64,1,-1,-1,-1
2407,-1,956,813,247,163,1,-1,-1,-1
2407,-1,780,760,95,59,1,-1,-1,-1
2408,-1,971,810,257,175,1,-1,-1,-1
2408,-1,772,759,94,61,1,-1,-1,-1
2409,-1,989,814,272,183,1,-1,-1,-1
2409,-1,764,759,97,61,1,-1,-1,-1
2410,-1,1007,816,281,194,1,-1,-1,-1
2410,-1,756,761,97,60,1,-1,-1,-1
2411,-1,1027,818,306,205,1,-1,-1,-1
2411,-1,748,761,89,60,1,-1,-1,-1
2412,-1,1049,821,330,215,1,-1,-1,-1
2412,-1,740,762,94,59,1,-1,-1,-1
2413,-1,1073,828,336,223,1,-1,-1,-1
2413,-1,735,764,84,57,1,-1,-1,-1
2414,-1,1101,829,381,240,1,-1,-1,-1
2414,-1,730,766,80,57,1,-1,-1,-1
2415,-1,1131,831,401,258,1,-1,-1,-1
2415,-1,727,766,75,55,1,-1,-1,-1
