221,-1,573.128,803.030,74.574,51.281,0.266,-1,-1,-1
222,-1,576.380,800.861,79.710,56.556,0.375,-1,-1,-1
223,-1,582.740,804.585,81.424,52.170,0.490,-1,-1,-1
224,-1,589.268,805.304,82.238,51.200,0.442,-1,-1,-1
225,-1,598.054,809.178,77.174,47.094,0.346,-1,-1,-1
226,-1,610.134,812.948,73.220,43.455,0.313,-1,-1,-1
227,-1,619.079,809.494,72.727,45.630,0.566,-1,-1,-1
228,-1,623.485,809.353,75.422,46.000,0.566,-1,-1,-1
229,-1,634.786,805.068,72.941,52.886,0.537,-1,-1,-1
230,-1,642.515,804.811,69.440,53.633,0.327,-1,-1,-1
231,-1,655.715,800.124,76.459,61.698,0.332,-1,-1,-1
232,-1,665.123,803.180,68.175,59.178,0.202,-1,-1,-1
236,-1,698.953,798.285,91.809,71.258,0.258,-1,-1,-1
237,-1,697.527,792.568,104.177,77.829,0.250,-1,-1,-1
238,-1,731.942,809.200,84.853,64.873,0.327,-1,-1,-1
239,-1,732.441,802.858,94.789,75.838,0.345,-1,-1,-1
240,-1,739.983,805.261,101.860,77.845,0.382,-1,-1,-1
241,-1,754.630,808.555,101.591,74.773,0.535,-1,-1,-1
242,-1,764.480,806.596,109.088,80.478,0.558,-1,-1,-1
243,-1,782.155,808.817,107.171,82.214,0.612,-1,-1,-1
244,-1,784.298,808.064,118.483,85.315,0.600,-1,-1,-1
245,-1,806.716,808.034,114.894,90.476,0.566,-1,-1,-1
246,-1,815.744,807.546,123.990,96.431,0.509,-1,-1,-1
247,-1,831.090,814.297,130.373,98.021,0.626,-1,-1,-1
248,-1,840.430,813.029,139.547,103.428,0.612,-1,-1,-1
249,-1,861.685,814.700,144.193,107.878,0.688,-1,-1,-1
249,-1,860.725,817.261,146.210,112.035,0.201,-1,-1,-1
250,-1,873.952,815.734,155.104,116.494,0.631,-1,-1,-1
251,-1,891.493,815.764,157.004,125.402,0.689,-1,-1,-1
252,-1,906.323,813.919,169.634,132.924,0.610,-1,-1,-1
252,-1,906.323,813.919,169.634,132.924,0.214,-1,-1,-1
253,-1,926.385,817.644,178.196,134.672,0.653,-1,-1,-1
254,-1,947.842,820.973,188.292,137.466,0.491,-1,-1,-1
255,-1,957.658,827.955,216.430,145.545,0.752,-1,-1,-1
255,-1,975.844,830.187,187.988,147.432,0.209,-1,-1,-1
256,-1,987.800,830.381,226.125,152.397,0.854,-1,-1,-1
257,-1,1020.438,832.269,235.868,166.368,0.926,-1,-1,-1
258,-1,1049.478,835.277,259.118,176.405,0.967,-1,-1,-1
259,-1,1073.952,838.325,290.670,191.849,0.965,-1,-1,-1
260,-1,1124.734,845.205,325.040,211.250,0.970,-1,-1,-1
261,-1,1168.955,847.422,350.684,242.096,0.969,-1,-1,-1
262,-1,1219.267,847.284,397.030,266.891,0.994,-1,-1,-1
263,-1,1274.272,864.363,451.228,276.925,0.998,-1,-1,-1
264,-1,1331.524,873.840,534.462,303.688,0.996,-1,-1,-1
265,-1,1427.987,881.811,605.109,350.656,0.982,-1,-1,-1
266,-1,1527.362,898.299,727.618,407.889,0.998,-1,-1,-1
267,-1,1654.504,899.037,900.415,486.423,0.999,-1,-1,-1
269,-1,2056.504,970.039,495.154,542.754,0.997,-1,-1,-1
638,-1,1554.048,496.782,61.784,60.106,0.214,-1,-1,-1
686,-1,1548.229,498.564,60.491,55.703,0.207,-1,-1,-1
694,-1,1544.116,500.278,67.541,55.982,0.273,-1,-1,-1
721,-1,1545.945,497.791,67.193,57.863,0.237,-1,-1,-1
728,-1,2429.825,755.393,126.615,220.821,0.269,-1,-1,-1
730,-1,2119.450,675.823,438.600,285.635,0.997,-1,-1,-1
732,-1,1885.517,663.615,551.932,254.128,0.992,-1,-1,-1
733,-1,1799.119,663.733,477.730,244.549,0.995,-1,-1,-1
734,-1,1718.451,674.822,433.133,212.952,0.994,-1,-1,-1
735,-1,1651.333,686.573,394.830,201.313,0.924,-1,-1,-1
736,-1,1590.141,686.396,359.302,192.550,0.944,-1,-1,-1
737,-1,1531.036,688.481,326.472,180.710,0.983,-1,-1,-1
738,-1,1482.698,698.024,298.692,165.132,0.986,-1,-1,-1
739,-1,1433.754,699.593,271.019,160.903,0.992,-1,-1,-1
740,-1,1394.259,701.412,269.265,155.866,0.932,-1,-1,-1
741,-1,1352.260,704.826,249.264,143.962,0.966,-1,-1,-1
741,-1,560.490,782.915,95.420,60.589,0.244,-1,-1,-1
742,-1,1322.488,701.304,222.159,145.181,0.823,-1,-1,-1
742,-1,571.487,787.013,91.890,56.395,0.465,-1,-1,-1
743,-1,1286.789,706.402,214.437,132.963,0.842,-1,-1,-1
743,-1,575.622,785.987,92.230,57.398,0.466,-1,-1,-1
744,-1,1256.076,710.194,200.856,127.624,0.870,-1,-1,-1
744,-1,580.469,787.461,93.437,56.468,0.348,-1,-1,-1
745,-1,1224.482,710.753,196.446,124.706,0.843,-1,-1,-1
745,-1,583.140,787.134,98.158,59.171,0.270,-1,-1,-1
746,-1,1196.248,709.759,183.391,124.490,0.831,-1,-1,-1
746,-1,590.557,788.667,89.882,56.803,0.354,-1,-1,-1
747,-1,1176.434,716.101,164.607,113.528,0.915,-1,-1,-1
747,-1,608.500,787.135,82.908,57.433,0.361,-1,-1,-1
748,-1,1154.654,717.261,156.532,110.672,0.888,-1,-1,-1
748,-1,615.679,788.494,83.181,56.584,0.449,-1,-1,-1
749,-1,1126.115,714.116,157.796,110.567,0.830,-1,-1,-1
749,-1,624.324,787.052,80.764,60.444,0.523,-1,-1,-1
750,-1,1111.656,722.648,139.064,99.740,0.877,-1,-1,-1
750,-1,628.944,787.476,77.755,61.868,0.559,-1,-1,-1
751,-1,1087.313,726.182,135.507,96.607,0.843,-1,-1,-1
751,-1,634.195,788.182,75.562,61.466,0.368,-1,-1,-1
752,-1,1069.496,722.485,132.020,97.983,0.834,-1,-1,-1
752,-1,637.872,789.304,73.702,62.079,0.338,-1,-1,-1
753,-1,1049.126,726.040,127.484,93.806,0.771,-1,-1,-1
753,-1,641.253,791.393,73.619,60.167,0.246,-1,-1,-1
754,-1,1029.026,729.619,128.068,88.829,0.733,-1,-1,-1
754,-1,652.601,780.381,92.589,68.551,0.263,-1,-1,-1
755,-1,1009.217,730.956,124.683,88.091,0.646,-1,-1,-1
756,-1,995.183,730.827,120.333,87.821,0.670,-1,-1,-1
757,-1,977.629,730.099,117.237,82.988,0.511,-1,-1,-1
757,-1,695.768,775.301,78.588,64.449,0.226,-1,-1,-1
758,-1,967.689,731.426,115.187,84.460,0.675,-1,-1,-1
758,-1,692.264,774.098,92.177,70.037,0.267,-1,-1,-1
759,-1,948.269,734.270,111.046,81.047,0.584,-1,-1,-1
759,-1,687.060,771.454,109.224,79.562,0.317,-1,-1,-1
760,-1,934.392,734.598,112.380,81.051,0.531,-1,-1,-1
760,-1,691.561,764.868,114.834,83.447,0.239,-1,-1,-1
761,-1,918.204,736.416,104.867,76.529,0.528,-1,-1,-1
761,-1,716.663,773.966,97.551,78.059,0.285,-1,-1,-1
762,-1,911.462,732.154,103.000,78.793,0.438,-1,-1,-1
762,-1,719.895,769.480,106.962,87.783,0.317,-1,-1,-1
763,-1,894.580,739.709,101.309,73.171,0.656,-1,-1,-1
763,-1,728.796,768.052,112.475,93.195,0.395,-1,-1,-1
764,-1,881.206,739.241,100.823,74.799,0.614,-1,-1,-1
764,-1,734.579,771.521,118.101,91.671,0.445,-1,-1,-1
765,-1,873.178,751.416,78.748,65.176,0.598,-1,-1,-1
765,-1,745.348,772.873,113.603,85.948,0.359,-1,-1,-1
765,-1,2432.429,711.329,124.478,235.829,0.232,-1,-1,-1
765,-1,844.268,765.480,55.166,58.419,0.211,-1,-1,-1
766,-1,861.935,751.111,77.585,60.789,0.560,-1,-1,-1
766,-1,750.204,765.359,136.920,97.430,0.433,-1,-1,-1
767,-1,2128.501,661.580,430.198,255.126,0.996,-1,-1,-1
767,-1,755.360,765.065,140.914,98.087,0.445,-1,-1,-1
767,-1,856.672,752.331,74.564,52.311,0.398,-1,-1,-1
767,-1,809.363,757.592,101.950,69.173,0.207,-1,-1,-1
768,-1,761.984,766.405,138.441,101.110,0.511,-1,-1,-1
768,-1,800.971,758.204,110.217,77.356,0.302,-1,-1,-1
768,-1,859.271,751.284,63.576,46.987,0.221,-1,-1,-1
769,-1,1914.802,664.812,626.332,232.139,0.940,-1,-1,-1
769,-1,771.003,759.681,134.454,110.586,0.414,-1,-1,-1
770,-1,1807.287,659.448,587.524,228.043,0.980,-1,-1,-1
770,-1,780.206,757.956,136.525,111.544,0.474,-1,-1,-1
771,-1,1743.075,670.192,529.671,213.834,0.987,-1,-1,-1
771,-1,779.562,754.701,149.252,116.739,0.623,-1,-1,-1
772,-1,1678.066,667.728,462.954,205.720,0.964,-1,-1,-1
772,-1,784.509,764.756,153.082,111.400,0.754,-1,-1,-1
773,-1,1615.790,673.044,408.616,190.617,0.960,-1,-1,-1
773,-1,795.992,768.737,152.909,109.245,0.681,-1,-1,-1
774,-1,1564.411,673.897,372.013,182.015,0.984,-1,-1,-1
774,-1,813.846,773.432,146.117,109.448,0.585,-1,-1,-1
774,-1,754.034,759.851,78.536,59.306,0.305,-1,-1,-1
775,-1,1519.489,677.767,333.967,171.599,0.985,-1,-1,-1
775,-1,814.843,773.884,158.955,113.290,0.648,-1,-1,-1
775,-1,742.787,761.294,84.443,56.781,0.309,-1,-1,-1
776,-1,1470.946,683.699,311.129,161.617,0.990,-1,-1,-1
776,-1,832.730,773.229,152.775,115.567,0.798,-1,-1,-1
776,-1,735.911,763.647,76.173,51.993,0.317,-1,-1,-1
777,-1,1432.994,691.575,282.243,151.853,0.982,-1,-1,-1
777,-1,842.628,771.802,157.878,120.827,0.725,-1,-1,-1
777,-1,730.037,763.434,69.564,50.299,0.310,-1,-1,-1
778,-1,1389.439,695.199,264.078,142.073,0.957,-1,-1,-1
778,-1,849.312,770.613,159.188,124.330,0.767,-1,-1,-1
778,-1,715.519,764.103,69.296,52.521,0.432,-1,-1,-1
779,-1,1353.363,695.488,251.030,138.718,0.958,-1,-1,-1
779,-1,858.641,768.400,160.597,130.942,0.806,-1,-1,-1
779,-1,719.843,765.227,57.391,51.197,0.322,-1,-1,-1
780,-1,1318.169,695.854,234.913,134.569,0.776,-1,-1,-1
780,-1,863.860,764.139,169.440,141.025,0.684,-1,-1,-1
780,-1,721.605,768.623,46.151,42.522,0.332,-1,-1,-1
781,-1,1285.757,703.433,224.352,123.770,0.842,-1,-1,-1
781,-1,870.820,763.514,177.648,142.821,0.363,-1,-1,-1
782,-1,1253.902,704.181,216.014,120.210,0.842,-1,-1,-1
782,-1,882.291,752.972,188.798,166.107,0.538,-1,-1,-1
783,-1,1219.843,699.528,203.765,124.960,0.863,-1,-1,-1
783,-1,887.130,769.912,193.160,163.426,0.634,-1,-1,-1
784,-1,1191.751,704.192,191.380,119.511,0.899,-1,-1,-1
784,-1,896.518,772.810,196.054,160.353,0.525,-1,-1,-1
785,-1,1172.050,707.540,176.004,113.074,0.903,-1,-1,-1
785,-1,916.835,777.084,200.070,163.004,0.729,-1,-1,-1
786,-1,1145.408,712.373,167.579,107.222,0.891,-1,-1,-1
786,-1,928.577,780.131,206.760,161.407,0.814,-1,-1,-1
787,-1,926.931,777.219,217.080,165.560,0.872,-1,-1,-1
787,-1,1129.385,714.466,150.553,101.930,0.780,-1,-1,-1
787,-1,646.508,784.445,48.008,36.869,0.273,-1,-1,-1
788,-1,924.107,780.865,229.154,170.404,0.938,-1,-1,-1
788,-1,1103.145,720.769,147.382,94.345,0.849,-1,-1,-1
788,-1,634.153,786.338,55.220,36.816,0.326,-1,-1,-1
789,-1,944.607,783.854,238.641,180.081,0.944,-1,-1,-1
789,-1,1068.980,723.331,150.794,86.613,0.712,-1,-1,-1
789,-1,630.356,787.947,52.817,34.454,0.292,-1,-1,-1
790,-1,956.904,781.121,245.705,192.104,0.947,-1,-1,-1
790,-1,1062.691,719.928,141.001,87.143,0.557,-1,-1,-1
790,-1,609.092,790.918,56.703,33.992,0.275,-1,-1,-1
791,-1,971.591,782.620,248.861,198.771,0.946,-1,-1,-1
791,-1,1026.570,721.085,144.439,83.366,0.499,-1,-1,-1
791,-1,601.961,788.766,67.103,37.616,0.312,-1,-1,-1
792,-1,982.878,784.597,269.818,208.188,0.943,-1,-1,-1
792,-1,1006.954,727.708,139.120,77.502,0.464,-1,-1,-1
792,-1,599.118,789.922,64.947,34.765,0.427,-1,-1,-1
793,-1,1002.564,791.625,278.984,214.575,0.859,-1,-1,-1
793,-1,989.347,727.983,134.308,83.305,0.635,-1,-1,-1
793,-1,593.731,788.990,66.909,35.349,0.426,-1,-1,-1
794,-1,1020.358,799.613,286.286,216.042,0.849,-1,-1,-1
794,-1,974.689,729.490,131.296,79.531,0.623,-1,-1,-1
794,-1,592.654,787.176,61.478,35.876,0.423,-1,-1,-1
795,-1,1032.142,793.260,317.400,231.361,0.733,-1,-1,-1
795,-1,963.598,733.939,124.707,78.319,0.731,-1,-1,-1
795,-1,586.377,788.112,65.077,36.258,0.345,-1,-1,-1
795,-1,1033.677,791.459,317.695,233.936,0.247,-1,-1,-1
796,-1,1044.397,793.521,344.879,255.330,0.871,-1,-1,-1
796,-1,945.696,736.598,117.371,74.647,0.716,-1,-1,-1
797,-1,1058.803,803.994,366.589,250.291,0.954,-1,-1,-1
797,-1,926.411,735.583,118.927,81.189,0.634,-1,-1,-1
798,-1,1078.129,796.170,387.194,279.176,0.824,-1,-1,-1
798,-1,911.207,736.897,109.620,77.486,0.548,-1,-1,-1
798,-1,1072.544,784.875,390.696,281.302,0.306,-1,-1,-1
799,-1,1097.244,789.313,445.644,302.198,0.818,-1,-1,-1
799,-1,890.514,737.548,119.561,79.845,0.461,-1,-1,-1
799,-1,1083.607,791.324,442.077,293.380,0.269,-1,-1,-1
800,-1,1123.431,795.111,437.806,302.740,0.592,-1,-1,-1
800,-1,886.765,739.082,102.762,75.821,0.556,-1,-1,-1
800,-1,1122.263,793.060,442.714,308.553,0.554,-1,-1,-1
801,-1,1129.113,793.026,497.613,327.645,0.547,-1,-1,-1
801,-1,857.933,749.495,106.561,70.272,0.465,-1,-1,-1
801,-1,1133.752,791.093,515.717,337.290,0.625,-1,-1,-1
802,-1,848.691,748.211,104.613,68.290,0.649,-1,-1,-1
802,-1,1150.828,796.297,539.552,343.699,0.612,-1,-1,-1
802,-1,1154.713,788.975,556.009,361.018,0.654,-1,-1,-1
803,-1,1183.107,800.393,574.912,356.048,0.824,-1,-1,-1
803,-1,839.970,750.038,96.272,63.880,0.575,-1,-1,-1
803,-1,1190.830,785.858,568.643,393.158,0.410,-1,-1,-1
804,-1,1219.796,804.086,635.610,387.820,0.831,-1,-1,-1
804,-1,821.410,758.524,101.972,62.358,0.574,-1,-1,-1
804,-1,1232.401,798.112,608.342,400.258,0.394,-1,-1,-1
805,-1,1248.127,797.389,699.511,411.302,0.927,-1,-1,-1
805,-1,806.832,757.404,100.497,61.003,0.746,-1,-1,-1
806,-1,2191.535,658.060,365.525,282.426,0.991,-1,-1,-1
806,-1,1303.079,786.826,759.374,456.539,0.904,-1,-1,-1
806,-1,797.026,757.291,95.851,59.335,0.662,-1,-1,-1
806,-1,1304.350,804.761,745.842,444.859,0.276,-1,-1,-1
807,-1,2067.248,659.204,486.631,282.691,0.997,-1,-1,-1
807,-1,1353.686,782.145,835.589,490.981,0.979,-1,-1,-1
807,-1,779.630,754.993,98.441,63.563,0.607,-1,-1,-1
807,-1,1351.366,801.168,797.059,499.558,0.277,-1,-1,-1
808,-1,1986.034,644.918,557.868,290.897,0.994,-1,-1,-1
808,-1,1415.950,799.421,894.494,546.147,0.940,-1,-1,-1
808,-1,769.087,758.557,94.978,58.666,0.695,-1,-1,-1
808,-1,1416.259,794.792,872.995,534.416,0.298,-1,-1,-1
809,-1,1867.337,654.886,588.930,256.726,0.909,-1,-1,-1
809,-1,1500.648,826.168,1002.537,558.804,0.893,-1,-1,-1
809,-1,766.541,757.486,84.630,58.586,0.586,-1,-1,-1
809,-1,1477.629,809.974,1007.774,553.685,0.568,-1,-1,-1
810,-1,1798.660,660.207,502.302,213.270,0.750,-1,-1,-1
810,-1,748.759,762.856,84.485,57.134,0.533,-1,-1,-1
810,-1,1548.438,813.654,1004.592,616.190,0.406,-1,-1,-1
811,-1,1692.871,665.341,487.213,224.781,0.970,-1,-1,-1
811,-1,1637.077,828.417,903.999,667.503,0.922,-1,-1,-1
811,-1,740.967,764.606,86.773,55.023,0.604,-1,-1,-1
812,-1,1624.331,670.179,459.027,221.686,0.983,-1,-1,-1
812,-1,732.697,765.453,79.427,51.661,0.542,-1,-1,-1
812,-1,1540.971,497.230,71.977,58.339,0.309,-1,-1,-1
813,-1,1571.403,674.342,414.523,199.907,0.968,-1,-1,-1
813,-1,1814.276,850.005,740.661,617.184,0.814,-1,-1,-1
813,-1,729.511,766.004,71.698,49.431,0.332,-1,-1,-1
813,-1,1540.141,497.941,70.406,58.904,0.252,-1,-1,-1
813,-1,1832.934,843.057,705.453,615.658,0.592,-1,-1,-1
814,-1,1524.483,674.678,379.433,197.735,0.986,-1,-1,-1
814,-1,719.772,765.438,64.359,50.055,0.370,-1,-1,-1
814,-1,1540.346,498.550,69.542,58.552,0.202,-1,-1,-1
814,-1,1929.088,879.664,604.874,550.596,0.758,-1,-1,-1
815,-1,1475.081,682.207,341.447,179.361,0.994,-1,-1,-1
815,-1,719.103,765.859,55.283,47.270,0.303,-1,-1,-1
815,-1,2094.252,902.834,452.613,584.209,0.853,-1,-1,-1
816,-1,1445.099,689.234,304.130,161.367,0.988,-1,-1,-1
816,-1,2292.958,783.966,258.237,743.216,0.262,-1,-1,-1
816,-1,715.500,767.912,48.888,43.984,0.258,-1,-1,-1
817,-1,1397.610,699.696,282.238,148.884,0.974,-1,-1,-1
818,-1,1352.882,699.067,261.865,143.137,0.988,-1,-1,-1
819,-1,1320.189,695.618,252.860,144.937,0.931,-1,-1,-1
820,-1,1289.345,699.060,233.759,140.812,0.960,-1,-1,-1
821,-1,1256.432,700.489,212.418,134.083,0.784,-1,-1,-1
821,-1,1544.715,496.009,77.708,63.222,0.278,-1,-1,-1
822,-1,1220.990,700.552,215.799,137.979,0.822,-1,-1,-1
823,-1,1194.126,709.734,202.066,124.587,0.867,-1,-1,-1
823,-1,638.193,788.212,53.871,33.438,0.226,-1,-1,-1
824,-1,1167.855,712.226,188.440,120.184,0.909,-1,-1,-1
824,-1,631.506,788.078,56.467,33.826,0.254,-1,-1,-1
825,-1,1145.768,716.169,173.049,112.107,0.890,-1,-1,-1
825,-1,625.504,787.488,57.426,34.484,0.323,-1,-1,-1
826,-1,1124.477,716.756,162.511,109.589,0.846,-1,-1,-1
826,-1,608.328,790.265,60.419,31.155,0.221,-1,-1,-1
826,-1,1552.669,496.494,61.285,60.519,0.208,-1,-1,-1
827,-1,1104.757,720.419,148.636,102.815,0.862,-1,-1,-1
827,-1,599.101,787.971,68.902,37.204,0.438,-1,-1,-1
828,-1,1073.574,728.726,152.424,95.259,0.859,-1,-1,-1
828,-1,596.871,788.124,67.821,36.500,0.476,-1,-1,-1
828,-1,1548.800,498.074,65.424,61.134,0.243,-1,-1,-1
829,-1,1051.243,726.073,154.134,99.493,0.794,-1,-1,-1
829,-1,593.396,785.374,68.210,37.413,0.548,-1,-1,-1
829,-1,1547.173,499.451,69.421,58.393,0.218,-1,-1,-1
829,-1,563.037,784.980,57.756,34.531,0.217,-1,-1,-1
830,-1,1035.373,729.563,139.805,92.490,0.824,-1,-1,-1
830,-1,588.246,784.412,66.296,38.320,0.496,-1,-1,-1
830,-1,558.721,782.855,67.582,37.885,0.214,-1,-1,-1
831,-1,1014.341,732.362,138.912,87.222,0.655,-1,-1,-1
831,-1,588.078,785.962,63.626,35.320,0.485,-1,-1,-1
831,-1,557.509,783.774,67.853,37.027,0.255,-1,-1,-1
832,-1,989.692,733.320,140.605,87.369,0.826,-1,-1,-1
832,-1,581.000,786.231,66.631,35.552,0.308,-1,-1,-1
833,-1,989.296,730.762,118.630,82.457,0.556,-1,-1,-1
833,-1,550.087,782.975,81.062,41.820,0.210,-1,-1,-1
834,-1,964.971,733.952,124.306,86.090,0.587,-1,-1,-1
835,-1,957.285,733.912,110.373,81.402,0.663,-1,-1,-1
835,-1,550.907,782.065,72.399,41.627,0.201,-1,-1,-1
836,-1,933.862,736.767,118.570,79.075,0.457,-1,-1,-1
836,-1,552.536,782.109,66.083,39.907,0.209,-1,-1,-1
837,-1,918.341,736.266,112.159,80.514,0.602,-1,-1,-1
837,-1,1549.986,500.330,63.988,56.839,0.233,-1,-1,-1
838,-1,908.661,736.588,107.995,75.711,0.528,-1,-1,-1
839,-1,890.969,738.599,104.279,76.190,0.589,-1,-1,-1
840,-1,887.968,743.187,95.122,69.810,0.545,-1,-1,-1
841,-1,856.214,746.217,107.654,73.559,0.573,-1,-1,-1
842,-1,847.857,748.905,95.010,67.829,0.678,-1,-1,-1
843,-1,838.043,753.014,91.934,63.039,0.583,-1,-1,-1
844,-1,820.362,754.303,96.190,66.450,0.651,-1,-1,-1
845,-1,812.979,753.583,89.344,63.710,0.727,-1,-1,-1
845,-1,1543.813,498.422,64.890,55.567,0.253,-1,-1,-1
846,-1,793.208,754.916,96.439,61.718,0.572,-1,-1,-1
846,-1,1541.721,498.194,66.298,55.296,0.305,-1,-1,-1
847,-1,778.352,755.024,96.695,64.675,0.644,-1,-1,-1
848,-1,771.014,755.268,89.261,61.283,0.705,-1,-1,-1
849,-1,765.706,756.251,81.788,59.980,0.597,-1,-1,-1
850,-1,746.834,762.849,86.090,56.934,0.590,-1,-1,-1
851,-1,735.912,762.241,88.840,57.698,0.651,-1,-1,-1
852,-1,732.830,763.349,77.453,55.000,0.562,-1,-1,-1
853,-1,728.237,761.869,71.316,55.661,0.300,-1,-1,-1
854,-1,714.972,765.304,71.421,52.710,0.341,-1,-1,-1
855,-1,719.451,765.996,54.947,49.014,0.255,-1,-1,-1
864,-1,631.409,785.315,57.155,37.542,0.318,-1,-1,-1
865,-1,624.283,788.717,58.895,34.067,0.278,-1,-1,-1
866,-1,601.729,790.991,68.982,34.823,0.301,-1,-1,-1
867,-1,597.518,790.182,71.012,35.279,0.406,-1,-1,-1
868,-1,596.712,788.923,67.917,36.477,0.396,-1,-1,-1
869,-1,592.417,787.107,67.549,35.571,0.469,-1,-1,-1
870,-1,580.599,784.205,73.273,40.027,0.324,-1,-1,-1
871,-1,584.790,784.187,64.054,39.440,0.300,-1,-1,-1
873,-1,546.290,780.253,84.767,44.706,0.250,-1,-1,-1
874,-1,548.508,779.796,77.281,44.556,0.259,-1,-1,-1
875,-1,546.875,778.093,74.690,46.199,0.237,-1,-1,-1
930,-1,8.170,1326.365,138.479,151.290,0.478,-1,-1,-1
931,-1,6.759,1311.002,174.119,181.624,0.929,-1,-1,-1
932,-1,0.000,1304.601,214.872,182.957,0.992,-1,-1,-1
933,-1,4.047,1292.079,252.403,192.180,0.994,-1,-1,-1
934,-1,6.660,1279.079,291.347,198.337,0.979,-1,-1,-1
935,-1,0.000,1271.714,325.220,201.850,0.979,-1,-1,-1
936,-1,0.000,1267.193,353.375,199.808,0.976,-1,-1,-1
937,-1,0.000,1258.208,379.390,198.275,0.944,-1,-1,-1
938,-1,0.000,1255.481,388.324,199.034,0.953,-1,-1,-1
939,-1,2.592,1250.116,407.581,226.168,0.984,-1,-1,-1
940,-1,0.000,1245.198,439.340,236.241,0.987,-1,-1,-1
941,-1,0.000,1246.506,460.805,245.479,0.982,-1,-1,-1
942,-1,0.000,1243.474,502.453,256.319,0.970,-1,-1,-1
943,-1,5.845,1249.256,491.597,242.163,0.955,-1,-1,-1
943,-1,418.835,1213.128,134.897,127.819,0.459,-1,-1,-1
944,-1,4.962,1248.874,466.478,231.114,0.943,-1,-1,-1
944,-1,418.827,1204.990,161.315,134.734,0.409,-1,-1,-1
945,-1,11.343,1249.162,453.854,222.433,0.849,-1,-1,-1
945,-1,420.778,1201.626,189.808,139.170,0.428,-1,-1,-1
946,-1,31.093,1234.259,534.709,238.143,0.852,-1,-1,-1
946,-1,411.889,1185.723,227.313,170.627,0.583,-1,-1,-1
946,-1,119.582,1140.482,497.136,250.901,0.233,-1,-1,-1
947,-1,60.010,1212.496,535.292,254.549,0.862,-1,-1,-1
947,-1,400.796,1178.333,253.548,184.621,0.761,-1,-1,-1
948,-1,407.686,1167.696,269.747,197.598,0.755,-1,-1,-1
948,-1,81.602,1209.992,481.467,258.053,0.690,-1,-1,-1
949,-1,98.177,1188.993,485.295,278.323,0.757,-1,-1,-1
949,-1,399.337,1168.961,285.406,187.923,0.529,-1,-1,-1
950,-1,128.188,1195.479,458.161,270.204,0.771,-1,-1,-1
950,-1,377.371,1167.101,349.523,179.222,0.637,-1,-1,-1
951,-1,147.639,1187.537,436.569,291.439,0.833,-1,-1,-1
951,-1,360.395,1159.319,371.151,179.283,0.619,-1,-1,-1
952,-1,155.864,1194.483,432.193,288.216,0.802,-1,-1,-1
952,-1,400.066,1146.803,339.351,192.271,0.654,-1,-1,-1
953,-1,392.215,1151.411,364.953,176.550,0.692,-1,-1,-1
953,-1,168.613,1194.212,423.193,280.742,0.620,-1,-1,-1
954,-1,201.967,1145.776,488.724,278.415,0.776,-1,-1,-1
954,-1,394.269,1144.823,375.483,184.870,0.469,-1,-1,-1
955,-1,226.485,1146.942,488.476,278.147,0.785,-1,-1,-1
955,-1,383.898,1144.955,406.045,182.087,0.489,-1,-1,-1
956,-1,289.641,1128.876,503.193,218.606,0.661,-1,-1,-1
956,-1,225.812,1175.696,397.965,323.797,0.582,-1,-1,-1
956,-1,226.956,1251.468,177.457,154.947,0.298,-1,-1,-1
957,-1,315.579,1127.170,502.800,219.110,0.724,-1,-1,-1
957,-1,235.904,1171.328,380.094,335.266,0.454,-1,-1,-1
957,-1,244.689,1257.044,154.650,146.952,0.272,-1,-1,-1
958,-1,332.685,1127.355,509.165,212.360,0.569,-1,-1,-1
958,-1,245.339,1166.147,361.602,346.302,0.368,-1,-1,-1
958,-1,256.957,1262.420,148.242,140.987,0.279,-1,-1,-1
959,-1,337.117,1124.976,534.238,216.664,0.748,-1,-1,-1
959,-1,244.281,1137.436,475.485,298.984,0.255,-1,-1,-1
960,-1,376.386,1118.463,505.372,217.289,0.802,-1,-1,-1
961,-1,372.477,1105.017,516.480,229.063,0.939,-1,-1,-1
962,-1,382.529,1107.776,520.083,224.936,0.946,-1,-1,-1
963,-1,378.981,1100.514,532.295,234.328,0.965,-1,-1,-1
964,-1,381.259,1100.670,541.435,237.828,0.985,-1,-1,-1
965,-1,388.802,1101.064,535.115,237.172,0.991,-1,-1,-1
966,-1,400.159,1099.871,540.456,241.954,0.994,-1,-1,-1
967,-1,404.595,1100.463,550.758,248.380,0.996,-1,-1,-1
968,-1,419.059,1098.454,552.177,251.042,0.996,-1,-1,-1
969,-1,419.375,1095.702,561.532,257.418,0.998,-1,-1,-1
970,-1,423.251,1092.897,574.333,266.114,0.998,-1,-1,-1
971,-1,429.720,1088.314,586.361,270.080,0.997,-1,-1,-1
972,-1,432.296,1087.366,590.308,263.019,0.997,-1,-1,-1
973,-1,429.322,1085.763,610.077,263.274,0.994,-1,-1,-1
974,-1,442.891,1080.340,610.349,272.152,0.993,-1,-1,-1
975,-1,466.031,1069.489,595.499,269.345,0.990,-1,-1,-1
976,-1,475.305,1070.907,613.374,263.289,0.986,-1,-1,-1
977,-1,480.871,1067.157,641.165,262.133,0.988,-1,-1,-1
978,-1,509.656,1054.374,618.127,271.060,0.994,-1,-1,-1
979,-1,548.137,1049.505,613.288,274.890,0.996,-1,-1,-1
980,-1,569.287,1044.178,642.378,270.904,0.994,-1,-1,-1
981,-1,590.879,1027.569,619.882,283.333,0.995,-1,-1,-1
982,-1,641.440,1022.047,611.122,283.992,0.997,-1,-1,-1
983,-1,659.247,1014.870,642.592,289.395,0.995,-1,-1,-1
984,-1,674.532,1009.433,650.585,286.819,0.995,-1,-1,-1
985,-1,715.936,1012.505,630.277,279.787,0.993,-1,-1,-1
986,-1,733.619,1003.570,655.452,286.121,0.973,-1,-1,-1
987,-1,766.533,995.634,664.417,277.663,0.966,-1,-1,-1
988,-1,789.223,990.043,683.960,272.410,0.970,-1,-1,-1
989,-1,832.424,992.358,663.937,279.103,0.969,-1,-1,-1
990,-1,872.629,974.166,684.619,279.473,0.975,-1,-1,-1
991,-1,897.393,973.982,697.316,279.574,0.962,-1,-1,-1
992,-1,943.495,960.853,703.650,292.316,0.963,-1,-1,-1
993,-1,954.851,973.497,728.486,275.365,0.921,-1,-1,-1
994,-1,1020.644,953.683,695.837,309.171,0.968,-1,-1,-1
994,-1,1106.941,945.943,439.501,147.908,0.215,-1,-1,-1
995,-1,1041.705,949.636,720.514,319.148,0.991,-1,-1,-1
996,-1,1063.144,947.016,739.741,338.080,0.996,-1,-1,-1
997,-1,1116.161,955.202,745.531,344.996,0.997,-1,-1,-1
998,-1,1182.347,950.213,741.727,357.941,0.998,-1,-1,-1
999,-1,1198.107,941.676,781.608,398.763,0.998,-1,-1,-1
1000,-1,1252.332,944.262,790.237,414.738,0.998,-1,-1,-1
1001,-1,1294.731,946.632,840.758,433.379,0.999,-1,-1,-1
1002,-1,1330.991,952.090,861.085,461.688,0.999,-1,-1,-1
1003,-1,1396.951,969.403,922.086,451.387,0.999,-1,-1,-1
1004,-1,1441.305,969.342,997.988,485.420,0.999,-1,-1,-1
1012,-1,2078.119,1069.286,470.055,565.904,0.997,-1,-1,-1
1013,-1,2224.749,1084.767,323.080,579.036,0.696,-1,-1,-1
1091,-1,2158.556,600.538,398.861,357.140,0.978,-1,-1,-1
1092,-1,2054.697,553.582,501.186,399.939,0.579,-1,-1,-1
1092,-1,2076.242,558.423,473.715,396.216,0.477,-1,-1,-1
1094,-1,1896.361,599.507,660.118,366.629,0.956,-1,-1,-1
1095,-1,1830.929,609.407,720.695,340.800,0.802,-1,-1,-1
1095,-1,1830.152,606.544,722.319,349.297,0.325,-1,-1,-1
1096,-1,1782.805,610.965,693.737,325.928,0.448,-1,-1,-1
1096,-1,1775.476,609.765,692.827,330.036,0.716,-1,-1,-1
1097,-1,1714.816,611.712,638.250,307.154,0.338,-1,-1,-1
1097,-1,1698.269,599.458,650.406,326.609,0.787,-1,-1,-1
1098,-1,1649.363,615.639,602.220,299.983,0.926,-1,-1,-1
1099,-1,1621.985,625.717,564.842,280.991,0.543,-1,-1,-1
1099,-1,1620.780,623.508,549.060,278.432,0.699,-1,-1,-1
1100,-1,1582.485,624.153,521.425,271.622,0.360,-1,-1,-1
1100,-1,1568.208,626.811,522.874,267.858,0.692,-1,-1,-1
1101,-1,1528.590,619.805,487.917,250.915,0.285,-1,-1,-1
1101,-1,1521.720,626.636,491.053,252.087,0.817,-1,-1,-1
1102,-1,1507.059,631.979,440.461,240.795,0.901,-1,-1,-1
1103,-1,1471.514,634.427,421.103,235.240,0.905,-1,-1,-1
1104,-1,1430.001,637.594,401.485,226.533,0.982,-1,-1,-1
1105,-1,1390.136,648.132,385.378,213.483,0.944,-1,-1,-1
1106,-1,1379.705,650.781,352.958,198.983,0.203,-1,-1,-1
1106,-1,1379.409,649.925,345.192,199.446,0.837,-1,-1,-1
1107,-1,1357.405,650.514,341.753,197.422,0.270,-1,-1,-1
1107,-1,1359.018,652.790,324.876,190.071,0.764,-1,-1,-1
1108,-1,1329.045,653.392,308.690,181.415,0.209,-1,-1,-1
1108,-1,1329.577,652.475,308.707,185.058,0.818,-1,-1,-1
1109,-1,1305.618,658.145,297.372,184.248,0.317,-1,-1,-1
1109,-1,1302.989,658.359,298.589,178.002,0.763,-1,-1,-1
1110,-1,1289.294,661.781,278.891,170.712,0.310,-1,-1,-1
1110,-1,1280.610,658.203,286.188,175.275,0.705,-1,-1,-1
1111,-1,1255.429,661.300,265.853,167.753,0.219,-1,-1,-1
1111,-1,1255.429,661.300,265.853,167.753,0.780,-1,-1,-1
1112,-1,1240.388,664.716,256.912,169.456,0.488,-1,-1,-1
1112,-1,1222.187,663.205,269.642,167.085,0.554,-1,-1,-1
1113,-1,1220.498,665.587,248.951,166.171,0.342,-1,-1,-1
1113,-1,1220.498,665.587,248.951,166.171,0.653,-1,-1,-1
1114,-1,1197.162,671.131,235.628,154.342,0.327,-1,-1,-1
1114,-1,1197.162,671.131,235.628,154.342,0.670,-1,-1,-1
1115,-1,1175.623,677.473,227.378,147.675,0.519,-1,-1,-1
1115,-1,1175.623,677.473,227.378,147.675,0.462,-1,-1,-1
1116,-1,1164.034,672.691,219.951,154.409,0.562,-1,-1,-1
1116,-1,1164.034,672.691,219.951,154.409,0.384,-1,-1,-1
1117,-1,1151.176,676.528,210.893,147.888,0.594,-1,-1,-1
1117,-1,1151.176,676.528,210.893,147.888,0.377,-1,-1,-1
1118,-1,1127.239,678.638,211.481,144.092,0.567,-1,-1,-1
1118,-1,1127.239,678.638,211.481,144.092,0.358,-1,-1,-1
1119,-1,1108.272,684.583,201.435,131.519,0.680,-1,-1,-1
1119,-1,1108.663,685.917,197.907,136.220,0.229,-1,-1,-1
1120,-1,1105.863,689.717,192.983,122.196,0.648,-1,-1,-1
1121,-1,1083.015,690.007,186.813,126.638,0.710,-1,-1,-1
1121,-1,1086.550,690.618,183.323,127.237,0.225,-1,-1,-1
1122,-1,1070.538,692.266,186.693,120.001,0.677,-1,-1,-1
1122,-1,1066.278,692.103,182.276,124.796,0.207,-1,-1,-1
1123,-1,1050.742,689.338,183.401,123.542,0.747,-1,-1,-1
1124,-1,1037.560,694.830,180.493,116.130,0.683,-1,-1,-1
1124,-1,1037.178,696.354,177.608,119.870,0.219,-1,-1,-1
1125,-1,1021.120,695.658,173.199,119.536,0.757,-1,-1,-1
1126,-1,1007.580,699.155,173.584,111.891,0.746,-1,-1,-1
1127,-1,990.695,699.342,176.177,110.384,0.670,-1,-1,-1
1127,-1,988.189,698.062,179.951,115.097,0.227,-1,-1,-1
1128,-1,983.915,699.702,165.900,111.943,0.811,-1,-1,-1
1129,-1,971.434,701.144,163.092,110.043,0.722,-1,-1,-1
1129,-1,968.151,701.298,166.032,114.221,0.204,-1,-1,-1
1130,-1,958.061,706.557,156.920,105.589,0.705,-1,-1,-1
1131,-1,951.280,706.173,153.624,104.615,0.710,-1,-1,-1
1132,-1,940.700,707.231,148.719,103.407,0.716,-1,-1,-1
1133,-1,931.638,709.244,145.182,99.060,0.675,-1,-1,-1
1134,-1,918.513,708.676,142.863,103.588,0.679,-1,-1,-1
1135,-1,907.703,712.293,141.391,99.578,0.749,-1,-1,-1
1136,-1,897.651,716.680,135.386,95.244,0.745,-1,-1,-1
1137,-1,889.031,718.725,132.257,95.979,0.667,-1,-1,-1
1138,-1,879.505,716.718,135.496,97.358,0.787,-1,-1,-1
1139,-1,868.594,720.216,132.276,92.579,0.791,-1,-1,-1
1140,-1,855.788,721.729,131.052,92.158,0.667,-1,-1,-1
1141,-1,2350.852,759.939,208.998,215.104,0.916,-1,-1,-1
1141,-1,850.373,722.487,131.042,93.858,0.592,-1,-1,-1
1142,-1,2242.711,707.954,312.399,255.771,0.950,-1,-1,-1
1142,-1,841.213,728.461,135.081,87.424,0.640,-1,-1,-1
1143,-1,2126.424,674.298,428.015,288.270,0.996,-1,-1,-1
1143,-1,828.901,732.533,124.759,80.971,0.686,-1,-1,-1
1144,-1,2043.284,673.262,514.252,303.955,0.997,-1,-1,-1
1144,-1,813.972,731.537,126.190,87.044,0.563,-1,-1,-1
1145,-1,812.028,734.731,120.313,80.294,0.584,-1,-1,-1
1146,-1,1863.740,672.306,682.617,264.543,0.976,-1,-1,-1
1146,-1,802.959,736.274,121.549,79.873,0.528,-1,-1,-1
1147,-1,1787.517,683.576,624.328,245.453,0.966,-1,-1,-1
1147,-1,797.658,737.342,116.990,79.739,0.655,-1,-1,-1
1148,-1,1729.038,680.075,558.288,239.109,0.971,-1,-1,-1
1148,-1,787.717,734.094,120.700,81.724,0.572,-1,-1,-1
1149,-1,1664.886,682.378,528.585,224.241,0.981,-1,-1,-1
1149,-1,783.434,736.708,116.408,75.380,0.420,-1,-1,-1
1150,-1,1635.723,687.814,474.904,214.044,0.993,-1,-1,-1
1150,-1,770.695,729.060,127.476,86.806,0.437,-1,-1,-1
1151,-1,1592.807,698.715,435.308,192.012,0.967,-1,-1,-1
1151,-1,765.000,737.050,123.247,80.476,0.597,-1,-1,-1
1152,-1,1553.783,700.232,404.640,185.279,0.967,-1,-1,-1
1152,-1,759.016,736.295,112.608,82.123,0.469,-1,-1,-1
1153,-1,1522.271,692.014,374.893,187.102,0.992,-1,-1,-1
1153,-1,757.833,741.377,108.236,74.381,0.399,-1,-1,-1
1154,-1,1480.785,701.804,361.712,173.890,0.994,-1,-1,-1
1154,-1,753.482,739.513,104.112,74.036,0.378,-1,-1,-1
1155,-1,1457.778,704.286,316.846,168.176,0.986,-1,-1,-1
1155,-1,733.738,743.844,111.862,74.043,0.248,-1,-1,-1
1156,-1,1426.858,706.967,312.628,159.828,0.987,-1,-1,-1
1156,-1,733.706,742.365,103.759,75.867,0.425,-1,-1,-1
1157,-1,1402.111,708.956,279.961,152.122,0.980,-1,-1,-1
1157,-1,732.769,745.587,95.421,70.972,0.441,-1,-1,-1
1158,-1,1367.087,709.035,278.504,145.723,0.938,-1,-1,-1
1158,-1,727.034,745.275,91.600,71.631,0.395,-1,-1,-1
1159,-1,1339.554,710.359,266.093,137.060,0.963,-1,-1,-1
1159,-1,724.709,742.950,88.788,72.686,0.320,-1,-1,-1
1160,-1,1318.362,712.833,261.997,142.196,0.858,-1,-1,-1
1160,-1,704.621,744.691,95.394,76.384,0.203,-1,-1,-1
1161,-1,1299.722,709.415,233.436,136.459,0.865,-1,-1,-1
1162,-1,1268.164,725.326,248.815,128.034,0.855,-1,-1,-1
1162,-1,701.088,747.385,88.432,67.503,0.268,-1,-1,-1
1163,-1,1258.904,714.394,216.234,127.509,0.780,-1,-1,-1
1163,-1,704.050,749.086,76.206,69.033,0.236,-1,-1,-1
1164,-1,1241.308,711.955,217.055,132.008,0.795,-1,-1,-1
1165,-1,1229.856,712.928,203.086,128.363,0.856,-1,-1,-1
1166,-1,1217.995,710.057,193.744,124.646,0.813,-1,-1,-1
1167,-1,1218.594,712.490,171.141,119.982,0.903,-1,-1,-1
1168,-1,1216.371,709.500,159.717,116.662,0.882,-1,-1,-1
1169,-1,1210.542,709.224,149.028,111.885,0.834,-1,-1,-1
1170,-1,1210.747,713.457,140.763,102.165,0.811,-1,-1,-1
1171,-1,1210.759,707.288,129.212,105.937,0.748,-1,-1,-1
1172,-1,1212.194,704.243,119.266,107.085,0.699,-1,-1,-1
1173,-1,1206.215,693.224,122.013,109.781,0.634,-1,-1,-1
1173,-1,642.678,772.303,59.927,50.384,0.280,-1,-1,-1
1174,-1,1212.963,694.730,115.534,102.348,0.654,-1,-1,-1
1174,-1,639.537,769.535,65.349,53.077,0.328,-1,-1,-1
1175,-1,1213.321,691.696,111.108,100.805,0.739,-1,-1,-1
1175,-1,633.423,770.782,70.231,50.540,0.236,-1,-1,-1
1176,-1,1218.764,685.521,107.340,103.188,0.677,-1,-1,-1
1176,-1,628.689,771.111,73.956,50.624,0.233,-1,-1,-1
1177,-1,1222.391,681.492,110.058,101.803,0.634,-1,-1,-1
1177,-1,625.134,772.436,71.382,48.914,0.318,-1,-1,-1
1178,-1,1223.301,681.868,109.859,93.962,0.431,-1,-1,-1
1178,-1,620.062,775.094,69.481,45.626,0.217,-1,-1,-1
1179,-1,1228.472,665.518,115.878,99.295,0.429,-1,-1,-1
1180,-1,1235.380,664.938,113.545,89.989,0.638,-1,-1,-1
1181,-1,1242.862,658.164,118.327,91.927,0.706,-1,-1,-1
1181,-1,592.771,770.448,87.919,53.244,0.201,-1,-1,-1
1182,-1,1251.946,657.132,125.251,86.717,0.669,-1,-1,-1
1182,-1,591.872,769.641,83.420,53.328,0.233,-1,-1,-1
1183,-1,1260.134,659.712,110.538,78.608,0.556,-1,-1,-1
1183,-1,588.592,772.523,82.401,50.246,0.328,-1,-1,-1
1184,-1,1279.509,642.100,120.280,81.048,0.589,-1,-1,-1
1184,-1,1268.467,663.363,92.458,67.311,0.312,-1,-1,-1
1184,-1,586.817,774.180,82.523,48.454,0.269,-1,-1,-1
1184,-1,1327.340,648.613,64.632,53.245,0.221,-1,-1,-1
1185,-1,1284.960,635.329,114.757,80.869,0.712,-1,-1,-1
1185,-1,582.188,772.533,83.699,50.972,0.249,-1,-1,-1
1186,-1,1298.891,635.383,105.392,75.236,0.721,-1,-1,-1
1187,-1,1309.821,634.249,91.057,72.155,0.625,-1,-1,-1
1188,-1,1326.673,614.494,101.812,81.048,0.368,-1,-1,-1
1188,-1,1318.088,639.398,77.544,59.888,0.324,-1,-1,-1
1189,-1,1339.641,616.722,92.734,68.301,0.442,-1,-1,-1
1190,-1,1354.612,622.042,61.751,53.637,0.373,-1,-1,-1
1190,-1,1368.487,605.376,99.311,73.583,0.249,-1,-1,-1
1191,-1,1414.403,593.471,80.594,56.093,0.334,-1,-1,-1
1191,-1,1372.637,607.540,91.068,70.028,0.256,-1,-1,-1
1191,-1,1372.296,624.054,43.231,46.319,0.213,-1,-1,-1
1192,-1,1396.820,589.008,104.676,58.602,0.445,-1,-1,-1
1193,-1,1416.192,580.088,94.133,66.869,0.603,-1,-1,-1
1193,-1,1399.535,594.072,66.483,55.170,0.374,-1,-1,-1
1193,-1,1541.034,496.150,72.360,58.623,0.307,-1,-1,-1
1194,-1,1413.914,575.726,103.086,65.240,0.456,-1,-1,-1
1195,-1,1423.727,576.315,96.471,61.595,0.290,-1,-1,-1
1195,-1,1420.525,554.316,139.852,93.682,0.205,-1,-1,-1
1196,-1,1447.307,557.540,120.848,71.856,0.525,-1,-1,-1
1196,-1,1434.314,586.056,70.962,45.410,0.209,-1,-1,-1
1197,-1,1454.961,552.419,113.231,71.504,0.467,-1,-1,-1
1198,-1,1471.126,557.372,81.299,59.445,0.371,-1,-1,-1
1198,-1,1468.180,508.148,137.283,109.662,0.254,-1,-1,-1
1199,-1,1487.052,537.363,103.296,73.412,0.458,-1,-1,-1
1199,-1,1484.008,557.048,64.696,53.741,0.241,-1,-1,-1
1200,-1,1503.230,519.290,89.476,79.590,0.476,-1,-1,-1
1202,-1,1534.067,510.483,97.657,74.440,0.236,-1,-1,-1
1203,-1,1540.739,510.934,93.150,69.677,0.381,-1,-1,-1
1212,-1,2356.040,719.686,203.082,248.437,0.924,-1,-1,-1
1213,-1,2237.113,650.351,321.891,305.697,0.989,-1,-1,-1
1214,-1,2141.620,639.969,414.642,306.318,0.996,-1,-1,-1
1215,-1,2047.534,636.420,508.912,342.692,0.996,-1,-1,-1
1217,-1,1906.348,621.527,637.226,323.006,0.976,-1,-1,-1
1218,-1,1842.211,632.040,612.736,307.483,0.950,-1,-1,-1
1219,-1,1774.955,639.870,575.898,285.548,0.980,-1,-1,-1
1220,-1,1716.285,646.807,543.793,275.204,0.972,-1,-1,-1
1221,-1,1669.025,647.751,509.152,269.914,0.970,-1,-1,-1
1222,-1,1613.283,644.611,467.444,253.125,0.990,-1,-1,-1
1223,-1,1574.536,656.295,424.531,235.392,0.995,-1,-1,-1
1224,-1,1536.018,668.807,404.256,214.026,0.994,-1,-1,-1
1225,-1,1526.272,663.140,343.497,207.708,0.967,-1,-1,-1
1226,-1,1464.922,667.004,352.521,205.339,0.986,-1,-1,-1
1227,-1,1442.526,670.311,320.477,193.424,0.981,-1,-1,-1
1228,-1,1408.472,677.656,301.552,185.096,0.982,-1,-1,-1
1229,-1,1386.751,680.632,279.234,177.708,0.976,-1,-1,-1
1230,-1,1355.810,686.817,258.844,166.112,0.981,-1,-1,-1
1231,-1,1324.405,685.403,253.825,163.471,0.982,-1,-1,-1
1232,-1,1299.464,687.384,241.071,161.639,0.986,-1,-1,-1
1233,-1,1271.912,692.620,241.921,149.568,0.975,-1,-1,-1
1234,-1,1238.517,694.353,238.014,151.775,0.872,-1,-1,-1
1235,-1,1223.958,695.236,223.069,149.064,0.958,-1,-1,-1
1236,-1,1194.224,693.696,224.134,146.516,0.972,-1,-1,-1
1236,-1,549.207,791.074,82.615,60.357,0.221,-1,-1,-1
1237,-1,1173.810,691.432,210.955,149.004,0.702,-1,-1,-1
1237,-1,549.689,788.288,87.975,65.811,0.219,-1,-1,-1
1238,-1,1163.814,692.549,190.188,142.712,0.851,-1,-1,-1
1238,-1,563.131,792.219,81.752,63.451,0.283,-1,-1,-1
1239,-1,1141.487,700.149,184.770,134.468,0.867,-1,-1,-1
1239,-1,567.726,790.998,83.292,67.373,0.356,-1,-1,-1
1240,-1,1120.749,701.976,179.748,128.871,0.870,-1,-1,-1
1240,-1,569.244,790.609,86.550,66.790,0.441,-1,-1,-1
1241,-1,1109.588,709.712,163.773,121.724,0.860,-1,-1,-1
1241,-1,573.219,791.398,90.966,64.543,0.504,-1,-1,-1
1242,-1,1086.493,707.394,168.302,121.700,0.863,-1,-1,-1
1242,-1,579.220,795.403,93.873,60.684,0.495,-1,-1,-1
1243,-1,1074.184,711.569,151.831,115.794,0.839,-1,-1,-1
1243,-1,584.412,795.709,94.556,59.412,0.524,-1,-1,-1
1244,-1,1057.676,708.711,151.362,116.415,0.887,-1,-1,-1
1244,-1,589.006,793.570,98.256,61.225,0.485,-1,-1,-1
1245,-1,1039.852,718.175,140.258,107.718,0.816,-1,-1,-1
1245,-1,603.970,800.096,80.492,54.100,0.511,-1,-1,-1
1246,-1,1030.748,713.921,137.855,107.602,0.854,-1,-1,-1
1246,-1,610.634,798.899,81.749,57.246,0.641,-1,-1,-1
1247,-1,999.066,720.952,145.941,102.411,0.761,-1,-1,-1
1247,-1,615.670,797.509,84.939,57.903,0.615,-1,-1,-1
1248,-1,994.089,716.831,138.242,105.921,0.880,-1,-1,-1
1248,-1,622.640,796.963,84.869,59.422,0.668,-1,-1,-1
1249,-1,981.150,719.978,136.183,100.470,0.796,-1,-1,-1
1249,-1,629.358,793.739,82.625,63.937,0.635,-1,-1,-1
1250,-1,967.433,724.665,129.499,96.879,0.797,-1,-1,-1
1250,-1,633.669,792.252,83.028,65.935,0.539,-1,-1,-1
1251,-1,957.364,720.723,125.994,99.241,0.786,-1,-1,-1
1251,-1,636.414,793.040,79.212,65.515,0.441,-1,-1,-1
1252,-1,945.058,724.651,121.370,93.854,0.600,-1,-1,-1
1252,-1,642.576,793.610,71.722,65.216,0.426,-1,-1,-1
1253,-1,930.128,728.406,120.351,90.803,0.571,-1,-1,-1
1253,-1,645.414,787.748,84.709,71.370,0.335,-1,-1,-1
1254,-1,923.248,731.093,110.133,85.939,0.701,-1,-1,-1
1254,-1,656.332,791.714,83.884,67.212,0.281,-1,-1,-1
1255,-1,915.686,730.595,101.571,84.612,0.621,-1,-1,-1
1255,-1,667.224,790.767,80.548,70.360,0.274,-1,-1,-1
1256,-1,894.897,733.494,115.019,84.387,0.564,-1,-1,-1
1257,-1,890.268,733.085,103.350,84.081,0.678,-1,-1,-1
1257,-1,689.736,786.950,91.253,74.443,0.355,-1,-1,-1
1258,-1,875.367,736.053,107.451,79.041,0.575,-1,-1,-1
1258,-1,695.212,787.218,97.060,76.507,0.478,-1,-1,-1
1259,-1,692.454,782.894,112.976,82.475,0.548,-1,-1,-1
1259,-1,856.039,741.110,103.256,81.984,0.512,-1,-1,-1
1260,-1,849.074,741.504,98.650,77.520,0.615,-1,-1,-1
1260,-1,715.468,789.551,94.621,77.561,0.461,-1,-1,-1
1260,-1,844.491,761.674,65.734,63.572,0.220,-1,-1,-1
1261,-1,844.132,741.929,98.140,75.911,0.553,-1,-1,-1
1261,-1,719.443,788.714,100.287,83.193,0.521,-1,-1,-1
1262,-1,720.508,784.416,113.879,89.439,0.552,-1,-1,-1
1262,-1,844.106,743.064,83.665,69.008,0.430,-1,-1,-1
1263,-1,818.884,743.275,95.307,76.552,0.518,-1,-1,-1
1263,-1,729.505,786.369,117.420,87.480,0.450,-1,-1,-1
1264,-1,716.846,770.342,135.900,105.289,0.509,-1,-1,-1
1264,-1,814.245,746.093,89.769,69.373,0.461,-1,-1,-1
1265,-1,719.375,767.949,142.196,110.583,0.569,-1,-1,-1
1265,-1,809.516,744.252,82.834,67.093,0.284,-1,-1,-1
1266,-1,734.056,767.114,138.721,113.494,0.518,-1,-1,-1
1267,-1,758.247,765.981,126.534,117.320,0.588,-1,-1,-1
1268,-1,764.694,766.125,134.758,115.271,0.477,-1,-1,-1
1269,-1,768.628,775.929,140.172,109.903,0.600,-1,-1,-1
1269,-1,749.337,761.330,75.455,59.774,0.220,-1,-1,-1
1270,-1,778.901,775.009,148.104,116.772,0.679,-1,-1,-1
1270,-1,742.246,754.951,80.351,68.271,0.285,-1,-1,-1
1271,-1,794.042,781.298,145.041,112.100,0.606,-1,-1,-1
1271,-1,731.580,751.155,85.701,72.170,0.338,-1,-1,-1
1272,-1,812.378,785.344,144.732,111.725,0.571,-1,-1,-1
1272,-1,733.075,755.060,79.079,66.679,0.384,-1,-1,-1
1273,-1,816.770,780.056,150.540,119.855,0.628,-1,-1,-1
1273,-1,719.557,753.970,71.072,65.800,0.284,-1,-1,-1
1274,-1,829.499,781.382,157.517,124.839,0.686,-1,-1,-1
1274,-1,711.547,755.253,73.868,64.677,0.472,-1,-1,-1
1275,-1,843.421,785.162,162.876,123.080,0.526,-1,-1,-1
1275,-1,710.090,756.036,69.046,65.636,0.320,-1,-1,-1
1275,-1,842.343,783.173,160.770,125.338,0.245,-1,-1,-1
1276,-1,855.346,782.922,162.683,131.071,0.667,-1,-1,-1
1276,-1,714.958,761.259,54.284,57.315,0.301,-1,-1,-1
1276,-1,855.346,782.922,162.683,131.071,0.206,-1,-1,-1
1277,-1,863.715,780.908,172.121,138.568,0.613,-1,-1,-1
1277,-1,863.715,780.908,172.121,138.568,0.223,-1,-1,-1
1278,-1,883.034,785.805,168.853,137.962,0.592,-1,-1,-1
1278,-1,876.838,783.367,174.769,141.162,0.222,-1,-1,-1
1279,-1,885.997,788.521,196.764,146.700,0.613,-1,-1,-1
1279,-1,891.786,781.851,176.156,147.116,0.218,-1,-1,-1
1280,-1,895.867,790.476,203.565,148.827,0.738,-1,-1,-1
1280,-1,898.782,781.402,185.871,152.078,0.224,-1,-1,-1
1281,-1,915.724,789.541,206.700,152.278,0.821,-1,-1,-1
1282,-1,925.373,789.866,215.178,154.018,0.859,-1,-1,-1
1283,-1,926.553,785.691,229.961,165.872,0.903,-1,-1,-1
1284,-1,945.221,787.601,240.828,170.955,0.933,-1,-1,-1
1284,-1,646.533,778.817,54.611,45.094,0.243,-1,-1,-1
1285,-1,964.402,790.605,247.144,177.996,0.893,-1,-1,-1
1285,-1,639.498,781.762,54.837,42.868,0.248,-1,-1,-1
1286,-1,983.864,786.809,254.829,195.549,0.857,-1,-1,-1
1286,-1,635.035,781.304,54.575,40.991,0.264,-1,-1,-1
1287,-1,995.758,787.164,278.676,210.714,0.946,-1,-1,-1
1287,-1,628.824,781.255,55.270,41.836,0.225,-1,-1,-1
1288,-1,1016.778,793.002,280.559,216.452,0.968,-1,-1,-1
1288,-1,625.051,781.967,54.458,41.348,0.310,-1,-1,-1
1289,-1,1046.045,782.031,297.592,232.478,0.972,-1,-1,-1
1289,-1,605.720,783.946,58.653,42.165,0.311,-1,-1,-1
1290,-1,1062.091,788.748,314.167,233.045,0.977,-1,-1,-1
1290,-1,600.322,783.469,64.669,43.169,0.358,-1,-1,-1
1291,-1,1087.894,796.088,332.779,247.403,0.991,-1,-1,-1
1291,-1,594.504,783.666,66.060,40.883,0.479,-1,-1,-1
1291,-1,557.756,782.059,63.478,38.495,0.214,-1,-1,-1
1292,-1,1102.146,791.721,371.157,269.133,0.993,-1,-1,-1
1292,-1,593.231,779.942,64.294,44.950,0.314,-1,-1,-1
1293,-1,1143.826,797.989,389.282,283.349,0.994,-1,-1,-1
1293,-1,588.308,777.576,65.469,49.075,0.215,-1,-1,-1
1294,-1,1164.319,798.272,451.917,304.204,0.984,-1,-1,-1
1295,-1,1207.296,807.749,479.506,325.384,0.985,-1,-1,-1
1295,-1,579.164,777.711,66.439,49.059,0.216,-1,-1,-1
1296,-1,1241.111,802.059,510.196,345.545,0.979,-1,-1,-1
1297,-1,1281.254,817.712,570.834,364.145,0.986,-1,-1,-1
1298,-1,1334.410,825.737,634.492,403.975,0.989,-1,-1,-1
1298,-1,544.957,776.860,81.420,50.484,0.280,-1,-1,-1
1299,-1,1383.216,820.151,721.609,451.609,0.995,-1,-1,-1
1299,-1,545.386,775.361,77.365,54.076,0.254,-1,-1,-1
1300,-1,1448.347,822.536,793.589,496.627,0.998,-1,-1,-1
1301,-1,1517.954,845.546,921.597,550.907,0.999,-1,-1,-1
1304,-1,1869.883,859.209,683.740,724.915,0.993,-1,-1,-1
1305,-1,2038.495,862.020,513.729,707.273,0.946,-1,-1,-1
1306,-1,2247.967,910.775,303.121,708.661,0.622,-1,-1,-1
1409,-1,1548.183,497.023,57.782,57.534,0.247,-1,-1,-1
1462,-1,2418.300,834.104,135.649,267.229,0.380,-1,-1,-1
1463,-1,2262.380,802.256,289.218,274.166,0.976,-1,-1,-1
1464,-1,2116.654,749.924,438.631,330.870,0.989,-1,-1,-1
1465,-1,1992.697,763.395,566.966,307.493,0.989,-1,-1,-1
1467,-1,1763.969,759.812,791.918,325.941,0.999,-1,-1,-1
1468,-1,1631.906,771.232,760.299,309.177,0.997,-1,-1,-1
1469,-1,1518.706,782.007,727.429,304.877,0.979,-1,-1,-1
1470,-1,1436.005,806.290,671.262,283.760,0.946,-1,-1,-1
1471,-1,1355.863,824.372,637.192,265.091,0.972,-1,-1,-1
1472,-1,1090.146,874.590,572.884,257.988,0.996,-1,-1,-1
1473,-1,1003.379,894.583,551.561,253.023,0.995,-1,-1,-1
1474,-1,925.562,908.681,554.441,246.979,0.997,-1,-1,-1
1475,-1,852.961,939.585,514.586,237.216,0.997,-1,-1,-1
1476,-1,780.820,962.531,513.645,240.063,0.997,-1,-1,-1
1477,-1,706.809,963.085,498.519,243.644,0.996,-1,-1,-1
1478,-1,627.546,992.617,497.531,228.467,0.994,-1,-1,-1
1479,-1,547.884,1017.999,487.920,232.037,0.995,-1,-1,-1
1480,-1,478.895,1021.567,459.843,237.241,0.997,-1,-1,-1
1481,-1,421.760,1041.227,449.132,229.886,0.996,-1,-1,-1
1482,-1,397.356,1062.725,391.501,204.044,0.958,-1,-1,-1
1483,-1,400.435,1080.644,306.278,192.460,0.917,-1,-1,-1
1483,-1,247.160,1088.031,422.102,261.046,0.233,-1,-1,-1
1484,-1,385.521,1117.197,236.545,171.207,0.780,-1,-1,-1
1484,-1,179.240,1155.083,358.811,174.499,0.369,-1,-1,-1
1484,-1,198.891,1052.808,434.333,247.923,0.241,-1,-1,-1
1485,-1,85.120,1193.013,334.119,177.060,0.836,-1,-1,-1
1485,-1,392.949,1134.672,153.958,133.912,0.307,-1,-1,-1
1485,-1,105.038,1047.160,465.573,256.203,0.281,-1,-1,-1
1486,-1,11.074,1193.550,368.657,189.842,0.992,-1,-1,-1
1487,-1,0.000,1181.179,362.714,186.373,0.988,-1,-1,-1
1488,-1,8.399,1192.140,305.424,177.142,0.980,-1,-1,-1
1489,-1,4.030,1207.767,238.743,169.531,0.979,-1,-1,-1
1490,-1,8.711,1227.558,147.469,147.685,0.422,-1,-1,-1
1623,-1,565.363,790.859,83.358,58.269,0.310,-1,-1,-1
1624,-1,566.402,793.319,86.258,57.999,0.295,-1,-1,-1
1625,-1,570.744,793.426,94.419,59.164,0.352,-1,-1,-1
1626,-1,575.820,794.619,99.702,58.135,0.463,-1,-1,-1
1627,-1,581.807,797.913,98.881,55.694,0.458,-1,-1,-1
1628,-1,600.744,798.157,81.558,50.318,0.464,-1,-1,-1
1629,-1,613.724,797.315,80.964,52.267,0.635,-1,-1,-1
1630,-1,620.777,796.979,83.531,53.139,0.617,-1,-1,-1
1631,-1,630.043,797.306,76.698,54.726,0.595,-1,-1,-1
1632,-1,639.233,797.288,69.819,55.869,0.531,-1,-1,-1
1633,-1,642.109,797.493,69.796,55.799,0.417,-1,-1,-1
1634,-1,657.741,792.810,73.012,59.503,0.268,-1,-1,-1
1637,-1,694.869,782.770,88.741,67.408,0.399,-1,-1,-1
1638,-1,707.118,782.034,85.673,69.557,0.506,-1,-1,-1
1639,-1,701.623,781.568,101.303,71.840,0.458,-1,-1,-1
1640,-1,725.775,783.984,94.726,72.959,0.620,-1,-1,-1
1641,-1,734.308,784.589,97.539,73.310,0.675,-1,-1,-1
1642,-1,739.083,787.275,105.772,72.690,0.668,-1,-1,-1
1643,-1,745.353,786.884,112.162,75.806,0.673,-1,-1,-1
1644,-1,756.248,788.216,112.715,76.747,0.757,-1,-1,-1
1645,-1,773.641,786.589,107.328,80.005,0.755,-1,-1,-1
1646,-1,783.467,787.477,107.600,81.048,0.606,-1,-1,-1
1647,-1,793.134,791.208,114.935,81.172,0.733,-1,-1,-1
1648,-1,802.954,788.108,119.512,87.133,0.577,-1,-1,-1
1649,-1,807.233,786.359,129.678,96.121,0.525,-1,-1,-1
1650,-1,821.386,788.886,129.578,95.715,0.583,-1,-1,-1
1651,-1,831.413,790.262,131.709,101.118,0.630,-1,-1,-1
1652,-1,841.935,787.899,141.820,108.473,0.531,-1,-1,-1
1653,-1,856.502,789.079,145.400,113.501,0.479,-1,-1,-1
1654,-1,871.693,790.462,150.634,116.701,0.689,-1,-1,-1
1655,-1,885.861,793.417,154.311,122.251,0.485,-1,-1,-1
1655,-1,881.708,789.244,153.415,124.881,0.243,-1,-1,-1
1656,-1,897.888,788.668,158.827,132.359,0.568,-1,-1,-1
1656,-1,897.888,788.668,158.827,132.359,0.206,-1,-1,-1
1657,-1,917.596,795.013,167.075,129.543,0.578,-1,-1,-1
1658,-1,929.746,794.349,176.168,136.359,0.659,-1,-1,-1
1658,-1,928.648,798.929,180.451,139.034,0.223,-1,-1,-1
1659,-1,934.056,793.350,203.749,149.664,0.673,-1,-1,-1
1660,-1,957.905,800.508,204.645,151.270,0.896,-1,-1,-1
1661,-1,983.435,806.180,212.997,156.176,0.859,-1,-1,-1
1662,-1,1003.780,808.368,223.794,172.016,0.896,-1,-1,-1
1663,-1,1026.189,815.891,252.705,171.735,0.978,-1,-1,-1
1664,-1,1052.669,808.339,266.568,189.914,0.946,-1,-1,-1
1665,-1,1083.106,809.965,292.014,195.913,0.971,-1,-1,-1
1666,-1,1123.417,812.126,321.985,217.486,0.977,-1,-1,-1
1667,-1,1150.767,814.978,367.639,237.705,0.971,-1,-1,-1
1668,-1,1199.521,819.319,398.657,260.885,0.993,-1,-1,-1
1669,-1,1240.708,820.561,451.971,279.081,0.991,-1,-1,-1
1670,-1,1282.456,822.513,525.324,306.806,0.984,-1,-1,-1
1671,-1,1371.877,827.818,588.857,338.374,0.991,-1,-1,-1
1672,-1,1438.170,836.585,680.286,386.360,0.996,-1,-1,-1
1673,-1,1538.140,844.441,780.362,431.714,0.998,-1,-1,-1
1675,-1,1799.834,855.775,756.484,608.298,0.998,-1,-1,-1
1676,-1,2024.629,883.037,530.876,516.880,0.997,-1,-1,-1
1677,-1,2264.816,888.188,287.681,591.318,0.236,-1,-1,-1
1776,-1,561.986,787.607,96.456,65.020,0.305,-1,-1,-1
1778,-1,574.491,788.737,101.002,65.285,0.370,-1,-1,-1
1779,-1,584.662,792.006,90.122,65.741,0.427,-1,-1,-1
1780,-1,588.154,793.038,92.507,67.028,0.330,-1,-1,-1
1781,-1,604.948,795.063,79.865,58.875,0.432,-1,-1,-1
1782,-1,612.617,793.428,81.638,59.765,0.486,-1,-1,-1
1783,-1,617.811,796.384,82.016,57.945,0.537,-1,-1,-1
1784,-1,627.566,796.875,79.987,59.733,0.495,-1,-1,-1
1785,-1,636.061,793.105,76.675,67.044,0.475,-1,-1,-1
1786,-1,638.806,795.174,70.827,64.381,0.425,-1,-1,-1
1787,-1,651.860,792.104,77.547,65.835,0.269,-1,-1,-1
1791,-1,697.060,782.869,83.371,77.814,0.350,-1,-1,-1
1792,-1,703.570,778.532,90.486,82.294,0.452,-1,-1,-1
1793,-1,724.111,788.110,83.930,74.353,0.406,-1,-1,-1
1794,-1,727.678,787.039,89.248,79.742,0.534,-1,-1,-1
1795,-1,728.678,782.197,97.916,83.205,0.632,-1,-1,-1
1796,-1,733.433,781.196,106.394,88.314,0.491,-1,-1,-1
1797,-1,737.388,784.472,111.117,89.689,0.521,-1,-1,-1
1798,-1,743.679,787.003,124.741,94.606,0.520,-1,-1,-1
1799,-1,754.964,786.617,122.984,95.735,0.581,-1,-1,-1
1800,-1,770.657,789.461,121.475,95.274,0.547,-1,-1,-1
1801,-1,781.405,790.999,123.306,95.847,0.516,-1,-1,-1
1802,-1,792.079,788.875,126.730,101.109,0.661,-1,-1,-1
1803,-1,801.623,787.683,131.072,107.458,0.611,-1,-1,-1
1804,-1,818.941,794.058,133.782,106.706,0.665,-1,-1,-1
1805,-1,823.774,789.185,146.222,116.837,0.652,-1,-1,-1
1806,-1,840.234,789.044,144.489,123.705,0.756,-1,-1,-1
1807,-1,854.768,790.517,150.753,125.584,0.794,-1,-1,-1
1808,-1,863.359,788.200,162.385,136.144,0.691,-1,-1,-1
1809,-1,883.201,792.542,164.387,134.456,0.708,-1,-1,-1
1810,-1,892.728,795.024,171.447,143.208,0.699,-1,-1,-1
1811,-1,909.098,801.478,187.991,150.546,0.756,-1,-1,-1
1812,-1,931.494,798.919,199.983,163.309,0.905,-1,-1,-1
1813,-1,940.342,799.065,214.041,169.981,0.901,-1,-1,-1
1814,-1,961.333,807.175,223.696,181.559,0.943,-1,-1,-1
1815,-1,983.689,806.395,238.650,190.351,0.962,-1,-1,-1
1816,-1,1002.861,807.951,268.281,205.140,0.924,-1,-1,-1
1817,-1,1035.449,800.692,281.604,218.485,0.827,-1,-1,-1
1818,-1,1053.908,810.911,306.731,226.470,0.935,-1,-1,-1
1819,-1,1096.361,812.294,348.527,254.588,0.918,-1,-1,-1
1820,-1,1141.498,807.468,369.757,288.219,0.971,-1,-1,-1
1821,-1,1184.388,818.348,415.753,304.896,0.904,-1,-1,-1
1821,-1,1176.358,811.512,417.417,314.695,0.278,-1,-1,-1
1822,-1,1229.062,817.467,477.101,341.799,0.858,-1,-1,-1
1822,-1,1224.584,816.979,468.330,340.436,0.465,-1,-1,-1
1823,-1,1278.516,813.236,534.450,393.397,0.892,-1,-1,-1
1823,-1,1283.421,816.325,525.173,387.374,0.310,-1,-1,-1
1824,-1,1351.718,824.477,617.607,420.216,0.970,-1,-1,-1
1825,-1,1437.939,831.529,713.800,483.882,0.971,-1,-1,-1
1826,-1,1549.484,837.882,834.240,544.617,0.975,-1,-1,-1
1827,-1,1687.444,840.297,851.210,639.455,0.987,-1,-1,-1
1829,-1,2075.391,896.609,475.119,647.109,0.658,-1,-1,-1
1829,-1,2066.134,904.675,480.918,623.763,0.227,-1,-1,-1
2126,-1,2262.917,641.145,283.598,323.969,0.878,-1,-1,-1
2127,-1,2158.841,627.769,398.132,317.139,0.876,-1,-1,-1
2128,-1,2059.192,560.115,495.611,417.492,0.848,-1,-1,-1
2129,-1,1991.907,599.787,558.547,362.628,0.307,-1,-1,-1
2130,-1,1906.067,611.072,626.149,324.998,0.758,-1,-1,-1
2130,-1,1911.680,604.675,638.843,346.511,0.378,-1,-1,-1
2131,-1,1825.509,612.519,625.621,323.726,0.750,-1,-1,-1
2131,-1,1828.964,608.894,615.944,328.330,0.287,-1,-1,-1
2132,-1,1781.458,618.179,569.784,309.511,0.732,-1,-1,-1
2132,-1,1786.498,613.042,562.399,308.188,0.332,-1,-1,-1
2133,-1,1725.812,629.051,529.175,287.850,0.860,-1,-1,-1
2133,-1,1726.491,625.503,524.234,286.853,0.203,-1,-1,-1
2134,-1,1677.648,631.990,490.111,262.397,0.925,-1,-1,-1
2135,-1,1628.059,626.625,450.296,259.046,0.915,-1,-1,-1
2136,-1,1594.252,631.504,417.405,250.233,0.900,-1,-1,-1
2137,-1,1542.870,647.343,398.300,230.026,0.880,-1,-1,-1
2138,-1,1505.475,649.103,376.164,223.087,0.772,-1,-1,-1
2138,-1,1510.814,645.006,378.376,225.864,0.272,-1,-1,-1
2139,-1,1476.906,659.511,355.926,203.124,0.785,-1,-1,-1
2139,-1,1478.516,658.157,358.510,201.225,0.221,-1,-1,-1
2140,-1,1437.679,659.438,337.267,194.478,0.805,-1,-1,-1
2140,-1,1444.625,707.600,190.693,145.966,0.200,-1,-1,-1
2140,-1,1449.283,661.754,318.892,196.664,0.231,-1,-1,-1
2141,-1,1408.866,661.641,318.061,195.464,0.790,-1,-1,-1
2141,-1,1408.969,662.559,322.125,190.251,0.209,-1,-1,-1
2142,-1,1375.685,671.361,309.149,177.202,0.694,-1,-1,-1
2142,-1,1381.828,668.296,300.052,183.835,0.324,-1,-1,-1
2143,-1,1368.029,673.109,285.219,172.113,0.948,-1,-1,-1
2143,-1,1355.123,695.207,163.928,142.154,0.216,-1,-1,-1
2144,-1,1334.018,669.918,266.134,166.252,0.933,-1,-1,-1
2145,-1,1316.532,672.775,247.476,167.988,0.937,-1,-1,-1
2146,-1,1296.169,681.724,232.437,153.080,0.961,-1,-1,-1
2147,-1,1261.955,678.587,234.208,154.177,0.829,-1,-1,-1
2148,-1,1245.092,681.870,219.840,153.740,0.878,-1,-1,-1
2149,-1,1226.287,683.862,211.994,146.567,0.939,-1,-1,-1
2150,-1,1196.636,685.359,213.075,143.448,0.949,-1,-1,-1
2151,-1,1182.974,683.970,199.861,145.257,0.730,-1,-1,-1
2152,-1,1170.489,684.864,192.955,141.681,0.707,-1,-1,-1
2153,-1,1153.757,682.253,182.816,145.264,0.636,-1,-1,-1
2153,-1,1154.993,683.100,186.247,139.638,0.213,-1,-1,-1
2154,-1,1141.475,688.324,170.924,136.731,0.767,-1,-1,-1
2155,-1,1122.928,686.057,171.957,139.610,0.758,-1,-1,-1
2156,-1,1107.412,688.295,166.101,129.084,0.652,-1,-1,-1
2157,-1,1091.445,689.538,164.321,129.428,0.659,-1,-1,-1
2157,-1,1086.744,698.425,168.328,121.694,0.206,-1,-1,-1
2158,-1,1073.497,695.846,170.391,122.564,0.707,-1,-1,-1
2159,-1,1064.472,696.016,150.778,119.717,0.703,-1,-1,-1
2159,-1,1054.454,722.315,95.256,90.242,0.209,-1,-1,-1
2160,-1,1046.557,700.062,154.037,113.340,0.664,-1,-1,-1
2161,-1,1031.540,704.022,151.527,108.297,0.702,-1,-1,-1
2162,-1,1021.749,705.204,144.822,108.532,0.765,-1,-1,-1
2163,-1,995.581,706.118,153.665,108.221,0.671,-1,-1,-1
2164,-1,989.532,705.817,142.911,106.935,0.562,-1,-1,-1
2164,-1,989.532,705.817,142.911,106.935,0.212,-1,-1,-1
2165,-1,979.912,709.635,139.741,101.796,0.728,-1,-1,-1
2166,-1,974.060,711.487,131.600,100.098,0.566,-1,-1,-1
2167,-1,963.232,711.960,127.736,99.336,0.586,-1,-1,-1
2168,-1,947.412,714.948,132.812,95.856,0.636,-1,-1,-1
2169,-1,937.470,716.519,129.175,94.276,0.470,-1,-1,-1
2170,-1,928.165,715.381,124.464,96.454,0.532,-1,-1,-1
2171,-1,921.011,722.233,114.555,85.534,0.637,-1,-1,-1
2172,-1,909.140,722.003,108.645,88.739,0.391,-1,-1,-1
2173,-1,891.460,719.610,120.700,93.430,0.262,-1,-1,-1
2174,-1,883.034,719.850,127.621,93.995,0.335,-1,-1,-1
2175,-1,872.824,723.668,112.076,84.998,0.363,-1,-1,-1
2176,-1,865.057,726.667,115.466,81.959,0.516,-1,-1,-1
2177,-1,853.884,732.394,116.123,80.185,0.536,-1,-1,-1
2178,-1,847.163,735.610,104.144,78.379,0.666,-1,-1,-1
2179,-1,835.950,734.650,98.591,79.135,0.559,-1,-1,-1
2180,-1,821.146,739.370,106.335,74.657,0.292,-1,-1,-1
2181,-1,814.705,743.213,102.521,71.729,0.339,-1,-1,-1
2182,-1,798.614,744.780,104.562,72.254,0.341,-1,-1,-1
2183,-1,791.323,747.032,104.543,70.717,0.265,-1,-1,-1
2184,-1,775.358,746.960,108.041,73.463,0.337,-1,-1,-1
2185,-1,775.050,738.327,100.171,74.155,0.285,-1,-1,-1
2186,-1,762.751,745.494,103.994,72.707,0.221,-1,-1,-1
2187,-1,760.509,748.108,98.253,69.172,0.266,-1,-1,-1
2189,-1,739.953,751.814,91.163,66.542,0.207,-1,-1,-1
2190,-1,732.233,750.465,92.464,67.955,0.206,-1,-1,-1
2210,-1,627.068,778.868,59.063,39.768,0.203,-1,-1,-1
2214,-1,590.085,782.818,75.903,40.358,0.223,-1,-1,-1
2215,-1,587.908,781.315,72.204,41.251,0.216,-1,-1,-1
2252,-1,570.587,804.462,94.406,54.772,0.281,-1,-1,-1
2253,-1,579.258,809.349,86.364,50.954,0.292,-1,-1,-1
2254,-1,581.670,808.085,90.116,56.152,0.212,-1,-1,-1
2255,-1,586.928,809.652,89.569,54.677,0.233,-1,-1,-1
2256,-1,587.266,806.471,94.547,57.957,0.284,-1,-1,-1
2257,-1,608.957,811.921,73.403,50.370,0.205,-1,-1,-1
2258,-1,611.855,811.765,78.032,49.829,0.276,-1,-1,-1
2259,-1,622.415,810.320,73.243,52.519,0.334,-1,-1,-1
2260,-1,627.632,809.102,74.548,54.771,0.236,-1,-1,-1
2268,-1,698.926,789.689,95.797,81.674,0.228,-1,-1,-1
2269,-1,707.318,791.593,87.460,79.566,0.222,-1,-1,-1
2270,-1,730.538,805.441,89.699,72.023,0.337,-1,-1,-1
2271,-1,731.593,805.267,96.648,76.350,0.333,-1,-1,-1
2272,-1,738.162,804.146,101.058,82.548,0.301,-1,-1,-1
2273,-1,743.364,802.058,103.892,85.784,0.395,-1,-1,-1
2274,-1,758.738,807.958,104.861,84.594,0.579,-1,-1,-1
2275,-1,772.232,809.233,103.035,85.425,0.700,-1,-1,-1
2276,-1,780.239,807.858,131.091,95.054,0.509,-1,-1,-1
2277,-1,786.997,810.251,126.195,95.726,0.584,-1,-1,-1
2278,-1,797.421,814.459,125.549,97.392,0.571,-1,-1,-1
2279,-1,813.605,814.931,123.009,97.775,0.481,-1,-1,-1
2280,-1,824.014,818.750,126.609,100.806,0.632,-1,-1,-1
2281,-1,837.537,818.959,133.866,109.675,0.718,-1,-1,-1
2282,-1,851.227,822.653,139.602,114.186,0.696,-1,-1,-1
2283,-1,864.606,824.562,141.660,116.448,0.822,-1,-1,-1
2284,-1,875.205,820.826,153.997,127.400,0.775,-1,-1,-1
2285,-1,886.798,826.931,163.652,132.791,0.783,-1,-1,-1
2286,-1,895.261,821.733,177.225,147.788,0.643,-1,-1,-1
2287,-1,926.203,831.543,175.143,151.205,0.718,-1,-1,-1
2288,-1,951.685,843.610,198.199,156.342,0.724,-1,-1,-1
2289,-1,960.284,842.937,211.213,167.007,0.926,-1,-1,-1
2290,-1,984.643,846.206,217.108,173.907,0.959,-1,-1,-1
2291,-1,1008.610,851.793,251.415,188.622,0.910,-1,-1,-1
2292,-1,1033.792,858.460,261.172,198.878,0.950,-1,-1,-1
2293,-1,1066.251,851.651,277.426,214.962,0.923,-1,-1,-1
2294,-1,1102.857,862.962,294.248,227.117,0.969,-1,-1,-1
2295,-1,1129.139,874.777,334.151,248.925,0.982,-1,-1,-1
2296,-1,1169.222,871.025,371.911,282.741,0.992,-1,-1,-1
2297,-1,1223.854,881.355,417.722,311.013,0.989,-1,-1,-1
2298,-1,1275.422,888.955,501.151,336.633,0.989,-1,-1,-1
2299,-1,1365.528,906.807,558.783,385.958,0.983,-1,-1,-1
2300,-1,1444.710,917.722,657.139,438.816,0.996,-1,-1,-1
2301,-1,1565.504,935.590,788.618,502.069,0.998,-1,-1,-1
2304,-1,2136.603,1040.444,411.315,564.434,0.986,-1,-1,-1
2361,-1,547.708,786.084,84.594,66.489,0.206,-1,-1,-1
2362,-1,2429.212,746.437,124.113,235.188,0.355,-1,-1,-1
2362,-1,543.073,785.575,94.989,67.214,0.205,-1,-1,-1
2363,-1,2235.229,692.799,319.369,259.476,0.987,-1,-1,-1
2364,-1,561.925,791.003,87.394,65.154,0.219,-1,-1,-1
2365,-1,565.740,792.208,89.618,63.921,0.296,-1,-1,-1
2366,-1,1644.230,677.555,467.842,225.758,0.996,-1,-1,-1
2366,-1,580.863,796.939,94.715,62.399,0.455,-1,-1,-1
2367,-1,1568.779,695.830,426.972,189.615,0.978,-1,-1,-1
2367,-1,584.450,794.939,93.213,63.591,0.578,-1,-1,-1
2368,-1,1515.702,682.553,380.624,195.511,0.963,-1,-1,-1
2368,-1,592.698,796.057,88.596,61.670,0.458,-1,-1,-1
2369,-1,1461.556,687.984,339.436,181.137,0.977,-1,-1,-1
2369,-1,605.315,798.292,82.206,55.058,0.546,-1,-1,-1
2370,-1,1415.629,698.137,296.373,164.590,0.985,-1,-1,-1
2370,-1,611.073,798.875,82.189,54.628,0.577,-1,-1,-1
2371,-1,1369.691,701.380,283.187,158.652,0.948,-1,-1,-1
2371,-1,619.320,801.330,79.887,54.549,0.539,-1,-1,-1
2372,-1,1335.290,706.554,261.950,147.313,0.982,-1,-1,-1
2372,-1,628.472,801.997,76.715,55.403,0.560,-1,-1,-1
2373,-1,1303.842,704.385,233.978,148.010,0.918,-1,-1,-1
2373,-1,632.618,797.718,77.383,60.616,0.626,-1,-1,-1
2374,-1,1262.735,710.682,238.887,138.848,0.880,-1,-1,-1
2374,-1,637.476,798.018,73.482,59.997,0.508,-1,-1,-1
2375,-1,1238.144,705.072,208.151,135.156,0.800,-1,-1,-1
2375,-1,640.058,798.803,71.606,58.802,0.402,-1,-1,-1
2376,-1,1208.362,709.515,198.697,129.489,0.864,-1,-1,-1
2376,-1,658.606,797.179,70.226,60.892,0.273,-1,-1,-1
2377,-1,1183.090,708.868,196.459,124.954,0.860,-1,-1,-1
2378,-1,1162.565,714.735,180.706,116.248,0.907,-1,-1,-1
2379,-1,1147.882,716.802,165.426,112.684,0.925,-1,-1,-1
2380,-1,1133.173,717.514,153.464,106.135,0.877,-1,-1,-1
2381,-1,1107.070,719.852,156.402,102.591,0.912,-1,-1,-1
2381,-1,697.256,783.260,87.713,77.254,0.491,-1,-1,-1
2382,-1,1091.348,721.866,146.168,97.065,0.850,-1,-1,-1
2382,-1,706.337,785.815,87.145,77.156,0.435,-1,-1,-1
2383,-1,1070.478,722.804,146.605,96.885,0.896,-1,-1,-1
2383,-1,726.257,791.577,78.904,73.514,0.465,-1,-1,-1
2384,-1,1055.464,723.361,142.215,92.670,0.825,-1,-1,-1
2384,-1,728.404,788.936,87.837,79.411,0.499,-1,-1,-1
2385,-1,1042.608,726.628,134.735,89.673,0.818,-1,-1,-1
2385,-1,731.488,784.563,96.679,84.306,0.620,-1,-1,-1
2386,-1,1023.952,724.888,134.738,87.889,0.747,-1,-1,-1
2386,-1,736.328,785.875,100.548,83.126,0.573,-1,-1,-1
2387,-1,1004.018,728.795,136.861,85.528,0.680,-1,-1,-1
2387,-1,737.875,786.745,108.479,84.297,0.540,-1,-1,-1
2388,-1,990.153,727.153,132.976,84.109,0.723,-1,-1,-1
2388,-1,745.289,790.725,114.207,85.630,0.476,-1,-1,-1
2389,-1,985.232,725.337,126.259,84.021,0.692,-1,-1,-1
2389,-1,756.512,789.864,109.761,89.965,0.607,-1,-1,-1
2390,-1,970.815,728.375,126.023,81.568,0.693,-1,-1,-1
2390,-1,760.219,790.513,125.474,92.896,0.534,-1,-1,-1
2391,-1,956.058,729.867,120.495,77.191,0.790,-1,-1,-1
2391,-1,775.301,787.284,119.683,96.849,0.525,-1,-1,-1
2392,-1,950.520,731.958,112.095,75.244,0.718,-1,-1,-1
2392,-1,785.275,792.538,124.777,93.152,0.558,-1,-1,-1
2393,-1,932.724,734.278,118.713,76.170,0.739,-1,-1,-1
2393,-1,792.314,791.585,126.977,96.007,0.651,-1,-1,-1
2394,-1,926.263,735.179,103.941,73.458,0.813,-1,-1,-1
2394,-1,805.318,783.283,132.856,108.883,0.759,-1,-1,-1
2395,-1,916.659,733.354,103.024,74.009,0.715,-1,-1,-1
2395,-1,814.216,782.549,129.191,111.011,0.560,-1,-1,-1
2396,-1,823.124,774.531,140.598,119.965,0.677,-1,-1,-1
2396,-1,897.252,737.034,107.345,73.231,0.463,-1,-1,-1
2397,-1,834.824,788.268,142.661,112.827,0.706,-1,-1,-1
2397,-1,890.050,736.082,102.027,71.120,0.508,-1,-1,-1
2398,-1,848.468,788.669,145.979,120.516,0.583,-1,-1,-1
2398,-1,890.413,738.839,91.317,65.408,0.481,-1,-1,-1
2399,-1,862.728,786.496,146.182,126.977,0.766,-1,-1,-1
2400,-1,865.901,785.213,158.361,131.830,0.789,-1,-1,-1
2401,-1,878.298,793.587,155.257,127.043,0.821,-1,-1,-1
2401,-1,850.696,747.419,88.220,61.238,0.253,-1,-1,-1
2402,-1,893.962,800.614,161.106,126.712,0.902,-1,-1,-1
2402,-1,828.352,754.284,96.093,62.665,0.367,-1,-1,-1
2403,-1,902.021,792.437,165.710,144.552,0.876,-1,-1,-1
2403,-1,818.944,756.070,98.646,59.523,0.641,-1,-1,-1
2404,-1,918.533,798.931,173.036,141.423,0.757,-1,-1,-1
2404,-1,811.187,754.660,89.756,58.950,0.677,-1,-1,-1
2405,-1,928.714,800.914,192.592,148.738,0.811,-1,-1,-1
2405,-1,801.536,751.713,90.506,60.414,0.517,-1,-1,-1
2406,-1,932.903,802.232,208.956,156.263,0.850,-1,-1,-1
2406,-1,783.092,752.780,96.614,64.065,0.472,-1,-1,-1
2407,-1,949.656,808.490,210.182,160.667,0.966,-1,-1,-1
2407,-1,775.742,752.875,97.231,61.714,0.513,-1,-1,-1
2408,-1,968.250,812.313,221.791,168.237,0.958,-1,-1,-1
2408,-1,768.776,753.337,92.311,59.284,0.586,-1,-1,-1
2409,-1,988.133,815.201,223.642,173.682,0.966,-1,-1,-1
2409,-1,764.762,755.561,88.456,57.260,0.529,-1,-1,-1
2410,-1,1001.936,808.878,243.861,189.637,0.933,-1,-1,-1
2410,-1,762.460,756.748,85.296,55.948,0.415,-1,-1,-1
2411,-1,1023.721,815.577,261.230,195.230,0.973,-1,-1,-1
2411,-1,744.589,761.473,90.974,56.163,0.579,-1,-1,-1
2412,-1,1049.772,816.847,272.895,207.723,0.986,-1,-1,-1
2412,-1,736.814,761.633,94.759,55.200,0.635,-1,-1,-1
2413,-1,1070.613,829.226,294.679,219.696,0.970,-1,-1,-1
2413,-1,729.557,761.529,87.570,51.691,0.512,-1,-1,-1
2414,-1,1100.106,827.729,312.830,233.182,0.973,-1,-1,-1
2414,-1,731.664,764.905,76.117,48.325,0.468,-1,-1,-1
2415,-1,1124.603,830.231,353.656,261.070,0.979,-1,-1,-1
2415,-1,727.704,763.972,75.354,47.656,0.271,-1,-1,-1
