218,-1,571.774,804.201,57.895,50.869,0.204,-1,-1,-1
219,-1,574.473,804.496,63.692,52.942,0.364,-1,-1,-1
220,-1,579.259,805.118,64.667,53.740,0.427,-1,-1,-1
221,-1,584.660,807.121,66.153,53.409,0.443,-1,-1,-1
222,-1,587.488,809.531,69.028,52.796,0.359,-1,-1,-1
223,-1,591.706,812.394,71.454,51.143,0.289,-1,-1,-1
225,-1,609.232,811.092,77.461,50.691,0.315,-1,-1,-1
226,-1,612.943,810.700,80.397,52.138,0.585,-1,-1,-1
227,-1,622.754,810.417,76.537,53.723,0.735,-1,-1,-1
228,-1,632.296,810.333,74.299,54.331,0.684,-1,-1,-1
228,-1,547.954,781.152,49.858,33.755,0.200,-1,-1,-1
229,-1,640.555,810.595,72.782,55.265,0.611,-1,-1,-1
230,-1,646.733,811.713,70.334,54.672,0.500,-1,-1,-1
231,-1,651.947,813.338,65.053,53.368,0.370,-1,-1,-1
232,-1,659.272,811.985,78.422,59.765,0.336,-1,-1,-1
233,-1,667.392,815.635,78.923,58.106,0.352,-1,-1,-1
234,-1,675.986,818.403,83.670,56.090,0.337,-1,-1,-1
235,-1,716.649,817.477,68.208,54.634,0.247,-1,-1,-1
236,-1,714.972,814.498,82.918,60.032,0.500,-1,-1,-1
237,-1,720.852,812.928,87.522,63.904,0.728,-1,-1,-1
238,-1,725.684,812.028,93.045,68.067,0.828,-1,-1,-1
239,-1,725.926,812.900,101.925,68.169,0.754,-1,-1,-1
240,-1,746.253,815.024,106.736,73.113,0.710,-1,-1,-1
241,-1,751.484,814.601,113.592,74.260,0.884,-1,-1,-1
242,-1,760.122,813.739,116.676,75.758,0.895,-1,-1,-1
243,-1,771.706,814.365,110.437,73.024,0.630,-1,-1,-1
244,-1,786.981,816.267,124.556,79.085,0.789,-1,-1,-1
245,-1,799.483,814.843,123.486,85.250,0.724,-1,-1,-1
246,-1,812.313,820.115,123.109,91.996,0.732,-1,-1,-1
247,-1,829.207,816.339,140.580,105.070,0.690,-1,-1,-1
248,-1,840.106,815.812,144.488,111.326,0.965,-1,-1,-1
249,-1,848.598,816.868,153.115,115.444,0.877,-1,-1,-1
250,-1,871.307,820.373,159.897,114.240,0.942,-1,-1,-1
251,-1,882.880,822.792,165.325,117.172,0.951,-1,-1,-1
252,-1,906.472,821.540,183.647,124.331,0.708,-1,-1,-1
253,-1,916.085,823.952,191.360,128.130,0.981,-1,-1,-1
254,-1,943.370,824.954,213.411,140.084,0.714,-1,-1,-1
255,-1,960.340,827.083,204.972,145.746,0.872,-1,-1,-1
256,-1,991.735,829.493,225.528,151.120,0.739,-1,-1,-1
257,-1,1035.695,846.225,233.246,153.844,0.635,-1,-1,-1
258,-1,1049.965,845.053,228.262,163.451,0.637,-1,-1,-1
259,-1,1068.128,832.617,327.829,206.263,0.737,-1,-1,-1
260,-1,1117.627,827.078,387.009,231.040,0.626,-1,-1,-1
261,-1,1143.904,856.171,380.428,229.097,0.731,-1,-1,-1
262,-1,1195.989,854.400,463.061,256.745,0.641,-1,-1,-1
263,-1,1185.800,876.429,521.025,244.098,0.638,-1,-1,-1
264,-1,1351.549,833.283,596.412,380.637,0.652,-1,-1,-1
265,-1,1328.661,824.694,689.911,396.821,0.608,-1,-1,-1
266,-1,1530.042,881.690,680.397,443.711,0.492,-1,-1,-1
267,-1,1710.126,899.805,745.318,520.382,0.716,-1,-1,-1
268,-1,1895.188,950.354,661.800,521.094,0.794,-1,-1,-1
270,-1,1954.545,1053.284,602.843,537.354,0.222,-1,-1,-1
730,-1,2092.882,671.318,459.553,278.075,0.655,-1,-1,-1
731,-1,2058.102,666.605,493.143,269.708,0.662,-1,-1,-1
732,-1,1897.129,671.909,619.059,243.722,0.654,-1,-1,-1
733,-1,1780.325,679.380,660.038,221.733,0.594,-1,-1,-1
733,-1,550.955,788.025,63.149,61.459,0.226,-1,-1,-1
734,-1,1700.428,676.088,439.865,224.094,0.528,-1,-1,-1
734,-1,549.625,786.147,69.425,62.977,0.382,-1,-1,-1
735,-1,1618.853,687.026,414.120,205.097,0.662,-1,-1,-1
735,-1,546.953,784.072,75.967,65.582,0.479,-1,-1,-1
736,-1,1534.351,691.273,401.815,196.244,0.663,-1,-1,-1
736,-1,543.720,782.512,83.392,68.368,0.529,-1,-1,-1
737,-1,1525.738,697.927,375.760,182.505,0.662,-1,-1,-1
737,-1,542.887,782.047,85.229,70.000,0.447,-1,-1,-1
738,-1,1473.199,706.760,258.894,149.225,0.651,-1,-1,-1
738,-1,567.004,792.912,71.030,55.532,0.528,-1,-1,-1
739,-1,1465.347,706.252,257.368,143.726,0.650,-1,-1,-1
739,-1,571.878,793.994,69.970,53.855,0.589,-1,-1,-1
740,-1,1381.228,704.776,247.288,146.674,0.659,-1,-1,-1
740,-1,576.057,795.080,70.638,52.775,0.622,-1,-1,-1
741,-1,580.214,795.832,70.841,50.955,0.687,-1,-1,-1
741,-1,1342.538,703.371,231.171,147.153,0.670,-1,-1,-1
742,-1,582.760,795.770,73.450,51.709,0.787,-1,-1,-1
742,-1,1330.104,705.050,232.494,139.666,0.663,-1,-1,-1
743,-1,586.702,795.317,73.325,51.808,0.833,-1,-1,-1
743,-1,1290.724,707.444,217.638,137.780,0.673,-1,-1,-1
744,-1,1251.958,712.119,204.896,129.063,0.829,-1,-1,-1
744,-1,589.479,794.975,75.920,52.974,0.806,-1,-1,-1
744,-1,544.704,780.464,57.965,36.877,0.205,-1,-1,-1
745,-1,1212.405,716.863,196.994,120.297,0.680,-1,-1,-1
745,-1,592.476,795.031,76.273,52.984,0.664,-1,-1,-1
745,-1,545.458,780.063,56.133,35.872,0.218,-1,-1,-1
746,-1,1203.428,716.755,187.087,117.067,0.708,-1,-1,-1
746,-1,607.128,792.787,85.909,56.123,0.674,-1,-1,-1
746,-1,546.619,780.363,53.888,34.226,0.249,-1,-1,-1
747,-1,1170.575,716.098,175.871,118.374,0.955,-1,-1,-1
747,-1,611.354,792.797,85.525,58.361,0.759,-1,-1,-1
747,-1,547.233,780.434,53.195,33.352,0.258,-1,-1,-1
748,-1,617.161,793.254,84.534,59.595,0.729,-1,-1,-1
748,-1,1130.232,719.231,179.826,113.979,0.657,-1,-1,-1
748,-1,547.635,780.514,52.616,32.951,0.249,-1,-1,-1
749,-1,1126.569,718.613,159.596,111.105,0.973,-1,-1,-1
749,-1,624.350,792.189,82.749,62.100,0.663,-1,-1,-1
749,-1,547.722,780.199,50.544,32.852,0.252,-1,-1,-1
750,-1,1088.702,720.689,161.653,109.050,0.653,-1,-1,-1
750,-1,630.729,790.722,80.871,65.292,0.531,-1,-1,-1
750,-1,548.153,779.572,48.369,33.337,0.234,-1,-1,-1
751,-1,1081.626,722.156,148.698,105.631,0.970,-1,-1,-1
751,-1,637.844,789.804,75.923,67.789,0.477,-1,-1,-1
751,-1,547.998,779.046,47.443,34.209,0.247,-1,-1,-1
752,-1,1045.567,722.922,155.495,103.822,0.650,-1,-1,-1
752,-1,642.356,789.267,73.883,69.387,0.375,-1,-1,-1
752,-1,548.143,778.290,47.673,35.609,0.219,-1,-1,-1
753,-1,1040.143,723.086,141.140,103.889,0.971,-1,-1,-1
753,-1,648.613,785.293,97.652,68.272,0.393,-1,-1,-1
753,-1,547.740,778.026,48.051,36.220,0.204,-1,-1,-1
754,-1,1027.177,725.266,137.744,100.325,0.854,-1,-1,-1
754,-1,650.625,786.389,102.538,66.330,0.576,-1,-1,-1
755,-1,999.526,725.560,140.110,100.999,0.862,-1,-1,-1
755,-1,657.211,786.515,102.006,66.497,0.639,-1,-1,-1
756,-1,987.499,726.077,137.567,102.265,0.946,-1,-1,-1
756,-1,664.272,785.602,102.416,69.268,0.544,-1,-1,-1
757,-1,991.108,739.111,110.446,76.539,0.622,-1,-1,-1
757,-1,669.471,782.180,103.680,76.113,0.501,-1,-1,-1
758,-1,954.640,740.736,121.467,77.858,0.773,-1,-1,-1
758,-1,721.589,789.544,66.023,63.941,0.412,-1,-1,-1
759,-1,936.388,741.402,134.030,75.088,0.979,-1,-1,-1
759,-1,719.351,785.426,77.406,68.815,0.708,-1,-1,-1
760,-1,721.010,784.780,85.977,71.030,0.794,-1,-1,-1
760,-1,936.013,743.381,116.533,70.721,0.683,-1,-1,-1
761,-1,910.137,745.675,121.060,73.373,0.871,-1,-1,-1
761,-1,721.352,785.207,97.369,71.913,0.806,-1,-1,-1
762,-1,898.132,746.631,121.679,71.739,0.966,-1,-1,-1
762,-1,719.767,785.112,111.190,73.717,0.749,-1,-1,-1
763,-1,893.654,748.112,110.589,67.584,0.897,-1,-1,-1
763,-1,720.924,784.764,114.997,74.898,0.665,-1,-1,-1
764,-1,878.619,753.958,91.436,65.229,0.850,-1,-1,-1
764,-1,746.880,784.675,105.204,77.629,0.626,-1,-1,-1
765,-1,868.602,756.592,94.334,62.788,0.976,-1,-1,-1
765,-1,751.284,782.803,108.215,82.921,0.761,-1,-1,-1
766,-1,862.501,758.969,87.287,58.245,0.937,-1,-1,-1
766,-1,754.893,779.414,112.877,87.817,0.617,-1,-1,-1
767,-1,863.485,761.128,71.788,53.936,0.727,-1,-1,-1
767,-1,755.529,768.048,139.275,102.267,0.668,-1,-1,-1
767,-1,2096.345,663.481,453.645,269.135,0.647,-1,-1,-1
768,-1,2044.848,660.878,513.863,258.093,0.979,-1,-1,-1
768,-1,772.804,765.186,138.571,104.069,0.764,-1,-1,-1
768,-1,870.514,764.043,52.620,46.433,0.373,-1,-1,-1
769,-1,780.373,763.202,127.487,109.744,0.895,-1,-1,-1
769,-1,1948.939,674.362,548.973,223.528,0.715,-1,-1,-1
770,-1,784.956,762.694,128.265,113.231,0.926,-1,-1,-1
770,-1,1758.416,681.915,547.962,199.233,0.590,-1,-1,-1
771,-1,787.473,763.169,136.917,116.293,0.953,-1,-1,-1
771,-1,1655.413,680.882,561.765,194.960,0.647,-1,-1,-1
772,-1,793.921,766.249,142.447,114.893,0.967,-1,-1,-1
772,-1,1661.898,674.187,513.472,199.318,0.664,-1,-1,-1
772,-1,778.764,765.286,70.889,49.995,0.383,-1,-1,-1
773,-1,799.042,769.570,148.576,112.418,0.838,-1,-1,-1
773,-1,1605.038,680.440,441.844,183.911,0.748,-1,-1,-1
773,-1,765.557,766.487,84.575,53.120,0.647,-1,-1,-1
774,-1,819.421,777.818,152.586,108.905,0.833,-1,-1,-1
774,-1,758.196,767.444,87.063,50.900,0.753,-1,-1,-1
774,-1,1519.384,685.933,422.871,179.963,0.665,-1,-1,-1
775,-1,825.329,779.869,156.226,107.470,0.950,-1,-1,-1
775,-1,736.814,769.043,81.737,48.737,0.686,-1,-1,-1
775,-1,1496.077,689.444,425.099,171.586,0.659,-1,-1,-1
776,-1,830.680,779.336,164.857,108.520,0.954,-1,-1,-1
776,-1,732.988,769.596,79.692,48.515,0.868,-1,-1,-1
776,-1,1493.682,700.235,306.607,140.555,0.649,-1,-1,-1
777,-1,836.115,778.946,173.662,111.313,0.955,-1,-1,-1
777,-1,730.326,770.217,73.388,47.376,0.799,-1,-1,-1
777,-1,1426.273,698.540,252.802,141.717,0.644,-1,-1,-1
778,-1,850.023,786.443,181.350,113.940,0.909,-1,-1,-1
778,-1,728.519,769.683,64.481,47.066,0.670,-1,-1,-1
778,-1,1377.942,698.954,253.868,140.841,0.650,-1,-1,-1
779,-1,855.425,783.862,180.298,118.621,0.955,-1,-1,-1
779,-1,1339.968,701.049,238.177,138.245,0.658,-1,-1,-1
779,-1,726.136,767.984,57.143,48.426,0.404,-1,-1,-1
780,-1,865.761,782.181,181.233,124.024,0.945,-1,-1,-1
780,-1,1338.524,700.396,220.130,136.747,0.661,-1,-1,-1
780,-1,1542.915,515.571,37.366,41.087,0.225,-1,-1,-1
781,-1,875.410,779.650,183.759,131.099,0.911,-1,-1,-1
781,-1,1292.134,704.341,215.648,129.293,0.665,-1,-1,-1
781,-1,1542.672,515.767,37.539,40.312,0.241,-1,-1,-1
782,-1,1247.957,706.855,212.732,124.671,0.928,-1,-1,-1
782,-1,883.618,777.913,185.841,139.843,0.902,-1,-1,-1
782,-1,1542.511,516.304,37.570,39.622,0.256,-1,-1,-1
783,-1,889.370,777.924,204.046,148.575,0.733,-1,-1,-1
783,-1,1213.681,710.362,197.913,120.076,0.694,-1,-1,-1
783,-1,1542.589,516.070,37.656,40.147,0.221,-1,-1,-1
784,-1,893.366,778.735,212.319,151.903,0.928,-1,-1,-1
784,-1,1203.979,711.703,189.671,115.332,0.743,-1,-1,-1
784,-1,661.600,779.641,44.654,45.270,0.237,-1,-1,-1
784,-1,1542.669,515.715,38.014,40.395,0.215,-1,-1,-1
785,-1,902.348,779.118,215.009,153.868,0.950,-1,-1,-1
785,-1,1167.001,712.803,180.960,114.238,0.951,-1,-1,-1
785,-1,655.017,778.635,54.939,46.217,0.544,-1,-1,-1
785,-1,1542.677,516.141,38.028,39.943,0.203,-1,-1,-1
785,-1,546.574,779.594,47.477,34.814,0.259,-1,-1,-1
786,-1,911.062,787.085,220.199,163.374,0.942,-1,-1,-1
786,-1,649.995,777.524,57.510,47.737,0.714,-1,-1,-1
786,-1,1156.032,717.941,174.368,104.292,0.660,-1,-1,-1
786,-1,547.519,779.990,46.087,33.998,0.278,-1,-1,-1
787,-1,1120.413,717.980,167.551,105.808,0.943,-1,-1,-1
787,-1,915.826,788.027,222.569,166.969,0.839,-1,-1,-1
787,-1,644.585,778.270,60.543,47.287,0.831,-1,-1,-1
787,-1,548.329,780.155,45.711,33.395,0.259,-1,-1,-1
788,-1,927.136,791.112,245.711,168.342,0.904,-1,-1,-1
788,-1,637.262,779.824,65.320,46.566,0.901,-1,-1,-1
788,-1,1085.840,722.994,163.943,99.981,0.670,-1,-1,-1
788,-1,548.739,780.463,46.131,32.345,0.264,-1,-1,-1
789,-1,934.955,791.745,252.526,171.436,0.901,-1,-1,-1
789,-1,630.942,782.554,68.956,43.778,0.902,-1,-1,-1
789,-1,1079.452,721.980,151.488,97.981,0.737,-1,-1,-1
789,-1,547.949,780.538,48.695,32.461,0.267,-1,-1,-1
790,-1,624.080,784.517,71.934,41.356,0.855,-1,-1,-1
790,-1,946.584,795.710,248.746,173.091,0.756,-1,-1,-1
790,-1,1103.377,737.133,93.759,70.887,0.542,-1,-1,-1
790,-1,547.931,781.155,51.475,32.709,0.288,-1,-1,-1
791,-1,969.110,800.066,264.639,183.609,0.863,-1,-1,-1
791,-1,1027.882,726.677,152.746,87.497,0.727,-1,-1,-1
791,-1,618.011,786.245,72.802,37.811,0.661,-1,-1,-1
791,-1,547.914,781.624,53.221,32.877,0.282,-1,-1,-1
792,-1,974.200,792.802,286.932,211.367,0.544,-1,-1,-1
792,-1,592.222,787.007,73.337,36.110,0.653,-1,-1,-1
792,-1,992.726,729.522,159.223,86.961,0.591,-1,-1,-1
792,-1,548.114,782.244,53.314,32.172,0.278,-1,-1,-1
793,-1,991.891,798.166,293.904,214.145,0.687,-1,-1,-1
793,-1,986.530,728.569,144.878,91.830,0.896,-1,-1,-1
793,-1,588.827,787.251,74.589,35.887,0.801,-1,-1,-1
793,-1,548.022,782.821,54.780,31.878,0.232,-1,-1,-1
794,-1,1006.892,804.265,301.690,215.489,0.790,-1,-1,-1
794,-1,971.346,730.235,146.389,92.619,0.813,-1,-1,-1
794,-1,584.834,787.737,72.667,35.160,0.778,-1,-1,-1
795,-1,1026.025,797.679,338.718,232.922,0.718,-1,-1,-1
795,-1,950.133,729.242,136.825,96.566,0.854,-1,-1,-1
795,-1,578.371,787.728,71.870,35.139,0.726,-1,-1,-1
796,-1,1032.862,795.428,353.386,246.717,0.802,-1,-1,-1
796,-1,934.499,730.102,138.870,96.740,0.895,-1,-1,-1
796,-1,570.418,787.687,73.464,35.488,0.646,-1,-1,-1
797,-1,1044.289,793.372,384.802,263.250,0.715,-1,-1,-1
797,-1,917.025,746.220,111.382,75.219,0.622,-1,-1,-1
797,-1,564.113,786.659,74.541,36.831,0.531,-1,-1,-1
798,-1,898.244,744.589,132.351,76.720,0.936,-1,-1,-1
798,-1,1059.696,788.974,398.686,278.442,0.635,-1,-1,-1
798,-1,542.338,781.525,81.152,40.482,0.598,-1,-1,-1
799,-1,1106.747,783.651,421.177,303.683,0.786,-1,-1,-1
799,-1,889.523,745.969,126.166,72.648,0.935,-1,-1,-1
799,-1,543.444,780.832,76.743,43.412,0.585,-1,-1,-1
800,-1,1119.802,782.687,447.074,320.116,0.731,-1,-1,-1
800,-1,901.813,744.491,98.571,69.419,0.654,-1,-1,-1
800,-1,544.553,780.538,71.143,45.059,0.491,-1,-1,-1
801,-1,855.372,751.986,120.410,71.261,0.951,-1,-1,-1
801,-1,1153.991,783.415,490.383,328.364,0.540,-1,-1,-1
801,-1,544.694,781.421,66.217,44.547,0.440,-1,-1,-1
802,-1,1159.644,797.815,529.910,348.808,0.302,-1,-1,-1
802,-1,848.368,755.133,111.804,66.361,0.963,-1,-1,-1
802,-1,545.251,781.259,62.020,44.935,0.414,-1,-1,-1
803,-1,1223.016,786.046,535.961,433.389,0.958,-1,-1,-1
803,-1,849.044,758.603,94.581,59.271,0.645,-1,-1,-1
803,-1,545.740,781.395,58.678,44.859,0.377,-1,-1,-1
804,-1,1254.844,790.146,571.276,439.072,0.962,-1,-1,-1
804,-1,823.113,760.711,93.406,59.603,0.940,-1,-1,-1
804,-1,545.585,780.726,56.289,44.956,0.317,-1,-1,-1
805,-1,1290.741,783.263,661.676,459.000,0.985,-1,-1,-1
805,-1,810.860,761.693,96.060,57.729,0.950,-1,-1,-1
805,-1,2252.838,681.571,303.903,269.261,0.508,-1,-1,-1
805,-1,544.320,780.606,54.830,44.025,0.276,-1,-1,-1
806,-1,1324.123,795.863,714.374,464.091,0.990,-1,-1,-1
806,-1,806.028,763.429,87.371,54.014,0.769,-1,-1,-1
806,-1,541.235,780.562,56.047,42.113,0.289,-1,-1,-1
807,-1,2077.709,660.197,475.641,284.472,0.992,-1,-1,-1
807,-1,779.138,768.754,92.709,52.293,0.846,-1,-1,-1
807,-1,1348.047,797.352,763.602,458.493,0.628,-1,-1,-1
807,-1,539.332,780.662,56.931,40.526,0.286,-1,-1,-1
808,-1,1431.418,809.486,874.521,524.878,0.981,-1,-1,-1
808,-1,775.231,770.539,87.497,51.833,0.908,-1,-1,-1
808,-1,1960.980,675.429,547.379,249.407,0.877,-1,-1,-1
808,-1,537.989,780.529,58.482,38.781,0.278,-1,-1,-1
809,-1,769.824,772.933,81.239,47.402,0.858,-1,-1,-1
809,-1,1523.050,809.421,982.133,561.270,0.647,-1,-1,-1
809,-1,1942.377,672.663,540.728,248.200,0.629,-1,-1,-1
809,-1,538.691,780.729,57.418,37.404,0.243,-1,-1,-1
810,-1,1568.230,809.412,962.850,604.796,0.954,-1,-1,-1
810,-1,762.739,774.348,81.371,43.411,0.726,-1,-1,-1
810,-1,1829.194,680.570,566.566,227.284,0.631,-1,-1,-1
810,-1,539.618,780.845,55.705,36.165,0.210,-1,-1,-1
811,-1,1649.285,821.423,907.904,640.489,0.311,-1,-1,-1
811,-1,731.698,775.623,87.702,43.577,0.630,-1,-1,-1
811,-1,1695.512,682.289,459.508,216.826,0.645,-1,-1,-1
812,-1,1732.838,823.442,805.086,681.188,0.317,-1,-1,-1
812,-1,728.739,775.454,85.134,44.216,0.811,-1,-1,-1
812,-1,1618.124,682.283,421.239,209.676,0.663,-1,-1,-1
813,-1,1851.479,840.343,700.097,669.096,0.893,-1,-1,-1
813,-1,728.536,775.838,71.148,43.707,0.670,-1,-1,-1
813,-1,1574.381,683.007,468.841,200.000,0.663,-1,-1,-1
814,-1,1945.042,856.903,598.981,652.379,0.910,-1,-1,-1
814,-1,725.542,775.601,63.027,42.898,0.539,-1,-1,-1
814,-1,1519.913,690.360,393.237,178.986,0.675,-1,-1,-1
815,-1,1438.603,691.715,384.175,176.866,0.902,-1,-1,-1
815,-1,1998.053,859.124,549.014,624.727,0.566,-1,-1,-1
815,-1,723.235,775.641,56.045,42.081,0.323,-1,-1,-1
816,-1,1427.819,700.248,252.184,148.962,0.653,-1,-1,-1
816,-1,2249.194,851.835,309.447,701.447,0.244,-1,-1,-1
817,-1,1416.606,699.567,264.911,146.076,0.652,-1,-1,-1
818,-1,1327.406,702.982,262.437,140.173,0.657,-1,-1,-1
819,-1,1324.681,703.533,249.437,139.314,0.680,-1,-1,-1
820,-1,1285.807,705.838,231.597,134.465,0.779,-1,-1,-1
820,-1,656.505,780.978,56.056,46.715,0.261,-1,-1,-1
820,-1,1562.687,504.782,65.788,50.032,0.227,-1,-1,-1
821,-1,1245.126,708.268,224.055,133.764,0.873,-1,-1,-1
821,-1,652.672,779.976,60.915,47.784,0.451,-1,-1,-1
821,-1,1560.897,504.595,66.833,53.141,0.268,-1,-1,-1
822,-1,1212.016,712.867,203.120,124.393,0.684,-1,-1,-1
822,-1,647.535,778.883,64.384,48.913,0.614,-1,-1,-1
822,-1,1559.391,505.281,66.245,55.062,0.237,-1,-1,-1
823,-1,1201.090,713.359,199.097,121.475,0.825,-1,-1,-1
823,-1,640.902,779.038,68.031,48.619,0.718,-1,-1,-1
824,-1,1164.534,715.281,188.916,117.422,0.927,-1,-1,-1
824,-1,633.359,779.597,71.332,47.148,0.779,-1,-1,-1
825,-1,628.003,781.832,72.636,44.317,0.748,-1,-1,-1
825,-1,1151.725,718.757,185.684,109.364,0.666,-1,-1,-1
826,-1,1118.477,721.029,176.513,107.341,0.976,-1,-1,-1
826,-1,622.635,783.905,73.475,41.075,0.696,-1,-1,-1
826,-1,547.848,781.554,51.486,32.463,0.202,-1,-1,-1
827,-1,1079.326,722.895,178.290,106.804,0.662,-1,-1,-1
827,-1,618.442,785.728,71.662,38.002,0.509,-1,-1,-1
827,-1,547.804,782.116,54.278,32.990,0.221,-1,-1,-1
828,-1,1072.729,723.282,162.873,102.901,0.980,-1,-1,-1
828,-1,588.034,786.346,78.863,36.450,0.639,-1,-1,-1
828,-1,546.403,782.749,57.710,33.289,0.261,-1,-1,-1
829,-1,586.336,786.766,78.780,36.461,0.740,-1,-1,-1
829,-1,1041.638,722.217,160.843,106.300,0.689,-1,-1,-1
829,-1,545.102,782.986,59.999,33.299,0.219,-1,-1,-1
830,-1,1031.954,723.029,152.040,104.594,0.985,-1,-1,-1
830,-1,584.258,787.343,74.482,35.639,0.679,-1,-1,-1
830,-1,544.408,783.595,62.948,33.809,0.200,-1,-1,-1
831,-1,1017.615,726.191,152.893,99.736,0.655,-1,-1,-1
831,-1,579.488,787.779,71.261,35.183,0.612,-1,-1,-1
832,-1,987.556,725.926,147.391,102.044,0.970,-1,-1,-1
832,-1,570.693,786.666,72.654,36.855,0.543,-1,-1,-1
833,-1,972.655,727.896,147.673,99.083,0.794,-1,-1,-1
833,-1,537.542,780.966,89.054,41.540,0.583,-1,-1,-1
834,-1,949.917,727.684,142.125,102.220,0.719,-1,-1,-1
834,-1,537.173,779.604,89.880,44.212,0.701,-1,-1,-1
835,-1,937.956,729.193,141.119,101.414,0.934,-1,-1,-1
835,-1,538.889,779.045,84.935,45.889,0.719,-1,-1,-1
836,-1,923.934,731.371,143.517,97.160,0.668,-1,-1,-1
836,-1,541.080,779.550,76.835,46.051,0.611,-1,-1,-1
837,-1,909.310,744.242,118.587,79.019,0.715,-1,-1,-1
837,-1,542.070,779.991,71.480,46.183,0.553,-1,-1,-1
838,-1,892.469,743.448,130.707,78.432,0.962,-1,-1,-1
838,-1,543.165,780.269,65.400,45.844,0.489,-1,-1,-1
839,-1,895.191,743.241,110.551,74.644,0.783,-1,-1,-1
839,-1,542.120,780.512,63.047,44.880,0.497,-1,-1,-1
840,-1,866.189,749.450,108.525,73.619,0.819,-1,-1,-1
840,-1,540.618,780.643,62.013,44.757,0.495,-1,-1,-1
841,-1,852.415,752.190,115.680,71.446,0.974,-1,-1,-1
841,-1,539.786,780.317,60.750,44.675,0.471,-1,-1,-1
842,-1,846.998,754.909,106.186,66.923,0.866,-1,-1,-1
842,-1,539.837,780.340,59.188,44.338,0.439,-1,-1,-1
843,-1,832.361,757.073,86.711,64.002,0.649,-1,-1,-1
843,-1,541.130,780.055,55.694,42.671,0.345,-1,-1,-1
844,-1,824.112,756.534,88.071,64.367,0.799,-1,-1,-1
844,-1,541.108,780.088,54.757,40.678,0.305,-1,-1,-1
845,-1,812.484,758.876,87.907,60.711,0.779,-1,-1,-1
845,-1,542.352,779.578,52.606,39.098,0.307,-1,-1,-1
846,-1,806.213,760.196,84.728,57.886,0.633,-1,-1,-1
846,-1,542.517,779.426,52.055,37.538,0.297,-1,-1,-1
847,-1,779.572,765.438,89.852,56.791,0.904,-1,-1,-1
847,-1,542.107,779.566,51.520,36.215,0.264,-1,-1,-1
848,-1,775.042,767.309,86.466,54.717,0.913,-1,-1,-1
849,-1,767.593,769.179,83.189,50.582,0.839,-1,-1,-1
850,-1,761.152,770.620,81.680,47.790,0.671,-1,-1,-1
851,-1,733.973,772.342,83.010,47.640,0.666,-1,-1,-1
852,-1,727.092,772.444,86.508,49.115,0.866,-1,-1,-1
853,-1,723.881,771.491,78.355,48.974,0.785,-1,-1,-1
854,-1,719.807,769.830,71.666,48.758,0.630,-1,-1,-1
855,-1,719.996,769.036,61.147,48.400,0.342,-1,-1,-1
858,-1,679.685,772.723,61.711,53.681,0.207,-1,-1,-1
860,-1,655.446,779.943,54.759,46.376,0.320,-1,-1,-1
861,-1,650.838,777.623,61.098,48.854,0.524,-1,-1,-1
862,-1,646.043,776.345,65.441,51.016,0.673,-1,-1,-1
863,-1,640.595,777.077,69.457,50.283,0.739,-1,-1,-1
864,-1,634.846,779.647,70.857,46.973,0.755,-1,-1,-1
865,-1,628.433,782.662,74.278,43.076,0.697,-1,-1,-1
866,-1,621.571,784.918,77.135,40.463,0.641,-1,-1,-1
867,-1,615.733,785.734,78.431,38.671,0.465,-1,-1,-1
868,-1,587.397,787.379,81.678,36.717,0.520,-1,-1,-1
869,-1,584.713,787.480,81.461,36.668,0.607,-1,-1,-1
870,-1,583.586,788.528,74.534,35.549,0.524,-1,-1,-1
871,-1,577.892,788.832,72.561,35.460,0.441,-1,-1,-1
872,-1,571.863,788.107,72.218,36.031,0.396,-1,-1,-1
873,-1,536.978,781.819,88.425,40.730,0.488,-1,-1,-1
874,-1,536.569,780.082,88.491,43.685,0.627,-1,-1,-1
875,-1,537.440,779.003,84.258,46.208,0.588,-1,-1,-1
876,-1,539.683,779.010,76.441,47.001,0.450,-1,-1,-1
877,-1,540.907,779.568,71.727,46.393,0.400,-1,-1,-1
878,-1,543.298,779.553,65.722,46.640,0.342,-1,-1,-1
879,-1,544.819,779.886,61.406,45.981,0.344,-1,-1,-1
880,-1,544.013,779.984,59.330,45.707,0.295,-1,-1,-1
881,-1,543.378,780.090,57.360,44.415,0.254,-1,-1,-1
882,-1,541.519,780.453,57.858,42.964,0.209,-1,-1,-1
928,-1,1.791,1333.477,108.433,180.689,0.218,-1,-1,-1
929,-1,3.766,1333.299,119.535,175.547,0.471,-1,-1,-1
930,-1,0.000,1330.461,167.745,172.529,0.604,-1,-1,-1
931,-1,0.000,1306.732,183.802,176.415,0.735,-1,-1,-1
932,-1,0.000,1302.890,234.072,181.281,0.958,-1,-1,-1
933,-1,0.000,1295.919,262.794,192.237,0.986,-1,-1,-1
934,-1,0.000,1278.933,302.515,214.806,0.933,-1,-1,-1
935,-1,0.000,1273.834,329.329,214.794,0.971,-1,-1,-1
936,-1,0.000,1266.258,348.731,222.207,0.979,-1,-1,-1
937,-1,0.000,1262.127,359.516,226.738,0.977,-1,-1,-1
938,-1,0.000,1257.675,371.471,230.537,0.970,-1,-1,-1
939,-1,0.000,1253.344,440.610,225.970,0.988,-1,-1,-1
940,-1,0.000,1251.198,452.549,228.270,0.994,-1,-1,-1
941,-1,0.000,1251.140,465.703,227.203,0.996,-1,-1,-1
942,-1,0.000,1251.023,479.212,227.085,0.995,-1,-1,-1
943,-1,0.000,1251.042,482.996,226.987,0.993,-1,-1,-1
944,-1,0.000,1248.829,479.874,230.711,0.987,-1,-1,-1
945,-1,19.699,1224.799,496.690,226.410,0.934,-1,-1,-1
946,-1,41.165,1199.616,585.877,233.100,0.953,-1,-1,-1
947,-1,53.758,1193.650,592.351,243.970,0.987,-1,-1,-1
948,-1,70.122,1192.736,591.975,240.087,0.985,-1,-1,-1
949,-1,84.119,1193.196,577.488,238.177,0.981,-1,-1,-1
950,-1,103.680,1185.619,634.804,220.599,0.965,-1,-1,-1
951,-1,125.289,1183.613,618.937,222.976,0.962,-1,-1,-1
952,-1,154.188,1180.724,594.723,225.135,0.951,-1,-1,-1
953,-1,176.212,1183.225,571.637,222.312,0.937,-1,-1,-1
954,-1,194.536,1183.122,545.040,222.447,0.925,-1,-1,-1
955,-1,203.404,1161.872,621.040,213.610,0.881,-1,-1,-1
956,-1,203.463,1159.775,629.027,217.627,0.939,-1,-1,-1
957,-1,220.504,1158.013,612.561,219.646,0.952,-1,-1,-1
958,-1,237.453,1156.424,600.020,220.879,0.954,-1,-1,-1
959,-1,262.192,1137.100,596.997,212.395,0.974,-1,-1,-1
960,-1,266.072,1136.493,599.689,211.631,0.975,-1,-1,-1
961,-1,348.760,1129.609,539.369,209.311,0.979,-1,-1,-1
962,-1,349.904,1127.865,542.966,211.202,0.985,-1,-1,-1
963,-1,361.156,1127.120,533.632,210.510,0.992,-1,-1,-1
964,-1,370.110,1123.255,532.100,214.495,0.994,-1,-1,-1
965,-1,382.425,1119.705,524.851,219.045,0.996,-1,-1,-1
966,-1,389.486,1118.806,523.036,222.941,0.997,-1,-1,-1
967,-1,389.313,1117.634,529.058,226.982,0.997,-1,-1,-1
968,-1,388.445,1118.286,539.768,228.383,0.996,-1,-1,-1
969,-1,388.496,1117.562,546.387,228.378,0.996,-1,-1,-1
970,-1,392.882,1118.066,541.091,228.693,0.994,-1,-1,-1
971,-1,402.807,1100.805,609.673,238.064,0.988,-1,-1,-1
972,-1,401.145,1097.356,625.280,242.974,0.993,-1,-1,-1
973,-1,407.258,1096.287,633.092,242.973,0.995,-1,-1,-1
974,-1,422.639,1096.071,629.157,239.844,0.996,-1,-1,-1
975,-1,439.770,1094.675,628.143,236.586,0.996,-1,-1,-1
976,-1,460.083,1096.294,608.844,227.620,0.996,-1,-1,-1
977,-1,486.464,1078.435,648.010,230.512,0.994,-1,-1,-1
978,-1,504.729,1077.873,647.924,227.371,0.995,-1,-1,-1
979,-1,534.103,1074.951,633.797,228.855,0.994,-1,-1,-1
980,-1,559.024,1072.825,610.586,228.884,0.993,-1,-1,-1
981,-1,600.677,1049.842,623.903,244.253,0.988,-1,-1,-1
982,-1,622.002,1046.889,622.452,244.757,0.997,-1,-1,-1
983,-1,653.032,1044.345,600.510,247.447,0.995,-1,-1,-1
984,-1,685.790,1042.332,557.347,251.131,0.972,-1,-1,-1
985,-1,727.320,1023.237,607.287,239.956,0.993,-1,-1,-1
986,-1,761.082,1020.526,575.159,243.790,0.994,-1,-1,-1
987,-1,788.483,1008.650,648.727,247.708,0.979,-1,-1,-1
988,-1,806.909,1002.617,658.956,254.903,0.998,-1,-1,-1
989,-1,838.403,998.820,634.758,258.256,0.986,-1,-1,-1
990,-1,878.747,988.513,680.277,262.302,0.996,-1,-1,-1
991,-1,901.936,986.127,684.117,267.580,0.999,-1,-1,-1
992,-1,961.212,980.729,686.559,265.705,0.984,-1,-1,-1
993,-1,974.898,977.724,709.287,271.858,0.999,-1,-1,-1
994,-1,1009.696,974.886,688.730,276.809,0.995,-1,-1,-1
995,-1,1057.696,966.642,707.099,286.416,0.997,-1,-1,-1
996,-1,1084.944,946.258,715.634,339.630,0.998,-1,-1,-1
997,-1,1136.379,945.521,719.922,354.069,0.998,-1,-1,-1
998,-1,1185.960,943.175,705.185,367.100,0.998,-1,-1,-1
999,-1,1251.130,946.923,716.552,385.247,0.998,-1,-1,-1
1000,-1,1273.552,952.961,756.045,398.406,1.000,-1,-1,-1
1001,-1,1323.557,950.462,767.263,433.290,0.999,-1,-1,-1
1002,-1,1407.340,943.385,794.406,475.624,0.845,-1,-1,-1
1003,-1,1437.127,956.792,835.316,495.627,1.000,-1,-1,-1
1004,-1,1489.821,965.652,837.022,503.479,0.972,-1,-1,-1
1005,-1,1532.369,960.418,977.482,544.195,0.994,-1,-1,-1
1006,-1,1596.082,1001.385,941.870,558.675,0.999,-1,-1,-1
1007,-1,1662.753,1004.067,889.921,605.436,1.000,-1,-1,-1
1008,-1,1712.884,1025.482,845.652,615.216,0.993,-1,-1,-1
1010,-1,1887.661,1036.435,668.874,627.532,0.995,-1,-1,-1
1011,-1,1951.031,1037.593,603.534,637.555,0.918,-1,-1,-1
1012,-1,1998.380,1058.093,556.824,601.852,0.583,-1,-1,-1
1013,-1,2249.741,1064.321,303.074,654.722,0.655,-1,-1,-1
1014,-1,2276.809,1028.100,274.827,734.186,0.494,-1,-1,-1
1089,-1,2330.069,639.214,223.388,359.863,0.403,-1,-1,-1
1091,-1,2121.708,616.694,425.640,348.090,0.623,-1,-1,-1
1092,-1,2067.119,605.350,486.425,359.539,0.208,-1,-1,-1
1093,-1,2004.229,549.857,537.224,470.010,0.212,-1,-1,-1
1094,-1,1931.370,571.395,603.093,433.624,0.261,-1,-1,-1
1095,-1,1873.791,586.105,652.735,399.217,0.257,-1,-1,-1
1096,-1,1786.582,587.460,643.063,389.398,0.490,-1,-1,-1
1097,-1,1737.569,590.017,622.515,377.000,0.618,-1,-1,-1
1098,-1,1660.944,608.080,530.035,278.966,0.396,-1,-1,-1
1099,-1,1641.795,613.454,536.121,274.389,0.457,-1,-1,-1
1100,-1,1569.702,615.195,505.171,271.313,0.586,-1,-1,-1
1101,-1,1516.440,616.510,460.215,255.977,0.390,-1,-1,-1
1102,-1,1493.004,618.111,458.736,258.840,0.711,-1,-1,-1
1103,-1,1434.334,626.651,437.442,238.549,0.551,-1,-1,-1
1104,-1,1420.208,631.586,414.685,233.506,0.808,-1,-1,-1
1105,-1,1404.739,630.227,390.012,227.833,0.580,-1,-1,-1
1106,-1,1361.677,641.576,367.977,217.294,0.529,-1,-1,-1
1107,-1,1346.459,647.362,339.262,204.894,0.383,-1,-1,-1
1108,-1,1329.911,648.130,327.567,192.878,0.277,-1,-1,-1
1109,-1,1289.520,656.579,317.804,184.951,0.366,-1,-1,-1
1110,-1,1265.573,656.749,310.636,182.756,0.337,-1,-1,-1
1111,-1,1255.885,664.727,281.673,172.199,0.782,-1,-1,-1
1112,-1,1225.330,667.360,267.470,167.393,0.921,-1,-1,-1
1113,-1,1214.036,671.696,263.585,161.561,0.922,-1,-1,-1
1114,-1,1184.241,675.964,249.955,155.654,0.951,-1,-1,-1
1115,-1,1170.389,677.903,251.282,153.145,0.927,-1,-1,-1
1116,-1,1150.485,678.748,232.750,149.773,0.939,-1,-1,-1
1117,-1,1138.252,678.645,229.861,149.736,0.920,-1,-1,-1
1118,-1,1118.987,682.114,205.079,143.107,0.803,-1,-1,-1
1119,-1,1102.384,681.427,215.599,145.183,0.910,-1,-1,-1
1120,-1,1091.944,684.309,209.753,138.982,0.905,-1,-1,-1
1121,-1,1071.816,688.308,199.130,133.690,0.918,-1,-1,-1
1122,-1,1059.869,688.491,196.853,132.250,0.925,-1,-1,-1
1123,-1,1050.408,691.451,190.429,127.818,0.914,-1,-1,-1
1124,-1,1028.642,696.246,186.863,121.599,0.935,-1,-1,-1
1125,-1,1018.288,697.789,182.601,119.527,0.952,-1,-1,-1
1126,-1,1006.135,699.152,180.792,117.337,0.957,-1,-1,-1
1127,-1,988.638,699.601,175.661,116.154,0.923,-1,-1,-1
1128,-1,979.868,700.017,175.344,113.872,0.974,-1,-1,-1
1129,-1,969.446,702.029,169.537,111.343,0.971,-1,-1,-1
1130,-1,960.318,703.808,163.862,109.194,0.949,-1,-1,-1
1131,-1,945.977,701.489,156.636,113.710,0.972,-1,-1,-1
1132,-1,935.810,701.935,156.851,111.871,0.978,-1,-1,-1
1133,-1,926.002,703.627,150.193,108.755,0.976,-1,-1,-1
1134,-1,916.431,713.412,149.920,105.727,0.911,-1,-1,-1
1135,-1,902.103,705.538,148.083,108.039,0.908,-1,-1,-1
1136,-1,891.447,712.662,148.512,109.671,0.969,-1,-1,-1
1137,-1,880.724,714.898,143.783,105.814,0.973,-1,-1,-1
1138,-1,873.538,717.414,139.757,102.388,0.969,-1,-1,-1
1139,-1,862.606,714.893,136.564,110.186,0.892,-1,-1,-1
1140,-1,853.502,716.688,143.146,108.166,0.945,-1,-1,-1
1141,-1,843.203,718.017,148.069,107.238,0.942,-1,-1,-1
1141,-1,2334.192,680.624,212.374,306.164,0.263,-1,-1,-1
1142,-1,831.691,720.745,150.733,104.685,0.939,-1,-1,-1
1142,-1,2247.946,702.177,311.683,270.188,0.584,-1,-1,-1
1143,-1,824.194,721.535,148.408,104.137,0.909,-1,-1,-1
1143,-1,2111.702,682.279,438.222,293.620,0.588,-1,-1,-1
1144,-1,815.884,723.155,125.511,104.484,0.751,-1,-1,-1
1145,-1,1952.030,690.993,571.334,260.995,0.948,-1,-1,-1
1145,-1,807.640,724.316,127.500,103.317,0.842,-1,-1,-1
1146,-1,802.075,743.760,122.746,76.413,0.854,-1,-1,-1
1146,-1,1910.454,688.462,604.772,251.533,0.721,-1,-1,-1
1147,-1,789.594,743.979,131.142,75.524,0.933,-1,-1,-1
1147,-1,1849.084,685.779,548.223,240.310,0.725,-1,-1,-1
1148,-1,782.551,743.392,132.313,76.212,0.923,-1,-1,-1
1148,-1,1749.783,686.869,541.425,228.376,0.883,-1,-1,-1
1149,-1,780.376,743.983,126.734,76.326,0.753,-1,-1,-1
1149,-1,1687.589,688.476,482.451,222.621,0.708,-1,-1,-1
1150,-1,769.525,745.541,120.103,79.142,0.892,-1,-1,-1
1150,-1,1648.202,694.636,513.268,209.781,0.669,-1,-1,-1
1151,-1,1591.376,707.203,457.540,182.880,0.980,-1,-1,-1
1151,-1,768.200,749.304,112.523,74.728,0.921,-1,-1,-1
1152,-1,763.856,751.958,107.796,70.485,0.901,-1,-1,-1
1152,-1,1524.274,714.830,428.407,172.105,0.732,-1,-1,-1
1153,-1,756.351,753.162,108.519,68.290,0.901,-1,-1,-1
1153,-1,1510.232,717.626,399.869,161.616,0.912,-1,-1,-1
1154,-1,749.653,753.754,109.852,67.268,0.882,-1,-1,-1
1154,-1,1450.217,714.153,388.587,167.237,0.876,-1,-1,-1
1155,-1,747.849,754.123,103.665,66.319,0.767,-1,-1,-1
1155,-1,1428.094,713.523,376.225,163.433,0.735,-1,-1,-1
1156,-1,726.786,758.993,99.422,62.863,0.725,-1,-1,-1
1156,-1,1413.422,708.318,288.274,163.432,0.690,-1,-1,-1
1157,-1,725.814,757.841,97.883,63.355,0.858,-1,-1,-1
1157,-1,1360.082,699.580,339.776,174.963,0.786,-1,-1,-1
1158,-1,1359.560,705.578,282.518,158.545,0.970,-1,-1,-1
1158,-1,725.146,759.994,93.313,59.672,0.883,-1,-1,-1
1159,-1,725.792,760.964,83.431,57.583,0.831,-1,-1,-1
1159,-1,1332.021,708.933,258.659,148.946,0.818,-1,-1,-1
1160,-1,1317.178,710.032,262.045,145.152,0.975,-1,-1,-1
1160,-1,725.561,761.336,76.158,56.065,0.763,-1,-1,-1
1161,-1,1288.586,710.896,241.415,141.941,0.945,-1,-1,-1
1161,-1,724.301,761.002,70.472,55.814,0.603,-1,-1,-1
1162,-1,1275.860,711.914,241.267,140.239,0.985,-1,-1,-1
1162,-1,724.920,760.974,62.693,54.193,0.397,-1,-1,-1
1163,-1,1250.769,713.746,225.710,136.633,0.977,-1,-1,-1
1163,-1,725.040,762.137,57.080,51.874,0.211,-1,-1,-1
1164,-1,1241.206,714.454,218.647,132.255,0.994,-1,-1,-1
1165,-1,1235.901,713.766,208.006,130.112,0.889,-1,-1,-1
1165,-1,689.954,767.739,72.081,52.927,0.247,-1,-1,-1
1166,-1,1218.809,715.377,191.616,124.006,0.993,-1,-1,-1
1166,-1,687.527,767.345,69.807,54.897,0.222,-1,-1,-1
1167,-1,1214.252,715.022,182.016,121.809,0.994,-1,-1,-1
1168,-1,1211.026,712.432,169.569,121.775,0.992,-1,-1,-1
1169,-1,1211.126,710.316,156.265,122.167,0.984,-1,-1,-1
1170,-1,1205.162,708.745,143.783,121.857,0.933,-1,-1,-1
1171,-1,1206.823,707.725,138.074,120.843,0.901,-1,-1,-1
1171,-1,649.484,772.357,58.460,54.400,0.349,-1,-1,-1
1172,-1,1206.411,706.938,128.949,104.432,0.947,-1,-1,-1
1172,-1,644.400,770.892,63.750,56.704,0.476,-1,-1,-1
1173,-1,1207.818,705.630,126.460,103.667,0.974,-1,-1,-1
1173,-1,639.031,771.037,69.555,57.126,0.583,-1,-1,-1
1174,-1,1209.407,703.219,124.390,101.987,0.973,-1,-1,-1
1174,-1,635.800,771.726,71.322,55.934,0.633,-1,-1,-1
1175,-1,1212.717,699.201,119.875,99.414,0.975,-1,-1,-1
1175,-1,632.569,771.891,73.901,55.298,0.665,-1,-1,-1
1176,-1,1217.036,692.256,114.433,99.990,0.965,-1,-1,-1
1176,-1,628.712,772.922,76.094,54.470,0.750,-1,-1,-1
1177,-1,1220.748,683.572,110.128,102.848,0.951,-1,-1,-1
1177,-1,625.151,773.730,77.590,52.816,0.768,-1,-1,-1
1178,-1,1220.067,676.790,128.144,102.404,0.947,-1,-1,-1
1178,-1,622.012,775.087,78.835,50.824,0.782,-1,-1,-1
1179,-1,1221.774,673.513,131.225,99.777,0.976,-1,-1,-1
1179,-1,616.884,775.921,82.494,48.856,0.770,-1,-1,-1
1180,-1,1230.611,666.394,129.363,108.346,0.784,-1,-1,-1
1180,-1,613.750,777.822,83.542,46.265,0.726,-1,-1,-1
1180,-1,546.167,780.820,56.832,33.250,0.235,-1,-1,-1
1181,-1,1235.922,659.753,135.570,95.804,0.864,-1,-1,-1
1181,-1,612.121,778.722,82.656,44.048,0.618,-1,-1,-1
1181,-1,546.111,780.789,59.219,33.890,0.234,-1,-1,-1
1182,-1,1250.446,666.777,116.513,75.636,0.845,-1,-1,-1
1182,-1,583.776,778.415,92.790,43.836,0.512,-1,-1,-1
1183,-1,1260.252,663.625,107.145,75.171,0.863,-1,-1,-1
1183,-1,581.007,778.930,93.276,43.893,0.655,-1,-1,-1
1184,-1,579.089,778.574,92.547,44.601,0.742,-1,-1,-1
1184,-1,1289.563,647.772,108.410,72.977,0.720,-1,-1,-1
1185,-1,1290.117,646.271,111.575,73.307,0.849,-1,-1,-1
1185,-1,575.907,778.450,90.863,45.473,0.744,-1,-1,-1
1186,-1,1296.289,643.518,107.665,72.365,0.903,-1,-1,-1
1186,-1,574.116,779.214,87.590,44.760,0.679,-1,-1,-1
1187,-1,1308.392,642.998,96.632,64.785,0.752,-1,-1,-1
1187,-1,570.716,779.219,84.940,44.202,0.596,-1,-1,-1
1188,-1,569.777,779.838,79.475,43.177,0.530,-1,-1,-1
1188,-1,1319.111,643.385,84.591,55.559,0.472,-1,-1,-1
1189,-1,569.118,779.942,76.191,42.507,0.502,-1,-1,-1
1189,-1,1329.443,625.804,76.527,59.719,0.474,-1,-1,-1
1190,-1,568.379,780.481,74.610,42.330,0.435,-1,-1,-1
1190,-1,1361.211,613.803,74.313,68.174,0.232,-1,-1,-1
1191,-1,566.162,781.751,74.320,40.739,0.379,-1,-1,-1
1192,-1,565.029,781.792,70.937,40.870,0.242,-1,-1,-1
1193,-1,1416.776,596.364,77.305,55.110,0.272,-1,-1,-1
1194,-1,1434.369,577.310,111.998,55.403,0.506,-1,-1,-1
1195,-1,1432.223,573.758,123.738,61.078,0.744,-1,-1,-1
1196,-1,1440.876,568.081,115.460,65.184,0.800,-1,-1,-1
1197,-1,1455.636,561.766,100.107,67.258,0.641,-1,-1,-1
1198,-1,1475.512,546.966,132.756,68.627,0.774,-1,-1,-1
1199,-1,1484.521,546.080,119.827,64.677,0.862,-1,-1,-1
1199,-1,1577.783,521.047,45.797,40.156,0.243,-1,-1,-1
1200,-1,1500.308,547.564,98.819,56.911,0.827,-1,-1,-1
1200,-1,1574.988,518.532,53.048,46.548,0.361,-1,-1,-1
1201,-1,1516.675,548.389,78.217,49.860,0.597,-1,-1,-1
1201,-1,1570.716,516.448,61.088,54.261,0.405,-1,-1,-1
1202,-1,1566.690,515.061,71.530,60.038,0.443,-1,-1,-1
1202,-1,1529.919,522.247,55.948,61.772,0.266,-1,-1,-1
1203,-1,1564.583,515.924,81.899,62.209,0.522,-1,-1,-1
1203,-1,1535.832,523.006,48.962,56.584,0.213,-1,-1,-1
1204,-1,1558.389,511.436,98.039,64.425,0.629,-1,-1,-1
1205,-1,1556.656,507.505,99.963,64.346,0.655,-1,-1,-1
1206,-1,1584.311,499.072,108.956,60.362,0.673,-1,-1,-1
1207,-1,1594.885,497.550,96.643,57.377,0.748,-1,-1,-1
1207,-1,1539.021,516.143,40.520,42.183,0.283,-1,-1,-1
1208,-1,1609.077,498.349,74.026,50.557,0.655,-1,-1,-1
1208,-1,1539.189,516.054,40.916,41.875,0.329,-1,-1,-1
1208,-1,1570.777,505.484,61.873,54.030,0.306,-1,-1,-1
1209,-1,1618.400,500.386,59.581,44.273,0.500,-1,-1,-1
1209,-1,1540.020,515.908,40.369,41.509,0.358,-1,-1,-1
1209,-1,1570.777,510.246,52.455,47.442,0.234,-1,-1,-1
1210,-1,1540.208,515.284,41.024,41.858,0.322,-1,-1,-1
1211,-1,2441.916,586.417,110.328,479.691,0.303,-1,-1,-1
1211,-1,1540.401,515.483,41.804,42.185,0.285,-1,-1,-1
1212,-1,2329.082,656.963,216.497,332.542,0.504,-1,-1,-1
1212,-1,1540.744,516.801,41.494,41.371,0.257,-1,-1,-1
1212,-1,2507.456,678.900,50.007,321.300,0.221,-1,-1,-1
1213,-1,2244.010,660.589,315.506,301.087,0.703,-1,-1,-1
1213,-1,1540.974,516.727,41.398,41.577,0.280,-1,-1,-1
1214,-1,2122.020,649.650,427.068,311.645,0.690,-1,-1,-1
1214,-1,1541.382,516.511,41.231,41.893,0.298,-1,-1,-1
1215,-1,2058.812,645.944,501.184,312.091,0.988,-1,-1,-1
1215,-1,1541.835,515.508,41.158,43.017,0.304,-1,-1,-1
1216,-1,1541.978,515.296,41.453,43.622,0.272,-1,-1,-1
1217,-1,1929.337,644.739,583.076,288.324,0.964,-1,-1,-1
1217,-1,1541.805,514.983,41.895,43.986,0.269,-1,-1,-1
1218,-1,1842.606,650.631,559.716,266.133,0.672,-1,-1,-1
1218,-1,1541.615,514.868,42.013,44.533,0.257,-1,-1,-1
1219,-1,1764.167,653.854,521.519,256.953,0.667,-1,-1,-1
1219,-1,1542.002,514.836,41.300,44.572,0.241,-1,-1,-1
1220,-1,1738.722,649.366,541.118,261.821,0.672,-1,-1,-1
1220,-1,1542.413,514.889,40.596,44.722,0.207,-1,-1,-1
1221,-1,1666.229,651.836,508.185,250.400,0.977,-1,-1,-1
1222,-1,1616.519,650.704,436.728,246.580,0.836,-1,-1,-1
1223,-1,1581.171,657.848,461.095,234.662,0.718,-1,-1,-1
1224,-1,1527.026,665.443,402.518,220.418,0.978,-1,-1,-1
1225,-1,1501.691,674.046,396.881,208.644,0.668,-1,-1,-1
1226,-1,1453.542,678.339,356.422,200.678,0.981,-1,-1,-1
1227,-1,1431.218,677.356,344.411,202.911,0.677,-1,-1,-1
1228,-1,1387.922,675.519,315.224,202.494,0.894,-1,-1,-1
1229,-1,1371.704,688.265,267.678,167.942,0.652,-1,-1,-1
1230,-1,1369.269,686.925,249.964,166.810,0.677,-1,-1,-1
1230,-1,1543.401,513.870,37.012,44.700,0.207,-1,-1,-1
1231,-1,1325.296,689.964,251.444,163.251,0.951,-1,-1,-1
1231,-1,1542.931,515.072,37.422,42.294,0.302,-1,-1,-1
1232,-1,1289.474,692.771,233.583,161.840,0.784,-1,-1,-1
1232,-1,1542.453,515.927,37.745,40.798,0.354,-1,-1,-1
1232,-1,1563.118,509.222,47.171,40.643,0.212,-1,-1,-1
1233,-1,1274.061,689.984,241.588,162.337,0.749,-1,-1,-1
1233,-1,1541.851,516.043,37.881,41.214,0.354,-1,-1,-1
1233,-1,550.123,789.179,69.244,63.809,0.227,-1,-1,-1
1233,-1,1564.020,509.133,46.112,40.078,0.214,-1,-1,-1
1234,-1,1238.603,694.830,233.975,154.340,0.987,-1,-1,-1
1234,-1,1541.501,516.006,37.912,41.290,0.330,-1,-1,-1
1234,-1,546.790,787.897,77.136,65.766,0.248,-1,-1,-1
1235,-1,1231.855,697.786,222.248,148.601,0.709,-1,-1,-1
1235,-1,1541.048,515.741,38.498,41.584,0.315,-1,-1,-1
1236,-1,1198.529,699.069,212.706,146.261,0.989,-1,-1,-1
1236,-1,1540.914,515.560,39.280,41.490,0.319,-1,-1,-1
1237,-1,1189.919,700.780,203.424,141.956,0.690,-1,-1,-1
1237,-1,1540.755,515.457,39.793,41.607,0.316,-1,-1,-1
1238,-1,1156.036,701.960,203.210,139.101,0.990,-1,-1,-1
1238,-1,1540.791,515.538,40.079,41.272,0.331,-1,-1,-1
1238,-1,574.840,797.813,72.339,58.924,0.256,-1,-1,-1
1239,-1,1147.469,707.293,192.980,128.953,0.716,-1,-1,-1
1239,-1,1540.855,515.910,39.929,40.660,0.360,-1,-1,-1
1239,-1,579.386,799.094,73.386,56.943,0.399,-1,-1,-1
1239,-1,1560.964,506.529,49.954,41.675,0.212,-1,-1,-1
1240,-1,1115.586,712.597,188.202,122.865,0.987,-1,-1,-1
1240,-1,582.623,800.212,76.190,56.265,0.622,-1,-1,-1
1240,-1,1540.995,516.229,39.802,40.133,0.389,-1,-1,-1
1240,-1,1561.489,506.625,49.166,41.054,0.227,-1,-1,-1
1241,-1,1105.253,714.212,180.616,117.994,0.865,-1,-1,-1
1241,-1,584.561,800.782,79.667,55.627,0.715,-1,-1,-1
1241,-1,1541.040,516.456,39.703,39.908,0.414,-1,-1,-1
1241,-1,1561.848,506.787,48.494,40.613,0.240,-1,-1,-1
1242,-1,1078.736,716.954,174.015,115.639,0.948,-1,-1,-1
1242,-1,586.282,801.493,82.872,56.668,0.703,-1,-1,-1
1242,-1,1540.933,516.278,39.847,40.343,0.397,-1,-1,-1
1242,-1,1561.485,506.477,49.035,40.959,0.231,-1,-1,-1
1243,-1,1067.159,717.069,168.237,112.878,0.974,-1,-1,-1
1243,-1,588.621,801.536,83.327,55.417,0.631,-1,-1,-1
1243,-1,1541.107,516.359,39.592,39.610,0.396,-1,-1,-1
1243,-1,1561.904,506.683,48.298,40.773,0.221,-1,-1,-1
1244,-1,1040.545,718.655,165.696,114.432,0.774,-1,-1,-1
1244,-1,601.869,802.148,91.298,57.319,0.487,-1,-1,-1
1244,-1,1541.384,516.439,39.169,39.025,0.376,-1,-1,-1
1245,-1,1031.062,719.718,159.887,110.937,0.986,-1,-1,-1
1245,-1,604.114,801.170,92.899,58.924,0.662,-1,-1,-1
1245,-1,1541.714,516.575,38.751,38.062,0.378,-1,-1,-1
1246,-1,1017.493,720.939,158.317,108.925,0.981,-1,-1,-1
1246,-1,609.702,801.124,90.173,59.289,0.779,-1,-1,-1
1246,-1,1541.701,516.566,38.793,38.014,0.366,-1,-1,-1
1247,-1,993.464,720.021,159.284,111.616,0.912,-1,-1,-1
1247,-1,616.240,800.936,89.055,59.677,0.756,-1,-1,-1
1247,-1,1541.638,516.509,38.984,38.105,0.354,-1,-1,-1
1248,-1,983.909,719.122,154.855,112.029,0.982,-1,-1,-1
1248,-1,623.208,800.503,88.030,60.918,0.775,-1,-1,-1
1248,-1,1541.780,516.043,39.255,38.389,0.349,-1,-1,-1
1249,-1,972.847,719.639,148.737,108.334,0.967,-1,-1,-1
1249,-1,629.338,800.483,86.869,62.591,0.748,-1,-1,-1
1249,-1,1541.958,515.468,39.673,38.804,0.348,-1,-1,-1
1250,-1,636.223,801.481,80.783,63.077,0.748,-1,-1,-1
1250,-1,956.076,721.824,141.134,107.919,0.695,-1,-1,-1
1250,-1,1542.091,514.877,40.081,38.966,0.364,-1,-1,-1
1251,-1,945.959,721.910,142.429,109.285,0.975,-1,-1,-1
1251,-1,641.667,802.944,75.813,61.962,0.739,-1,-1,-1
1251,-1,1542.060,514.796,40.237,38.988,0.372,-1,-1,-1
1252,-1,934.565,721.820,138.245,109.714,0.974,-1,-1,-1
1252,-1,646.508,805.023,71.329,59.562,0.659,-1,-1,-1
1252,-1,1542.087,514.792,40.158,39.222,0.363,-1,-1,-1
1252,-1,549.633,782.364,45.214,33.129,0.210,-1,-1,-1
1253,-1,926.046,722.108,135.798,107.629,0.810,-1,-1,-1
1253,-1,656.404,803.951,86.775,61.352,0.516,-1,-1,-1
1253,-1,1542.207,514.913,39.904,39.595,0.341,-1,-1,-1
1254,-1,910.058,721.757,125.031,107.287,0.865,-1,-1,-1
1254,-1,658.961,805.667,95.034,60.805,0.669,-1,-1,-1
1254,-1,1542.345,515.033,39.682,39.787,0.319,-1,-1,-1
1255,-1,897.285,724.060,127.736,103.782,0.947,-1,-1,-1
1255,-1,663.612,804.989,99.663,62.742,0.731,-1,-1,-1
1255,-1,1542.317,515.265,39.638,39.567,0.317,-1,-1,-1
1256,-1,893.487,742.068,117.716,77.233,0.917,-1,-1,-1
1256,-1,669.383,803.445,97.220,66.182,0.644,-1,-1,-1
1256,-1,1542.337,515.350,39.505,39.439,0.330,-1,-1,-1
1257,-1,893.562,740.247,107.701,78.041,0.693,-1,-1,-1
1257,-1,676.663,801.837,90.216,67.665,0.484,-1,-1,-1
1257,-1,1542.353,515.362,39.378,39.355,0.342,-1,-1,-1
1258,-1,865.081,742.367,110.331,82.029,0.888,-1,-1,-1
1258,-1,713.880,799.813,80.784,68.428,0.514,-1,-1,-1
1258,-1,1542.471,515.260,39.194,39.472,0.345,-1,-1,-1
1259,-1,854.579,743.765,114.504,79.860,0.952,-1,-1,-1
1259,-1,712.366,798.280,93.150,71.617,0.749,-1,-1,-1
1259,-1,1542.558,515.172,39.194,39.511,0.330,-1,-1,-1
1260,-1,845.084,746.134,114.100,76.836,0.949,-1,-1,-1
1260,-1,715.246,797.697,101.229,74.027,0.847,-1,-1,-1
1260,-1,1542.793,515.164,38.997,39.882,0.293,-1,-1,-1
1261,-1,718.826,797.046,107.709,75.866,0.882,-1,-1,-1
1261,-1,842.529,748.536,106.184,74.962,0.730,-1,-1,-1
1261,-1,1542.889,515.355,38.899,39.830,0.272,-1,-1,-1
1262,-1,828.734,753.214,93.883,71.611,0.952,-1,-1,-1
1262,-1,719.877,795.429,115.410,77.906,0.798,-1,-1,-1
1262,-1,1542.831,515.330,39.149,40.033,0.270,-1,-1,-1
1263,-1,821.175,754.646,97.094,67.762,0.981,-1,-1,-1
1263,-1,739.115,798.676,114.946,84.293,0.628,-1,-1,-1
1263,-1,1542.643,515.426,39.492,39.615,0.297,-1,-1,-1
1264,-1,814.918,755.178,92.938,63.248,0.953,-1,-1,-1
1264,-1,740.357,799.235,123.694,87.708,0.811,-1,-1,-1
1264,-1,1542.604,515.192,39.780,39.910,0.303,-1,-1,-1
1265,-1,745.628,799.640,125.644,88.472,0.823,-1,-1,-1
1265,-1,807.983,754.237,89.427,58.859,0.765,-1,-1,-1
1265,-1,1542.778,515.197,39.501,40.064,0.298,-1,-1,-1
1266,-1,755.034,785.397,122.634,93.456,0.780,-1,-1,-1
1266,-1,812.253,755.832,71.235,49.558,0.375,-1,-1,-1
1266,-1,1542.798,515.161,39.439,40.342,0.292,-1,-1,-1
1267,-1,750.777,778.400,139.878,104.097,0.847,-1,-1,-1
1267,-1,1542.865,515.068,39.174,40.416,0.296,-1,-1,-1
1268,-1,758.016,776.282,142.511,107.118,0.888,-1,-1,-1
1268,-1,1542.988,514.979,39.131,40.360,0.289,-1,-1,-1
1269,-1,776.840,789.751,140.080,98.199,0.936,-1,-1,-1
1269,-1,756.467,766.779,97.086,48.479,0.459,-1,-1,-1
1269,-1,1543.205,514.786,38.898,40.482,0.295,-1,-1,-1
1270,-1,784.004,794.150,144.448,97.675,0.977,-1,-1,-1
1270,-1,735.690,770.399,81.015,48.211,0.567,-1,-1,-1
1270,-1,1543.489,514.673,38.973,40.678,0.281,-1,-1,-1
1271,-1,794.847,796.475,146.684,99.171,0.978,-1,-1,-1
1271,-1,730.470,769.189,85.893,51.009,0.811,-1,-1,-1
1271,-1,1543.627,514.962,38.771,40.569,0.273,-1,-1,-1
1272,-1,728.780,766.737,80.730,53.454,0.871,-1,-1,-1
1272,-1,801.226,794.872,151.658,101.408,0.800,-1,-1,-1
1272,-1,1543.580,515.004,39.141,40.558,0.255,-1,-1,-1
1273,-1,821.407,802.354,158.759,100.204,0.971,-1,-1,-1
1273,-1,726.815,765.703,73.315,53.874,0.855,-1,-1,-1
1273,-1,1543.899,516.194,38.743,39.821,0.262,-1,-1,-1
1274,-1,829.572,799.606,165.599,106.410,0.985,-1,-1,-1
1274,-1,725.075,764.434,66.403,54.053,0.746,-1,-1,-1
1274,-1,1543.957,517.426,38.554,38.968,0.292,-1,-1,-1
1275,-1,836.561,794.952,173.459,114.097,0.985,-1,-1,-1
1275,-1,721.415,764.486,63.455,52.602,0.622,-1,-1,-1
1275,-1,1544.278,518.750,37.755,38.247,0.314,-1,-1,-1
1276,-1,851.707,799.249,179.718,112.331,0.925,-1,-1,-1
1276,-1,721.361,765.554,54.742,51.382,0.314,-1,-1,-1
1276,-1,1544.083,518.918,37.550,38.174,0.306,-1,-1,-1
1277,-1,862.294,797.036,176.231,118.473,0.968,-1,-1,-1
1277,-1,1544.018,518.354,37.562,38.796,0.270,-1,-1,-1
1278,-1,868.693,796.971,190.845,139.256,0.956,-1,-1,-1
1278,-1,1544.142,517.420,37.480,39.769,0.231,-1,-1,-1
1279,-1,875.487,793.990,197.983,145.968,0.874,-1,-1,-1
1279,-1,1544.209,517.226,37.438,40.028,0.235,-1,-1,-1
1280,-1,894.962,792.234,207.256,150.135,0.855,-1,-1,-1
1280,-1,1544.409,517.267,37.311,39.803,0.246,-1,-1,-1
1280,-1,671.228,772.123,65.935,55.695,0.237,-1,-1,-1
1281,-1,904.074,789.442,212.810,157.395,0.888,-1,-1,-1
1281,-1,658.025,778.805,51.461,47.559,0.341,-1,-1,-1
1281,-1,1544.260,517.414,37.432,39.528,0.254,-1,-1,-1
1282,-1,914.373,789.026,216.440,161.060,0.849,-1,-1,-1
1282,-1,653.782,778.279,57.821,47.766,0.533,-1,-1,-1
1282,-1,1544.353,516.754,37.416,40.179,0.233,-1,-1,-1
1283,-1,935.923,786.692,231.887,169.829,0.879,-1,-1,-1
1283,-1,649.069,777.318,62.661,48.364,0.662,-1,-1,-1
1283,-1,1544.374,516.209,37.436,40.885,0.216,-1,-1,-1
1284,-1,951.089,787.931,227.462,174.777,0.919,-1,-1,-1
1284,-1,643.869,776.300,67.156,49.855,0.725,-1,-1,-1
1284,-1,1544.485,516.482,37.074,40.837,0.210,-1,-1,-1
1285,-1,637.797,776.762,68.968,49.724,0.773,-1,-1,-1
1285,-1,967.792,788.659,253.274,184.076,0.769,-1,-1,-1
1285,-1,1544.441,517.358,36.641,39.992,0.213,-1,-1,-1
1286,-1,978.062,791.688,258.216,192.607,0.925,-1,-1,-1
1286,-1,632.630,778.888,69.831,47.301,0.786,-1,-1,-1
1286,-1,1544.364,518.006,36.319,39.488,0.205,-1,-1,-1
1287,-1,984.838,787.785,292.512,207.209,0.868,-1,-1,-1
1287,-1,626.202,781.508,73.465,44.542,0.776,-1,-1,-1
1288,-1,1009.474,790.522,288.948,211.727,0.217,-1,-1,-1
1288,-1,621.974,783.528,75.574,42.383,0.729,-1,-1,-1
1289,-1,1014.519,793.864,309.813,214.846,0.669,-1,-1,-1
1289,-1,617.468,784.517,76.583,41.152,0.608,-1,-1,-1
1290,-1,1050.071,792.498,338.052,236.082,0.932,-1,-1,-1
1290,-1,591.163,785.476,73.370,38.459,0.419,-1,-1,-1
1291,-1,1068.160,796.045,359.395,246.582,0.946,-1,-1,-1
1291,-1,585.940,785.033,78.077,39.722,0.577,-1,-1,-1
1292,-1,1100.899,795.626,410.496,268.000,0.805,-1,-1,-1
1292,-1,578.629,785.501,79.488,39.583,0.643,-1,-1,-1
1293,-1,1124.701,798.250,415.470,284.745,0.990,-1,-1,-1
1293,-1,573.174,784.471,78.586,40.247,0.547,-1,-1,-1
1294,-1,1153.403,801.443,508.658,290.507,0.673,-1,-1,-1
1294,-1,567.793,783.857,78.017,40.883,0.486,-1,-1,-1
1295,-1,1181.011,812.853,498.731,320.095,0.971,-1,-1,-1
1295,-1,566.302,782.857,75.232,42.871,0.379,-1,-1,-1
1296,-1,1255.019,794.265,495.146,412.037,0.783,-1,-1,-1
1296,-1,568.504,783.040,67.010,43.880,0.266,-1,-1,-1
1297,-1,1281.537,817.390,500.854,346.075,0.647,-1,-1,-1
1297,-1,567.032,782.704,65.477,44.377,0.210,-1,-1,-1
1298,-1,1369.583,822.169,578.708,420.168,0.996,-1,-1,-1
1298,-1,544.229,778.814,77.794,47.166,0.284,-1,-1,-1
1299,-1,1382.337,824.804,652.052,421.224,0.656,-1,-1,-1
1299,-1,544.383,778.701,76.184,47.658,0.305,-1,-1,-1
1300,-1,1512.454,838.675,711.707,497.698,0.975,-1,-1,-1
1300,-1,546.482,779.110,69.060,48.134,0.250,-1,-1,-1
1301,-1,1590.648,843.876,896.733,560.913,0.668,-1,-1,-1
1302,-1,1664.072,856.318,854.601,622.279,0.998,-1,-1,-1
1304,-1,1894.508,871.868,655.679,720.465,0.953,-1,-1,-1
1305,-1,1965.176,874.712,578.924,692.146,0.620,-1,-1,-1
1306,-1,2105.465,914.148,449.025,749.804,0.238,-1,-1,-1
1309,-1,1540.657,516.051,41.259,44.462,0.200,-1,-1,-1
1327,-1,1540.807,511.102,44.883,48.133,0.213,-1,-1,-1
1328,-1,1540.906,511.373,44.476,47.904,0.211,-1,-1,-1
1337,-1,1540.767,510.540,44.015,48.752,0.200,-1,-1,-1
1338,-1,1540.662,510.431,44.182,48.879,0.206,-1,-1,-1
1345,-1,1539.925,510.011,45.052,48.510,0.206,-1,-1,-1
1346,-1,1539.542,510.207,45.460,48.149,0.221,-1,-1,-1
1347,-1,1539.327,510.137,45.601,48.065,0.230,-1,-1,-1
1348,-1,1539.211,509.941,45.562,48.364,0.227,-1,-1,-1
1349,-1,1539.131,509.838,45.617,48.453,0.226,-1,-1,-1
1350,-1,1539.029,509.698,45.906,48.680,0.231,-1,-1,-1
1351,-1,1539.147,509.739,45.869,48.515,0.229,-1,-1,-1
1352,-1,1539.054,509.554,46.327,48.421,0.229,-1,-1,-1
1353,-1,1539.485,509.772,45.604,47.955,0.221,-1,-1,-1
1354,-1,1539.751,510.097,44.947,47.391,0.225,-1,-1,-1
1355,-1,1540.231,510.693,43.708,46.685,0.222,-1,-1,-1
1356,-1,1540.392,511.126,43.345,46.208,0.219,-1,-1,-1
1357,-1,1540.499,510.954,43.466,46.389,0.205,-1,-1,-1
1397,-1,1542.286,510.575,41.129,47.941,0.206,-1,-1,-1
1398,-1,1541.727,511.203,42.182,46.455,0.261,-1,-1,-1
1399,-1,1541.827,510.632,41.980,47.460,0.248,-1,-1,-1
1400,-1,1541.639,510.428,41.826,48.188,0.222,-1,-1,-1
1409,-1,1541.439,510.652,38.001,48.044,0.203,-1,-1,-1
1410,-1,1541.987,512.312,37.954,46.220,0.209,-1,-1,-1
1464,-1,2101.097,755.031,441.709,319.417,0.666,-1,-1,-1
1465,-1,1982.886,721.048,568.862,405.095,0.787,-1,-1,-1
1466,-1,1884.964,740.845,664.427,376.333,0.975,-1,-1,-1
1467,-1,1725.317,758.342,743.341,353.603,0.946,-1,-1,-1
1468,-1,1654.527,756.644,770.110,355.602,0.665,-1,-1,-1
1469,-1,1536.365,766.093,681.340,353.366,0.924,-1,-1,-1
1470,-1,1542.334,810.434,557.126,256.247,0.655,-1,-1,-1
1471,-1,1380.868,859.850,687.147,241.033,0.561,-1,-1,-1
1472,-1,1035.482,887.031,585.765,243.683,0.658,-1,-1,-1
1472,-1,1259.451,821.274,740.422,191.004,0.236,-1,-1,-1
1473,-1,1043.572,891.987,558.322,243.365,0.679,-1,-1,-1
1474,-1,960.519,911.094,531.831,232.122,0.671,-1,-1,-1
1475,-1,878.873,930.993,499.996,225.235,0.663,-1,-1,-1
1476,-1,785.814,951.276,494.780,244.783,0.931,-1,-1,-1
1477,-1,708.330,976.533,468.832,238.872,0.771,-1,-1,-1
1478,-1,617.154,1002.213,455.710,232.517,0.682,-1,-1,-1
1479,-1,519.802,1024.825,456.538,221.629,0.667,-1,-1,-1
1480,-1,509.797,1030.998,443.658,206.640,0.661,-1,-1,-1
1481,-1,403.227,1065.426,456.561,215.169,0.937,-1,-1,-1
1482,-1,333.486,1091.259,435.802,198.763,0.917,-1,-1,-1
1483,-1,330.428,1100.113,393.967,193.806,0.639,-1,-1,-1
1484,-1,218.102,1115.031,434.657,195.710,0.585,-1,-1,-1
1484,-1,151.938,1202.811,244.909,143.370,0.324,-1,-1,-1
1485,-1,58.296,1183.922,366.426,199.836,0.661,-1,-1,-1
1485,-1,370.803,1136.508,203.725,155.289,0.289,-1,-1,-1
1486,-1,25.781,1183.921,396.459,198.546,0.979,-1,-1,-1
1487,-1,9.793,1190.934,340.615,193.952,0.979,-1,-1,-1
1488,-1,5.225,1188.229,321.134,204.025,0.953,-1,-1,-1
1489,-1,9.736,1192.987,300.702,207.740,0.624,-1,-1,-1
1490,-1,6.111,1207.061,234.341,161.449,0.320,-1,-1,-1
1490,-1,2.168,1207.225,44.973,234.998,0.213,-1,-1,-1
1491,-1,0.000,1241.679,156.472,156.445,0.295,-1,-1,-1
1492,-1,4.268,1185.677,38.634,283.403,0.253,-1,-1,-1
1621,-1,568.669,798.311,64.220,55.453,0.274,-1,-1,-1
1622,-1,572.456,798.150,67.739,54.917,0.355,-1,-1,-1
1623,-1,577.100,798.959,68.648,54.532,0.501,-1,-1,-1
1624,-1,582.520,800.310,69.936,52.717,0.513,-1,-1,-1
1625,-1,585.073,800.781,73.361,51.337,0.547,-1,-1,-1
1626,-1,590.420,802.479,73.636,50.043,0.422,-1,-1,-1
1627,-1,595.774,803.962,70.676,48.622,0.308,-1,-1,-1
1628,-1,612.547,801.597,77.288,53.856,0.387,-1,-1,-1
1629,-1,618.239,800.276,77.820,56.948,0.569,-1,-1,-1
1630,-1,627.203,799.994,74.338,57.301,0.657,-1,-1,-1
1631,-1,636.065,800.489,69.352,56.444,0.657,-1,-1,-1
1632,-1,643.075,800.762,66.863,54.859,0.614,-1,-1,-1
1633,-1,650.143,800.640,61.265,54.437,0.488,-1,-1,-1
1634,-1,655.883,802.111,56.082,51.179,0.330,-1,-1,-1
1635,-1,668.849,799.047,81.932,56.546,0.363,-1,-1,-1
1636,-1,677.937,800.474,79.093,55.362,0.337,-1,-1,-1
1638,-1,730.539,800.033,62.070,57.539,0.404,-1,-1,-1
1639,-1,729.219,799.332,75.134,58.111,0.630,-1,-1,-1
1640,-1,726.419,798.395,90.941,61.347,0.808,-1,-1,-1
1641,-1,723.809,797.380,103.283,64.877,0.767,-1,-1,-1
1642,-1,727.624,797.212,101.046,66.350,0.537,-1,-1,-1
1643,-1,750.752,795.614,106.668,71.698,0.780,-1,-1,-1
1644,-1,759.741,794.137,108.808,75.146,0.876,-1,-1,-1
1645,-1,771.004,794.136,100.828,77.383,0.797,-1,-1,-1
1646,-1,791.480,797.490,114.302,75.835,0.686,-1,-1,-1
1647,-1,793.359,796.934,122.624,80.113,0.857,-1,-1,-1
1648,-1,797.381,787.243,127.119,97.509,0.905,-1,-1,-1
1649,-1,805.011,784.674,138.461,105.309,0.917,-1,-1,-1
1650,-1,822.877,791.480,144.253,99.325,0.735,-1,-1,-1
1651,-1,832.161,798.835,145.444,97.036,0.950,-1,-1,-1
1652,-1,842.189,803.146,151.126,96.551,0.950,-1,-1,-1
1653,-1,856.867,805.740,170.013,97.714,0.771,-1,-1,-1
1654,-1,868.880,805.675,162.831,102.668,0.911,-1,-1,-1
1655,-1,879.844,806.509,168.143,119.766,0.914,-1,-1,-1
1656,-1,886.871,802.137,176.968,130.552,0.831,-1,-1,-1
1657,-1,906.748,799.304,186.557,138.028,0.892,-1,-1,-1
1658,-1,914.082,797.233,198.268,145.137,0.954,-1,-1,-1
1659,-1,940.669,799.974,211.097,146.088,0.737,-1,-1,-1
1660,-1,952.770,801.756,213.140,154.200,0.947,-1,-1,-1
1661,-1,982.565,809.801,231.542,156.172,0.703,-1,-1,-1
1662,-1,993.648,809.082,235.989,168.186,0.904,-1,-1,-1
1663,-1,1028.082,811.274,252.759,176.831,0.847,-1,-1,-1
1664,-1,1041.163,818.217,248.705,162.154,0.555,-1,-1,-1
1665,-1,1068.977,807.846,322.831,205.990,0.279,-1,-1,-1
1666,-1,1082.495,804.882,348.324,222.697,0.595,-1,-1,-1
1667,-1,1143.841,802.935,371.085,248.695,0.952,-1,-1,-1
1668,-1,1186.760,802.165,468.996,268.908,0.633,-1,-1,-1
1669,-1,1227.985,804.726,427.676,265.836,0.639,-1,-1,-1
1670,-1,1287.338,799.073,478.906,271.037,0.618,-1,-1,-1
1671,-1,1393.502,802.347,561.416,413.568,0.897,-1,-1,-1
1672,-1,1497.086,803.227,702.474,430.085,0.659,-1,-1,-1
1673,-1,1525.536,819.611,693.641,421.502,0.598,-1,-1,-1
1674,-1,1704.667,852.593,758.741,518.901,0.949,-1,-1,-1
1677,-1,1974.520,865.566,585.245,571.531,0.220,-1,-1,-1
1770,-1,555.976,785.425,58.293,69.700,0.253,-1,-1,-1
1771,-1,553.239,784.605,63.895,70.078,0.355,-1,-1,-1
1772,-1,550.696,784.849,70.013,70.017,0.341,-1,-1,-1
1773,-1,566.494,794.384,67.188,56.474,0.415,-1,-1,-1
1774,-1,566.452,793.416,75.972,56.745,0.550,-1,-1,-1
1775,-1,570.257,793.860,77.901,57.115,0.663,-1,-1,-1
1776,-1,576.092,794.896,76.446,56.017,0.655,-1,-1,-1
1777,-1,579.432,795.547,78.837,55.033,0.615,-1,-1,-1
1778,-1,582.848,796.358,82.127,56.090,0.533,-1,-1,-1
1779,-1,585.627,797.333,84.810,58.149,0.479,-1,-1,-1
1780,-1,613.935,799.061,72.670,53.479,0.395,-1,-1,-1
1781,-1,617.752,799.965,72.209,54.599,0.565,-1,-1,-1
1782,-1,622.421,799.789,74.212,56.023,0.588,-1,-1,-1
1783,-1,628.299,800.495,74.091,56.274,0.589,-1,-1,-1
1784,-1,635.699,800.711,71.460,57.445,0.521,-1,-1,-1
1785,-1,642.166,801.363,66.942,57.647,0.526,-1,-1,-1
1786,-1,647.850,801.887,63.527,57.924,0.438,-1,-1,-1
1787,-1,653.777,801.302,57.494,58.376,0.259,-1,-1,-1
1792,-1,728.039,798.115,63.128,66.713,0.265,-1,-1,-1
1793,-1,729.025,797.512,73.162,69.963,0.515,-1,-1,-1
1794,-1,731.606,799.602,81.175,71.251,0.631,-1,-1,-1
1795,-1,726.280,796.938,97.863,77.309,0.652,-1,-1,-1
1796,-1,701.970,785.332,146.622,98.135,0.543,-1,-1,-1
1797,-1,751.724,798.930,102.686,81.576,0.633,-1,-1,-1
1798,-1,755.617,798.340,108.722,84.963,0.784,-1,-1,-1
1799,-1,762.569,799.009,113.527,85.789,0.821,-1,-1,-1
1800,-1,769.240,793.265,117.684,95.401,0.639,-1,-1,-1
1801,-1,786.579,797.985,124.011,89.768,0.785,-1,-1,-1
1802,-1,792.811,794.497,134.205,101.057,0.937,-1,-1,-1
1803,-1,802.796,795.595,137.404,104.321,0.942,-1,-1,-1
1804,-1,807.942,794.314,142.658,111.526,0.674,-1,-1,-1
1805,-1,827.065,797.318,154.116,111.760,0.957,-1,-1,-1
1806,-1,837.631,795.293,159.274,118.185,0.946,-1,-1,-1
1807,-1,857.569,798.256,170.094,116.367,0.690,-1,-1,-1
1808,-1,865.580,802.128,173.172,133.525,0.939,-1,-1,-1
1809,-1,877.661,799.014,175.860,142.892,0.941,-1,-1,-1
1810,-1,886.869,798.145,178.579,148.923,0.712,-1,-1,-1
1811,-1,906.250,798.791,195.599,156.046,0.913,-1,-1,-1
1812,-1,920.293,801.238,195.173,158.663,0.771,-1,-1,-1
1813,-1,946.277,802.497,216.002,169.334,0.843,-1,-1,-1
1814,-1,958.644,806.382,217.591,174.544,0.664,-1,-1,-1
1815,-1,984.280,807.383,245.215,188.370,0.859,-1,-1,-1
1816,-1,984.195,802.770,299.581,211.281,0.299,-1,-1,-1
1817,-1,1006.452,808.226,306.250,216.523,0.266,-1,-1,-1
1818,-1,1056.462,808.928,327.063,236.962,0.298,-1,-1,-1
1819,-1,1070.349,811.730,356.854,249.391,0.646,-1,-1,-1
1820,-1,1126.751,803.908,395.237,285.371,0.906,-1,-1,-1
1821,-1,1174.191,820.672,480.601,305.567,0.586,-1,-1,-1
1822,-1,1212.742,824.076,446.711,315.148,0.627,-1,-1,-1
1823,-1,1301.880,785.823,649.026,446.587,0.633,-1,-1,-1
1824,-1,1365.465,812.564,611.594,444.073,0.850,-1,-1,-1
1825,-1,1465.953,835.865,790.644,508.094,0.657,-1,-1,-1
1826,-1,1608.751,837.442,878.189,581.358,0.653,-1,-1,-1
1827,-1,1694.007,853.183,790.911,613.893,0.667,-1,-1,-1
2125,-1,2327.775,644.369,227.726,342.207,0.367,-1,-1,-1
2126,-1,2250.997,639.120,308.648,329.154,0.582,-1,-1,-1
2127,-1,2120.907,617.527,433.555,351.228,0.586,-1,-1,-1
2129,-1,2011.116,567.516,532.349,443.614,0.859,-1,-1,-1
2130,-1,1937.685,585.183,584.259,407.467,0.849,-1,-1,-1
2131,-1,1847.942,629.769,551.633,295.277,0.647,-1,-1,-1
2132,-1,1831.581,638.371,550.839,275.294,0.624,-1,-1,-1
2133,-1,1753.962,616.196,513.437,270.889,0.641,-1,-1,-1
2134,-1,1684.181,625.471,467.836,256.800,0.805,-1,-1,-1
2135,-1,1621.353,628.009,429.042,251.049,0.647,-1,-1,-1
2136,-1,1600.500,631.323,420.276,244.622,0.650,-1,-1,-1
2137,-1,1540.033,641.120,389.125,226.260,0.772,-1,-1,-1
2138,-1,1510.034,663.403,388.575,212.283,0.695,-1,-1,-1
2139,-1,1459.515,665.570,361.538,208.167,0.895,-1,-1,-1
2140,-1,1445.469,643.131,337.169,220.145,0.796,-1,-1,-1
2141,-1,1378.740,651.536,352.823,203.145,0.628,-1,-1,-1
2142,-1,1371.991,655.829,321.003,195.067,0.906,-1,-1,-1
2143,-1,1348.090,652.270,316.677,195.782,0.625,-1,-1,-1
2144,-1,1328.069,674.907,257.026,162.686,0.661,-1,-1,-1
2145,-1,1319.666,671.807,252.522,166.101,0.797,-1,-1,-1
2146,-1,1280.038,670.903,251.599,171.066,0.894,-1,-1,-1
2147,-1,1273.755,673.035,239.136,165.434,0.690,-1,-1,-1
2148,-1,1239.996,676.252,230.586,162.160,0.969,-1,-1,-1
2149,-1,1233.489,679.185,218.594,154.842,0.672,-1,-1,-1
2150,-1,1203.695,679.601,206.517,157.405,0.969,-1,-1,-1
2151,-1,1192.956,680.141,201.333,155.124,0.728,-1,-1,-1
2152,-1,1162.377,681.996,198.366,151.485,0.963,-1,-1,-1
2153,-1,1151.493,685.099,191.317,145.085,0.957,-1,-1,-1
2154,-1,1131.969,689.450,176.558,136.942,0.808,-1,-1,-1
2155,-1,1120.272,690.050,174.686,136.439,0.957,-1,-1,-1
2156,-1,1107.983,690.504,173.325,134.568,0.833,-1,-1,-1
2157,-1,1081.936,695.938,173.062,123.583,0.801,-1,-1,-1
2158,-1,1068.496,697.738,173.140,120.116,0.870,-1,-1,-1
2159,-1,1058.227,700.254,168.970,115.394,0.689,-1,-1,-1
2160,-1,1033.637,703.095,169.637,109.555,0.837,-1,-1,-1
2161,-1,1024.624,710.273,163.419,114.659,0.912,-1,-1,-1
2162,-1,1012.836,709.885,162.773,114.895,0.924,-1,-1,-1
2163,-1,997.028,709.790,153.858,115.834,0.858,-1,-1,-1
2164,-1,988.035,709.923,153.042,115.148,0.944,-1,-1,-1
2165,-1,977.482,710.327,148.717,113.053,0.926,-1,-1,-1
2166,-1,969.631,712.567,145.781,108.503,0.854,-1,-1,-1
2167,-1,951.801,711.941,143.781,111.406,0.842,-1,-1,-1
2168,-1,940.390,713.749,144.487,107.993,0.948,-1,-1,-1
2169,-1,927.690,713.966,143.525,108.797,0.832,-1,-1,-1
2173,-1,885.859,716.702,141.362,108.201,0.742,-1,-1,-1
2174,-1,876.957,718.907,139.269,107.047,0.723,-1,-1,-1
2175,-1,870.545,721.258,142.644,103.853,0.610,-1,-1,-1
2176,-1,858.268,722.257,124.835,102.458,0.719,-1,-1,-1
2177,-1,850.462,737.523,120.100,80.862,0.857,-1,-1,-1
2178,-1,843.075,738.726,115.057,79.160,0.819,-1,-1,-1
2179,-1,828.417,741.982,98.204,79.465,0.597,-1,-1,-1
2180,-1,818.384,743.501,108.877,76.874,0.848,-1,-1,-1
2181,-1,808.337,746.025,115.568,73.253,0.930,-1,-1,-1
2182,-1,797.520,747.075,118.257,70.567,0.949,-1,-1,-1
2183,-1,789.847,746.861,118.760,70.809,0.833,-1,-1,-1
2184,-1,781.124,751.880,94.674,68.472,0.613,-1,-1,-1
2185,-1,774.826,753.386,102.773,68.134,0.904,-1,-1,-1
2186,-1,770.298,756.918,100.430,62.887,0.917,-1,-1,-1
2187,-1,764.418,759.259,97.443,60.407,0.916,-1,-1,-1
2188,-1,754.808,759.367,102.650,60.259,0.926,-1,-1,-1
2189,-1,748.811,759.690,101.859,57.996,0.800,-1,-1,-1
2190,-1,730.222,762.653,95.970,56.230,0.759,-1,-1,-1
2191,-1,728.676,763.966,92.791,53.891,0.865,-1,-1,-1
2192,-1,728.368,764.640,83.229,51.833,0.819,-1,-1,-1
2193,-1,727.291,765.042,75.085,50.677,0.725,-1,-1,-1
2194,-1,723.853,765.155,71.628,50.326,0.671,-1,-1,-1
2195,-1,722.248,765.342,66.519,49.362,0.551,-1,-1,-1
2196,-1,719.311,764.783,63.969,48.954,0.392,-1,-1,-1
2203,-1,665.253,770.630,73.219,56.297,0.208,-1,-1,-1
2204,-1,653.662,773.567,54.619,52.071,0.239,-1,-1,-1
2205,-1,647.783,774.229,63.877,50.562,0.378,-1,-1,-1
2206,-1,642.391,774.857,70.917,49.047,0.517,-1,-1,-1
2207,-1,638.362,774.623,72.242,49.039,0.615,-1,-1,-1
2208,-1,634.495,774.941,72.878,49.114,0.695,-1,-1,-1
2209,-1,629.878,775.293,75.247,48.901,0.753,-1,-1,-1
2210,-1,626.405,777.432,76.120,46.658,0.679,-1,-1,-1
2211,-1,624.681,779.809,74.168,42.949,0.606,-1,-1,-1
2212,-1,624.883,781.955,69.232,39.163,0.494,-1,-1,-1
2213,-1,626.260,783.080,60.237,36.984,0.369,-1,-1,-1
2214,-1,593.637,785.127,63.865,37.251,0.264,-1,-1,-1
2215,-1,589.105,785.235,67.377,37.351,0.309,-1,-1,-1
2216,-1,582.466,785.365,70.805,37.100,0.340,-1,-1,-1
2217,-1,577.228,784.953,71.368,37.411,0.325,-1,-1,-1
2218,-1,571.227,783.910,73.776,39.243,0.289,-1,-1,-1
2219,-1,567.367,783.046,74.653,40.314,0.262,-1,-1,-1
2220,-1,563.421,782.484,76.030,40.966,0.262,-1,-1,-1
2221,-1,562.195,782.346,74.660,41.403,0.244,-1,-1,-1
2228,-1,543.145,778.805,64.248,49.758,0.213,-1,-1,-1
2229,-1,541.038,779.242,64.893,48.466,0.220,-1,-1,-1
2249,-1,570.828,804.714,62.383,57.248,0.202,-1,-1,-1
2250,-1,573.600,804.524,65.913,58.673,0.238,-1,-1,-1
2251,-1,577.944,806.357,66.974,57.618,0.229,-1,-1,-1
2252,-1,580.172,808.066,71.578,57.703,0.267,-1,-1,-1
2253,-1,584.279,810.385,73.784,55.812,0.277,-1,-1,-1
2254,-1,585.223,810.880,79.214,57.117,0.291,-1,-1,-1
2258,-1,627.809,809.676,68.882,55.039,0.295,-1,-1,-1
2259,-1,633.802,810.558,69.792,56.007,0.437,-1,-1,-1
2260,-1,639.199,812.073,69.387,57.315,0.486,-1,-1,-1
2261,-1,644.579,813.502,66.317,58.328,0.386,-1,-1,-1
2262,-1,650.270,814.707,61.444,59.273,0.238,-1,-1,-1
2268,-1,721.922,812.413,73.297,65.303,0.346,-1,-1,-1
2269,-1,728.919,812.433,75.473,66.563,0.510,-1,-1,-1
2270,-1,732.553,813.358,82.450,68.013,0.543,-1,-1,-1
2271,-1,731.142,816.098,92.140,65.765,0.420,-1,-1,-1
2272,-1,755.566,820.928,87.946,64.738,0.379,-1,-1,-1
2273,-1,755.145,821.096,99.228,66.717,0.551,-1,-1,-1
2274,-1,759.576,817.369,108.090,74.539,0.653,-1,-1,-1
2275,-1,766.102,815.468,113.830,79.235,0.657,-1,-1,-1
2276,-1,776.423,815.405,106.392,78.819,0.425,-1,-1,-1
2277,-1,798.425,827.099,112.861,80.848,0.520,-1,-1,-1
2278,-1,797.158,816.793,146.649,101.444,0.789,-1,-1,-1
2279,-1,806.182,815.892,144.519,105.856,0.887,-1,-1,-1
2280,-1,825.379,816.503,135.915,111.263,0.819,-1,-1,-1
2281,-1,835.809,817.967,134.210,116.752,0.963,-1,-1,-1
2282,-1,847.019,820.902,139.690,120.593,0.971,-1,-1,-1
2283,-1,854.761,823.454,146.391,122.520,0.804,-1,-1,-1
2284,-1,873.870,826.591,158.222,125.401,0.964,-1,-1,-1
2285,-1,885.766,831.330,162.795,128.479,0.947,-1,-1,-1
2286,-1,905.128,828.278,184.749,146.584,0.789,-1,-1,-1
2287,-1,919.756,829.270,181.999,149.737,0.882,-1,-1,-1
2288,-1,945.300,844.520,204.503,150.771,0.608,-1,-1,-1
2289,-1,958.996,843.462,203.740,163.459,0.209,-1,-1,-1
2290,-1,988.838,848.385,226.828,173.341,0.620,-1,-1,-1
2291,-1,1004.218,855.757,218.588,175.868,0.631,-1,-1,-1
2292,-1,1034.718,863.036,244.562,179.854,0.608,-1,-1,-1
2293,-1,1056.867,873.213,323.287,201.008,0.712,-1,-1,-1
2294,-1,1085.259,874.714,322.067,214.585,0.943,-1,-1,-1
2295,-1,1123.859,873.714,378.851,250.483,0.903,-1,-1,-1
2296,-1,1138.497,880.414,402.479,267.934,0.652,-1,-1,-1
2297,-1,1217.919,891.226,422.736,281.576,0.604,-1,-1,-1
2298,-1,1340.218,943.407,552.545,287.547,0.407,-1,-1,-1
2299,-1,1381.502,878.663,568.136,448.542,0.690,-1,-1,-1
2300,-1,1477.245,895.489,769.126,503.196,0.663,-1,-1,-1
2301,-1,1617.018,907.972,871.532,560.002,0.660,-1,-1,-1
2302,-1,1690.677,934.967,782.652,567.826,0.651,-1,-1,-1
2304,-1,1962.294,1026.219,596.586,619.400,0.463,-1,-1,-1
2304,-1,2469.241,1046.101,89.220,694.557,0.254,-1,-1,-1
2358,-1,552.807,787.244,63.840,65.948,0.274,-1,-1,-1
2359,-1,550.611,785.133,69.663,67.342,0.336,-1,-1,-1
2360,-1,550.015,785.417,72.686,67.098,0.341,-1,-1,-1
2361,-1,569.450,799.702,62.636,49.749,0.331,-1,-1,-1
2362,-1,571.858,798.855,66.130,50.343,0.382,-1,-1,-1
2363,-1,2108.877,679.417,433.154,276.745,0.393,-1,-1,-1
2363,-1,576.761,798.726,66.327,50.284,0.428,-1,-1,-1
2364,-1,2082.961,671.985,458.440,283.796,0.795,-1,-1,-1
2364,-1,582.249,800.020,65.627,50.458,0.430,-1,-1,-1
2365,-1,2031.321,677.090,526.214,267.201,0.502,-1,-1,-1
2365,-1,589.216,801.560,65.619,50.538,0.456,-1,-1,-1
2365,-1,1589.316,700.163,628.055,205.831,0.235,-1,-1,-1
2366,-1,1559.560,702.584,521.911,192.674,0.584,-1,-1,-1
2366,-1,596.355,803.490,64.032,50.934,0.395,-1,-1,-1
2366,-1,1927.155,691.867,611.868,219.705,0.202,-1,-1,-1
2367,-1,1563.417,700.801,500.192,188.415,0.664,-1,-1,-1
2367,-1,602.050,804.628,62.373,51.779,0.252,-1,-1,-1
2368,-1,1503.266,706.319,425.672,172.064,0.664,-1,-1,-1
2368,-1,617.545,803.945,64.872,53.851,0.292,-1,-1,-1
2369,-1,1432.862,705.966,386.247,170.365,0.785,-1,-1,-1
2369,-1,620.618,803.568,66.760,55.782,0.406,-1,-1,-1
2370,-1,1359.479,698.888,366.218,178.590,0.618,-1,-1,-1
2370,-1,623.982,802.730,69.511,58.179,0.527,-1,-1,-1
2371,-1,1372.725,699.598,263.244,163.152,0.714,-1,-1,-1
2371,-1,628.190,802.168,72.274,58.795,0.494,-1,-1,-1
2372,-1,1334.212,701.774,245.982,154.685,0.662,-1,-1,-1
2372,-1,633.310,802.204,71.415,58.153,0.448,-1,-1,-1
2373,-1,1293.728,707.433,225.052,145.108,0.668,-1,-1,-1
2373,-1,639.280,802.656,68.979,57.926,0.409,-1,-1,-1
2374,-1,1271.437,709.344,251.123,138.595,0.667,-1,-1,-1
2374,-1,644.469,803.437,64.149,57.746,0.399,-1,-1,-1
2375,-1,1236.655,710.929,228.028,135.958,0.896,-1,-1,-1
2375,-1,649.313,803.641,62.371,58.222,0.368,-1,-1,-1
2376,-1,1202.996,712.945,209.760,129.920,0.972,-1,-1,-1
2376,-1,653.828,805.341,58.381,56.600,0.250,-1,-1,-1
2377,-1,1196.416,715.766,196.929,123.617,0.712,-1,-1,-1
2377,-1,663.956,804.710,79.099,60.429,0.300,-1,-1,-1
2378,-1,1160.214,714.527,189.935,122.537,0.986,-1,-1,-1
2378,-1,671.695,806.482,75.439,60.433,0.271,-1,-1,-1
2379,-1,1148.777,717.845,186.677,115.120,0.680,-1,-1,-1
2379,-1,679.139,805.246,73.283,61.628,0.295,-1,-1,-1
2380,-1,1120.049,715.491,173.194,116.543,0.985,-1,-1,-1
2380,-1,684.224,802.536,73.380,66.261,0.253,-1,-1,-1
2381,-1,1108.050,718.961,169.819,110.243,0.733,-1,-1,-1
2381,-1,723.580,800.016,62.954,65.190,0.380,-1,-1,-1
2382,-1,1081.109,718.780,160.262,110.569,0.982,-1,-1,-1
2382,-1,725.714,800.537,71.335,66.701,0.594,-1,-1,-1
2383,-1,1067.252,722.710,158.549,102.723,0.961,-1,-1,-1
2383,-1,727.252,802.262,81.092,66.254,0.804,-1,-1,-1
2384,-1,1045.535,721.071,151.735,106.810,0.909,-1,-1,-1
2384,-1,726.805,801.188,90.401,69.861,0.871,-1,-1,-1
2385,-1,1033.506,721.501,148.636,102.929,0.982,-1,-1,-1
2385,-1,723.221,799.810,104.677,72.452,0.902,-1,-1,-1
2386,-1,1021.841,722.546,144.493,100.298,0.898,-1,-1,-1
2386,-1,723.446,798.679,111.074,74.380,0.806,-1,-1,-1
2387,-1,999.692,720.861,144.174,102.363,0.829,-1,-1,-1
2387,-1,748.441,799.839,104.815,77.246,0.796,-1,-1,-1
2388,-1,988.282,721.173,140.642,102.016,0.970,-1,-1,-1
2388,-1,751.785,799.637,109.077,80.678,0.880,-1,-1,-1
2389,-1,759.783,797.964,110.008,83.677,0.922,-1,-1,-1
2389,-1,975.238,721.851,139.711,98.831,0.877,-1,-1,-1
2390,-1,767.193,796.274,107.585,86.924,0.863,-1,-1,-1
2390,-1,959.101,734.209,123.649,84.624,0.649,-1,-1,-1
2391,-1,944.845,732.813,139.274,83.732,0.947,-1,-1,-1
2391,-1,772.526,790.574,114.249,94.969,0.657,-1,-1,-1
2392,-1,932.926,734.227,142.889,79.618,0.975,-1,-1,-1
2392,-1,785.424,796.292,125.741,91.212,0.884,-1,-1,-1
2393,-1,790.840,794.142,134.288,98.620,0.940,-1,-1,-1
2393,-1,930.156,736.344,130.338,73.753,0.771,-1,-1,-1
2394,-1,801.408,799.092,134.363,97.098,0.955,-1,-1,-1
2394,-1,910.303,739.214,122.683,74.667,0.779,-1,-1,-1
2395,-1,899.384,740.028,127.438,69.184,0.968,-1,-1,-1
2395,-1,811.037,798.785,133.938,99.547,0.708,-1,-1,-1
2396,-1,902.513,742.336,106.280,62.071,0.710,-1,-1,-1
2396,-1,829.510,797.117,144.364,99.719,0.788,-1,-1,-1
2397,-1,835.897,792.435,153.126,107.268,0.862,-1,-1,-1
2397,-1,908.052,744.980,89.379,56.065,0.448,-1,-1,-1
2398,-1,842.089,786.614,160.268,117.839,0.848,-1,-1,-1
2398,-1,861.437,753.146,112.530,53.394,0.521,-1,-1,-1
2399,-1,846.300,782.187,164.452,127.463,0.782,-1,-1,-1
2399,-1,859.470,754.444,105.465,54.464,0.631,-1,-1,-1
2400,-1,864.265,791.797,164.980,124.796,0.781,-1,-1,-1
2400,-1,859.769,754.721,92.676,57.800,0.656,-1,-1,-1
2401,-1,874.786,805.032,168.651,129.925,0.944,-1,-1,-1
2401,-1,854.362,754.314,89.483,61.205,0.569,-1,-1,-1
2402,-1,885.403,805.064,171.750,134.663,0.977,-1,-1,-1
2402,-1,820.822,752.925,103.421,68.899,0.915,-1,-1,-1
2403,-1,812.559,753.707,111.076,68.319,0.985,-1,-1,-1
2403,-1,900.763,803.585,183.113,140.875,0.849,-1,-1,-1
2403,-1,1543.668,515.239,37.079,43.851,0.203,-1,-1,-1
2404,-1,907.957,805.391,189.137,142.792,0.957,-1,-1,-1
2404,-1,806.224,755.233,104.994,65.568,0.981,-1,-1,-1
2405,-1,918.962,806.983,193.713,145.982,0.951,-1,-1,-1
2405,-1,799.789,755.436,100.960,63.686,0.883,-1,-1,-1
2406,-1,939.850,806.556,210.181,154.995,0.849,-1,-1,-1
2406,-1,784.253,758.309,91.810,62.533,0.720,-1,-1,-1
2407,-1,949.110,809.813,214.472,160.707,0.973,-1,-1,-1
2407,-1,777.609,758.100,95.816,64.316,0.957,-1,-1,-1
2408,-1,772.628,762.062,92.672,58.508,0.966,-1,-1,-1
2408,-1,961.106,814.053,216.614,163.358,0.937,-1,-1,-1
2409,-1,766.333,764.978,89.748,54.221,0.967,-1,-1,-1
2409,-1,984.880,815.201,234.441,176.460,0.963,-1,-1,-1
2410,-1,759.704,767.164,90.898,50.913,0.961,-1,-1,-1
2410,-1,999.067,816.318,230.350,176.738,0.928,-1,-1,-1
2411,-1,1031.413,823.552,246.377,189.765,0.920,-1,-1,-1
2411,-1,755.855,767.218,87.265,48.644,0.752,-1,-1,-1
2412,-1,729.506,769.770,94.554,50.314,0.887,-1,-1,-1
2412,-1,1047.727,820.851,237.088,198.328,0.793,-1,-1,-1
2413,-1,725.610,770.538,95.394,50.241,0.947,-1,-1,-1
2413,-1,1064.489,821.187,305.353,215.956,0.937,-1,-1,-1
2414,-1,1080.663,819.137,330.593,231.895,0.919,-1,-1,-1
2414,-1,723.429,772.648,89.671,47.923,0.895,-1,-1,-1
2415,-1,1109.727,819.071,369.137,253.123,0.927,-1,-1,-1
2415,-1,722.036,773.991,85.266,46.456,0.842,-1,-1,-1
