2282,45,845.59094,817.4441,144.3551,122.45782499999996,1,-1,-1,-1
1245,482,601.32324,790.70807,89.83954000000006,67.96973000000003,1,-1,-1,-1
1269,482,771.6549,787.4922,145.71185000000003,99.89813000000015,1,-1,-1,-1
737,48,517.3677,773.7980299999999,110.89965999999993,72.58740000000012,1,-1,-1,-1
1158,10,723.8332,747.2393,93.57721000000015,71.76385500000004,1,-1,-1,-1
1163,1051,1261.2465,715.047,216.43335000000002,135.84729000000004,1,-1,-1,-1
1170,1051,1202.4546,705.0725,152.24463000000014,115.26977499999998,1,-1,-1,-1
789,48,939.02545,792.50604,245.97003000000007,171.29840000000002,1,-1,-1,-1
804,48,1234.4803,807.76825,601.9866,378.9689300000001,1,-1,-1,-1
1258,903,867.94385,734.41425,115.47815000000003,84.56555000000014,1,-1,-1,-1
1289,482,1044.2018,801.4714,287.26073999999994,213.23290999999995,1,-1,-1,-1
2367,37,599.1094400000001,794.44855,82.79388399999993,66.45965600000011,1,-1,-1,-1
1780,430,600.36005,792.77795,81.15026999999998,65.73865,1,-1,-1,-1
802,48,1165.2998,801.41516,515.6554000000001,339.3143299999999,1,-1,-1,-1
2387,903,1006.53094,725.0397,136.84870000000012,88.46838000000014,1,-1,-1,-1
1211,903,2465.2683,745.5899,94.73169000000053,234.98450000000003,1,-1,-1,-1
2302,45,1703.8074,959.0562,856.1926000000001,595.8235500000001,1,-1,-1,-1
1252,482,638.5711,793.9507,85.28967,68.03026999999997,1,-1,-1,-1
2128,63,2056.0547,642.0532,503.94529999999986,315.37396,1,-1,-1,-1
1664,746,1054.9518,809.91705,267.3016399999999,192.04919999999993,1,-1,-1,-1
2382,37,695.24176,789.9352,103.96716000000004,74.43090999999993,1,-1,-1,-1
786,48,915.79535,782.6343400000001,211.73955999999987,163.18169999999998,1,-1,-1,-1
1214,903,2156.4773,648.1749,403.5227,303.35333000000014,1,-1,-1,-1
1164,1051,1245.8657,717.0930000000001,207.86730999999986,129.45398,1,-1,-1,-1
2155,63,1122.3369,690.1489,172.74890000000005,130.69232,1,-1,-1,-1
2281,45,833.28973,818.60645,139.26825000000008,114.48529000000008,1,-1,-1,-1
801,903,862.2635,749.3042,108.54351999999994,67.25396999999998,1,-1,-1,-1
815,48,2085.7964,905.9804,474.2035999999998,562.43585,1,-1,-1,-1
1248,903,993.1799300000001,717.83514,145.6639399999998,101.4544699999999,1,-1,-1,-1
1802,430,787.3463,789.2242,133.20934999999997,108.0436400000001,1,-1,-1,-1
2161,63,1031.7788,704.60803,150.84142999999995,108.97046,1,-1,-1,-1
1485,203,158.20262,1138.2902,382.2741,148.30469000000016,1,-1,-1,-1
802,903,845.7903,749.2527,108.90753000000007,69.43926999999996,1,-1,-1,-1
952,746,158.92653,1216.0784,302.16936999999996,217.3158000000003,1,-1,-1,-1
1237,903,1179.9434,693.24255,205.11009999999987,145.92743000000007,1,-1,-1,-1
796,48,1038.8838,796.1618,341.66063999999983,242.49408000000005,1,-1,-1,-1
837,37,914.6934,740.22,120.10565000000008,75.66143999999997,1,-1,-1,-1
1267,482,758.9804,786.80646,132.85393999999997,97.88305999999989,1,-1,-1,-1
766,394,853.0239,747.74194,94.53210399999989,65.36999500000002,1,-1,-1,-1
1231,903,1321.1384,676.4791,254.2373,178.14684999999997,1,-1,-1,-1
2376,903,1209.1960000000001,710.69147,207.18371999999977,127.14801,1,-1,-1,-1
1104,10,1448.7087,650.6455,382.9812000000002,209.6016199999999,1,-1,-1,-1
1013,203,2210.6125,1083.3856,349.3874500000006,565.2248499999998,1,-1,-1,-1
1822,430,1232.5144,824.9573,449.5931399999997,332.60875999999985,1,-1,-1,-1
2192,63,730.14105,752.6112,81.05462999999986,65.03448500000013,1,-1,-1,-1
1278,482,872.7413,786.5078,182.81035999999983,138.38776000000007,1,-1,-1,-1
790,903,1047.4589999999998,724.47125,156.22974000000022,87.62810999999988,1,-1,-1,-1
781,903,1281.7703,693.3467400000001,224.56664999999998,134.35784999999976,1,-1,-1,-1
1090,10,2263.3337,645.7521,296.66625999999997,332.5277699999999,1,-1,-1,-1
1212,903,2351.9377,714.1899,208.06226000000015,266.1659000000001,1,-1,-1,-1
2185,63,772.7501,743.10376,102.03332499999999,74.10613999999998,1,-1,-1,-1
781,48,872.5010000000001,773.3901,182.36876999999993,144.19220000000007,1,-1,-1,-1
1139,10,865.76404,712.97235,134.02252,101.45978000000002,1,-1,-1,-1
783,48,892.3209,776.87415,187.59375000000034,150.40338000000008,1,-1,-1,-1
782,48,881.9276,770.5824,183.64660000000003,150.80095999999992,1,-1,-1,-1
770,394,792.1283599999999,752.80457,100.44897500000025,72.14471400000002,1,-1,-1,-1
1232,482,513.8119,773.2739,97.76135,79.70269999999994,1,-1,-1,-1
2153,63,1152.9569,688.5228,187.11194000000023,137.12311,1,-1,-1,-1
1252,903,940.75665,725.2488,129.11419999999998,94.24292000000003,1,-1,-1,-1
1777,430,556.1841,788.6274,97.67583999999988,68.2330300000001,1,-1,-1,-1
2146,63,1291.8765,671.5385,237.13451999999984,168.18926999999996,1,-1,-1,-1
994,203,1025.0371,961.6387300000001,672.6335399999998,307.14716,1,-1,-1,-1
1257,903,884.2447,734.10876,110.29944000000012,83.81084999999985,1,-1,-1,-1
794,48,1011.8172,795.6132,297.69073000000003,222.29474000000005,1,-1,-1,-1
937,746,0.0,1246.9282,381.40616,228.21765000000005,1,-1,-1,-1
1265,482,729.3677,790.4609,136.71234000000004,89.8902599999999,1,-1,-1,-1
265,746,1428.7827,887.8017,594.1933600000002,353.92877,1,-1,-1,-1
1145,1051,1957.5598,686.6637,602.4402,276.1025400000001,1,-1,-1,-1
812,37,1645.175,681.7566,434.72680000000014,205.21027000000015,1,-1,-1,-1
960,203,283.8638,1118.5121,593.9028300000002,251.99304000000006,1,-1,-1,-1
773,394,767.40234,756.8009,95.79278599999998,62.44439699999987,1,-1,-1,-1
806,48,1310.0461,800.0816,726.1398999999999,440.0844000000002,1,-1,-1,-1
1283,482,937.3486,788.8421,216.5767199999998,165.41797000000008,1,-1,-1,-1
2409,903,761.0558,757.9475,94.89453000000015,59.72772199999997,1,-1,-1,-1
812,903,729.7956,762.6556400000001,84.2836299999999,59.36310000000003,1,-1,-1,-1
1243,482,590.3636,792.8285,88.29199000000017,64.60326999999984,1,-1,-1,-1
782,903,1248.348,697.7408,214.2110600000001,126.72040000000015,1,-1,-1,-1
809,48,1465.0195,798.0302,1004.2698000000007,565.3772599999999,1,-1,-1,-1
1820,430,1138.9634,815.6038,359.86474999999996,279.75419999999997,1,-1,-1,-1
1647,746,787.6041,785.3688400000001,124.38848999999993,92.16473399999973,1,-1,-1,-1
2373,903,1295.4861,703.8430000000001,243.73595999999998,150.88915999999983,1,-1,-1,-1
1297,482,1281.3027,825.0819,551.3389999999999,369.05431999999985,1,-1,-1,-1
2410,37,1003.0689,818.57935,238.65069999999992,185.38885000000005,1,-1,-1,-1
938,746,0.30477536,1238.0548,405.01394999999997,233.3228799999997,1,-1,-1,-1
807,48,1359.8368,802.2607,793.1205,478.16460000000006,1,-1,-1,-1
252,746,905.87396,820.7182,171.27948000000004,124.35894999999994,1,-1,-1,-1
1273,903,722.64526,757.3031599999999,81.32721000000004,64.36096000000009,1,-1,-1,-1
1810,430,891.4396,795.5886,183.85924999999986,149.84557999999993,1,-1,-1,-1
1468,203,1642.4817,774.7629400000001,744.4902300000001,308.40355999999997,1,-1,-1,-1
1659,746,940.95746,800.2507,192.82794,144.2734999999999,1,-1,-1,-1
258,746,1050.397,838.27997,258.6179199999999,180.18688999999995,1,-1,-1,-1
1655,746,879.9058,794.95245,160.06256000000008,124.12450999999999,1,-1,-1,-1
239,746,713.0344,806.19635,119.55981399999996,75.89709500000015,1,-1,-1,-1
1815,430,983.2832599999999,805.68695,242.10968000000003,192.84520999999995,1,-1,-1,-1
1644,746,759.8822,787.71655,112.5894800000001,83.13135,1,-1,-1,-1
248,746,839.10156,814.8106700000001,143.9368300000001,105.44427499999995,1,-1,-1,-1
852,37,733.5101,762.5953,81.64477499999998,58.56036400000005,1,-1,-1,-1
1671,746,1377.0977,832.38605,551.4128399999997,347.58270000000005,1,-1,-1,-1
808,903,768.7489,758.8846,94.35186999999985,62.73504600000001,1,-1,-1,-1
993,203,986.5372,965.2486,664.7973,298.4166999999999,1,-1,-1,-1
530,1056,1771.2552,626.7846,70.04285000000004,63.75689699999987,1,-1,-1,-1
2388,903,988.00464,726.1048599999999,138.46850000000006,85.92242400000009,1,-1,-1,-1
2134,63,1683.3564,638.5783700000001,468.7373,262.15563999999995,1,-1,-1,-1
776,394,735.48676,762.46857,80.42205999999999,57.142517,1,-1,-1,-1
2191,63,731.6153,750.1379400000001,85.39361599999995,67.29314999999974,1,-1,-1,-1
856,37,703.6509,764.7116,65.52862500000003,52.782287999999994,1,-1,-1,-1
732,394,1903.4122,670.4396,511.95227,263.4568499999999,1,-1,-1,-1
1151,10,760.56934,741.8297,120.03911999999991,77.21045000000004,1,-1,-1,-1
2127,63,2161.2136,624.9762,398.78638,326.0601800000002,1,-1,-1,-1
1271,903,733.60187,755.9022,85.59546,67.01251000000002,1,-1,-1,-1
2144,63,1335.4017,672.1521,266.3932000000002,171.92736999999988,1,-1,-1,-1
1629,746,611.4884,793.51044,87.59313999999983,62.36779800000011,1,-1,-1,-1
1275,903,708.2178,757.5754400000001,77.96014400000001,61.391051999999945,1,-1,-1,-1
1824,430,1360.8862,842.3202,594.0434600000001,401.5655499999999,1,-1,-1,-1
2381,37,686.6622,789.6423,105.2197900000001,75.01775999999984,1,-1,-1,-1
1149,1051,1698.1804,692.87646,484.42456000000016,229.1935400000001,1,-1,-1,-1
1095,10,1843.2963,593.81854,716.7037399999999,352.5870400000001,1,-1,-1,-1
2363,903,2242.5103,690.7719999999999,317.4897500000002,272.53082000000006,1,-1,-1,-1
1113,10,1209.8655,672.5616,263.4127199999998,159.18372,1,-1,-1,-1
260,746,1119.8804,852.0306400000001,308.41200000000003,206.31859999999995,1,-1,-1,-1
827,37,1096.3605,717.7168,170.33618,106.60223399999995,1,-1,-1,-1
1104,903,1507.9575,632.1075400000001,200.30896000000007,113.4985999999999,1,-1,-1,-1
1118,10,1126.3774,681.3103,215.69103999999993,142.83691,1,-1,-1,-1
2371,37,618.8717,793.68097,87.50042999999994,68.24866000000009,1,-1,-1,-1
845,37,804.8593,756.2204,98.46912000000009,64.05353000000014,1,-1,-1,-1
962,203,317.62338,1114.0477,579.0321000000001,247.67785999999978,1,-1,-1,-1
824,37,1165.85,710.7643,196.25818000000027,118.26910399999997,1,-1,-1,-1
2269,45,691.1913,796.3348,113.96191399999987,80.59820600000012,1,-1,-1,-1
1783,430,620.2476,791.1351,86.05877999999996,68.65819999999985,1,-1,-1,-1
1273,482,815.40015,788.68964,155.55603000000008,116.7120359999999,1,-1,-1,-1
1181,1051,1241.5433,658.3242,119.22449000000006,96.41674999999998,1,-1,-1,-1
949,746,119.80886000000001,1188.862,505.02725,253.64599999999973,1,-1,-1,-1
1165,1051,1230.42,715.33435,203.59204,127.12194999999986,1,-1,-1,-1
982,203,636.47186,1031.3456,584.7597999999999,274.9332300000001,1,-1,-1,-1
1259,482,686.8179,783.88104,118.76819,85.49047999999993,1,-1,-1,-1
2414,903,731.34784,760.78076,77.37627999999995,58.31793200000004,1,-1,-1,-1
1486,203,239.65364,1162.1921,214.76151999999996,96.41174000000001,1,-1,-1,-1
840,37,869.581,746.47266,111.55353000000002,71.339966,1,-1,-1,-1
813,48,1811.7345,839.6278,748.2655,605.1671000000001,1,-1,-1,-1
1640,746,704.9362,783.6798,109.82782000000009,75.56439,1,-1,-1,-1
1812,430,923.1355599999999,800.1227,203.9237700000001,164.74805000000003,1,-1,-1,-1
1298,482,1331.4895,833.0318599999999,610.9978000000001,397.37207000000024,1,-1,-1,-1
812,48,1714.5548,821.9222,845.4452000000001,641.4111,1,-1,-1,-1
1649,746,810.2684,789.72784,127.99102999999991,95.28796399999987,1,-1,-1,-1
2156,63,1103.6115,690.4132,172.52173000000016,129.20623999999987,1,-1,-1,-1
2380,903,1121.2211,715.1176,173.1156000000001,111.1926299999999,1,-1,-1,-1
226,746,610.93884,802.7734,81.95830999999998,60.84991500000001,1,-1,-1,-1
1782,430,613.0587,793.235,84.33678999999995,66.17193599999996,1,-1,-1,-1
2389,37,752.8855,791.9899,118.01928999999984,91.52502400000014,1,-1,-1,-1
254,746,946.96185,823.9463,193.23041,137.25409000000013,1,-1,-1,-1
2289,45,957.69604,843.6593,204.09557999999993,163.67999999999995,1,-1,-1,-1
1108,10,1328.8533,656.24133,315.93335,186.21857,1,-1,-1,-1
813,903,728.8747599999999,763.7833,73.13660000000027,58.93890399999998,1,-1,-1,-1
956,203,229.78367999999998,1136.7142,584.9315,254.9349400000001,1,-1,-1,-1
1000,203,1262.0815,958.2579,783.78015,397.02606000000003,1,-1,-1,-1
2395,903,902.8007,739.702,116.07146999999986,72.55224599999997,1,-1,-1,-1
1788,430,659.24963,793.52203,84.03308000000015,71.02892999999995,1,-1,-1,-1
739,394,1442.4591,701.9332,270.06006,163.52332000000013,1,-1,-1,-1
2398,37,840.58417,793.72,149.8336200000001,119.51385499999992,1,-1,-1,-1
1619,746,513.76996,772.3923,102.58074999999985,76.10699499999998,1,-1,-1,-1
1004,203,1450.4761,969.0888699999999,953.63525,504.29883000000007,1,-1,-1,-1
1620,746,517.32587,772.87006,101.69482400000004,77.296875,1,-1,-1,-1
1771,430,518.4489,774.4758,96.99188000000004,73.58612000000005,1,-1,-1,-1
1795,430,705.0323,783.8739,120.88098000000002,89.04608000000007,1,-1,-1,-1
810,37,1789.4294,672.7403,517.2062999999998,199.005,1,-1,-1,-1
793,903,988.1343400000001,729.6477,139.02837999999997,83.60271999999998,1,-1,-1,-1
2378,903,1161.2765,712.6332,190.39697,119.31329000000005,1,-1,-1,-1
259,746,1084.9374,841.3005,276.90112,194.6040599999999,1,-1,-1,-1
1101,903,1624.4401,631.05927,234.7572,106.56255999999985,1,-1,-1,-1
2373,37,629.5143,792.8034,85.68384000000015,69.75,1,-1,-1,-1
1110,10,1281.8016,663.28,287.23961999999983,174.6701700000001,1,-1,-1,-1
521,1056,1945.4094,616.77704,121.89721999999983,156.65246999999988,1,-1,-1,-1
764,48,734.0141,774.80975,115.68024000000003,87.36005,1,-1,-1,-1
821,37,1251.9015,699.5210000000001,222.77441,136.33037999999988,1,-1,-1,-1
1801,430,777.98895,789.1943,127.39324999999997,105.35876500000018,1,-1,-1,-1
1106,10,1374.3348,655.6332,355.9562999999998,191.84589000000005,1,-1,-1,-1
808,37,1961.3021,666.28485,598.6978999999999,274.3125,1,-1,-1,-1
507,43,2327.5288,589.14777,154.51366999999982,186.64252,1,-1,-1,-1
2290,45,978.079,850.11334,218.77526999999986,174.80182000000002,1,-1,-1,-1
1238,482,540.1467,784.4558,103.05389400000001,72.61188000000016,1,-1,-1,-1
746,48,599.1304299999999,783.5789,88.50464000000011,67.01984000000004,1,-1,-1,-1
1645,746,769.27295,785.6333599999999,117.47729500000014,86.84082000000012,1,-1,-1,-1
2151,63,1184.432,682.0648,201.14135999999985,150.76526,1,-1,-1,-1
1272,482,805.80457,789.02325,150.38599,114.04406999999992,1,-1,-1,-1
777,394,731.49963,762.69824,73.42809999999997,55.706237999999985,1,-1,-1,-1
834,37,960.6338,735.93524,130.57568000000003,79.96686,1,-1,-1,-1
1781,430,605.5713,792.3532,84.93091000000004,66.14148000000012,1,-1,-1,-1
510,43,2241.0823,577.5081,111.21239999999989,86.45092999999997,1,-1,-1,-1
2384,37,704.3077400000001,789.89166,112.27050999999994,78.36095999999998,1,-1,-1,-1
1006,203,1572.7017,983.1726699999999,987.2983399999998,568.9169300000001,1,-1,-1,-1
2393,37,787.55725,790.7980299999999,132.64281999999992,102.48590000000013,1,-1,-1,-1
2163,63,1006.5691,707.32025,143.62731999999994,105.94263000000001,1,-1,-1,-1
773,903,1627.1348,679.75507,395.25451999999996,189.36536,1,-1,-1,-1
2169,63,934.1211,718.01904,131.46703999999966,93.75774999999999,1,-1,-1,-1
987,203,789.26263,1000.3272,617.5353399999999,278.8886,1,-1,-1,-1
2371,903,1364.7499,702.59766,283.45483000000013,164.95049999999992,1,-1,-1,-1
1486,69,19.196839999999998,1184.1519,377.77087,197.94763000000012,1,-1,-1,-1
1776,430,545.89954,787.1661,101.0589,68.77319,1,-1,-1,-1
2286,45,906.19196,832.5549,170.39299999999992,137.64275999999995,1,-1,-1,-1
1773,430,526.1929299999999,775.5616,97.84888000000001,74.72021500000005,1,-1,-1,-1
765,48,741.79083,772.0149,120.09766000000002,92.50665000000004,1,-1,-1,-1
847,37,774.6861,754.0923,101.28899999999999,66.09185999999988,1,-1,-1,-1
268,746,1823.3661,930.8365,736.6339,585.7102699999999,1,-1,-1,-1
877,242,2125.3801,540.3048,73.85351600000013,67.78985599999999,1,-1,-1,-1
2401,903,835.4239,748.36755,105.55730999999992,67.02068999999995,1,-1,-1,-1
731,394,2004.0966,660.398,555.9034399999998,289.7343800000001,1,-1,-1,-1
1148,1051,1752.7091,690.61554,526.1050999999998,240.90265,1,-1,-1,-1
751,48,625.6092,781.3602,85.59833000000003,71.43676999999991,1,-1,-1,-1
1100,10,1586.8805,634.7299,499.08900000000017,257.5398000000001,1,-1,-1,-1
796,903,934.93494,737.5221,130.85289999999998,76.3765259999999,1,-1,-1,-1
1821,430,1185.2458,820.2749,395.54675,301.0632300000001,1,-1,-1,-1
780,394,713.14,764.9523,64.35931399999993,49.02581799999996,1,-1,-1,-1
1282,482,921.5899699999999,786.3686,211.04163000000005,159.11365,1,-1,-1,-1
965,203,388.5025,1106.5809,536.35736,253.3377700000001,1,-1,-1,-1
2154,63,1135.0664,689.9332,180.98607999999967,134.01531999999997,1,-1,-1,-1
2176,63,858.9436,730.58777,121.44079600000009,83.06512500000008,1,-1,-1,-1
1480,203,479.66898,1032.3312,459.0823000000001,241.90185999999994,1,-1,-1,-1
2271,45,701.43115,805.20844,124.63306,79.78448500000002,1,-1,-1,-1
1255,903,902.2605599999999,728.16797,121.44946000000004,89.74121000000002,1,-1,-1,-1
742,394,1317.4574,705.5539,230.47998000000007,142.82970999999998,1,-1,-1,-1
231,746,650.0134,803.1584,76.73290999999995,62.97570799999994,1,-1,-1,-1
2165,63,980.9722,708.2072,138.48468000000014,102.92376999999988,1,-1,-1,-1
972,203,423.52185,1088.3988,580.6496000000001,268.38086,1,-1,-1,-1
850,37,744.5969,761.2483,92.58362,61.609680000000026,1,-1,-1,-1
947,746,69.96894,1200.6829,503.14844000000005,255.8044399999999,1,-1,-1,-1
779,48,856.8666400000001,772.73083,171.1121199999999,133.5532800000001,1,-1,-1,-1
1646,746,778.1825,785.6797,120.9563599999999,90.36413599999992,1,-1,-1,-1
1303,482,1733.1895,866.8598599999999,826.8105500000001,718.8008000000001,1,-1,-1,-1
953,746,190.50145,1208.3888,357.6284800000002,219.99181999999996,1,-1,-1,-1
800,903,875.7809,746.60815,112.63225999999997,69.89873999999998,1,-1,-1,-1
2400,903,851.0354,746.55994,100.02344000000005,70.27264400000001,1,-1,-1,-1
961,203,302.87747,1116.5343,582.4316399999999,247.67163000000005,1,-1,-1,-1
760,48,687.3627,766.6261,120.90979000000016,87.40326000000005,1,-1,-1,-1
1091,10,2159.5022,618.2474,400.4978000000001,345.5127,1,-1,-1,-1
1244,482,596.5977,791.3204,87.69347999999991,67.02814000000012,1,-1,-1,-1
1476,203,791.9637,952.4416,481.5360699999999,243.5107999999999,1,-1,-1,-1
792,903,1012.7264,730.39264,139.94219999999996,82.11255000000017,1,-1,-1,-1
791,48,963.75214,791.81476,260.15239999999994,190.52417000000014,1,-1,-1,-1
267,746,1668.7198,917.2083,857.6522000000007,482.50214000000005,1,-1,-1,-1
224,746,593.6638,802.28955,79.44311500000015,58.840576000000056,1,-1,-1,-1
1241,482,576.3354,791.0923,91.48736599999995,68.01824999999997,1,-1,-1,-1
2383,903,1069.4956,721.3322,152.06128000000012,97.37157999999988,1,-1,-1,-1
1264,903,806.3306,748.21564,96.09784000000002,70.16821000000004,1,-1,-1,-1
1105,10,1406.9962,653.48584,372.64099999999985,200.06280000000015,1,-1,-1,-1
1291,482,1088.1316,802.13446,327.0053700000001,240.33185000000003,1,-1,-1,-1
963,203,356.9293,1112.3528,555.6242699999999,245.67589999999973,1,-1,-1,-1
1156,10,731.52985,747.2803,104.39080999999999,72.13018999999997,1,-1,-1,-1
951,746,147.41913,1218.8916,367.27892999999983,217.34411999999998,1,-1,-1,-1
1663,746,1024.7294,806.1847,248.96753000000012,185.03265,1,-1,-1,-1
817,48,2501.7954,1074.3555,58.204589999999826,300.02747,1,-1,-1,-1
1775,430,545.0944,785.65955,95.26782000000003,68.98590000000002,1,-1,-1,-1
508,43,2294.4043,578.40546,156.60766999999987,201.56603999999993,1,-1,-1,-1
954,746,202.0042,1213.3699,349.9425,209.95605,1,-1,-1,-1
771,48,785.9717,761.2629400000001,142.39824999999996,116.40380999999991,1,-1,-1,-1
785,48,906.2969400000001,779.1309,200.96575999999993,156.98584000000005,1,-1,-1,-1
1641,746,712.3372,784.68005,117.33765000000005,76.05633499999988,1,-1,-1,-1
986,203,751.8261,1001.31854,623.1053999999999,276.28667999999993,1,-1,-1,-1
1805,430,824.23956,793.81506,144.85504000000003,123.04229999999995,1,-1,-1,-1
969,203,412.50815,1098.2216,557.4997599999999,265.4393299999999,1,-1,-1,-1
2389,903,977.1812,727.48267,131.83807000000002,84.57732999999996,1,-1,-1,-1
798,903,904.9131,740.4316,120.28136999999992,72.84362999999996,1,-1,-1,-1
952,203,187.53878999999998,1158.8110000000001,555.4592000000002,227.16674999999987,1,-1,-1,-1
1784,430,625.6030000000001,790.74896,86.57757599999991,70.10364000000004,1,-1,-1,-1
1102,903,1584.3148,631.1521,222.14000999999985,107.52087400000016,1,-1,-1,-1
1153,10,747.33575,744.3422,116.37627999999984,75.07250999999997,1,-1,-1,-1
1271,482,794.95013,788.7937,145.81128,106.31866500000012,1,-1,-1,-1
2372,903,1330.3243,703.43945,261.44983,156.80859999999984,1,-1,-1,-1
1178,1051,1222.7117,674.7175,119.87487999999985,100.75165000000004,1,-1,-1,-1
776,48,831.9857,774.1302,152.75659000000007,118.68677000000002,1,-1,-1,-1
1627,746,598.3793,795.1215,84.12665000000004,59.70147699999984,1,-1,-1,-1
822,37,1217.9884,702.50854,217.20679000000018,131.44513000000006,1,-1,-1,-1
2408,37,968.0269999999999,809.3012,214.5814200000001,167.48071000000004,1,-1,-1,-1
1092,10,2071.5261,577.45917,488.47388,375.12598,1,-1,-1,-1
1818,430,1070.5018,816.2579,296.19507,230.04925999999966,1,-1,-1,-1
848,37,765.3452,758.7719999999999,97.14593500000001,62.87988300000006,1,-1,-1,-1
935,746,0.0,1273.8932,324.56784,204.46643000000017,1,-1,-1,-1
936,746,0.0,1263.7336,356.0813,210.9758300000001,1,-1,-1,-1
1239,482,555.62665,788.6771,95.06872599999997,67.2053800000001,1,-1,-1,-1
1799,430,756.4607,786.47656,122.06488000000013,100.79967999999985,1,-1,-1,-1
820,37,1281.6709,695.24316,238.85570999999982,144.09607000000005,1,-1,-1,-1
1220,903,1733.8010000000002,643.04974,494.8036999999997,282.2713,1,-1,-1,-1
748,48,610.12506,782.5777,90.46758999999986,69.43024000000014,1,-1,-1,-1
1295,482,1201.2185,813.3678,448.4069800000002,316.9775400000001,1,-1,-1,-1
1227,903,1438.8022,669.52625,315.1441699999998,204.00488000000018,1,-1,-1,-1
1786,430,641.3506,790.8099,84.92535399999997,70.54962,1,-1,-1,-1
1828,430,1854.3386,870.9305,705.6614,614.3937400000001,1,-1,-1,-1
816,48,2279.2349,928.34265,280.76514,567.6986000000002,1,-1,-1,-1
743,394,1285.8837,705.336,213.56628,140.00183000000004,1,-1,-1,-1
2167,63,960.67584,714.7937599999999,131.82939999999996,96.41791000000012,1,-1,-1,-1
1168,1051,1212.1997,709.9899,168.31860000000006,119.52466000000015,1,-1,-1,-1
1793,430,696.55133,785.3323,106.19537000000003,79.16424600000016,1,-1,-1,-1
762,394,905.3443599999999,739.0559,104.17029000000002,73.61645499999986,1,-1,-1,-1
1817,430,1032.1580000000001,809.6539,283.59984999999983,221.18048,1,-1,-1,-1
786,903,1138.6936,713.8291,181.82665999999995,104.52350000000001,1,-1,-1,-1
1142,1051,2238.5693,721.4815,321.43066,252.03839000000005,1,-1,-1,-1
1306,482,2244.8179999999998,917.7012300000001,315.18190000000095,678.4684399999999,1,-1,-1,-1
2130,63,1918.5011,606.5361,633.4286000000002,332.5958300000001,1,-1,-1,-1
2392,903,938.8313,733.1149,120.60009999999988,77.41638,1,-1,-1,-1
221,746,562.7354,798.8541,87.64795000000015,59.89684999999997,1,-1,-1,-1
2272,45,713.0768,805.1968400000001,124.69890999999996,85.63476600000001,1,-1,-1,-1
2276,45,773.913,810.3702,122.09595000000002,94.87427000000002,1,-1,-1,-1
1003,203,1404.6556,963.9808,885.8728999999998,476.7421300000001,1,-1,-1,-1
1794,430,701.3244599999999,785.0016,112.63183600000025,82.22900400000015,1,-1,-1,-1
2193,63,722.187,753.1578,80.51635999999996,64.81775000000005,1,-1,-1,-1
2385,903,1035.7305,724.54944,145.60950000000003,90.21026599999993,1,-1,-1,-1
2177,63,848.7586699999999,732.42255,113.99145500000009,81.48169000000007,1,-1,-1,-1
1621,746,527.6749,775.4764,97.03845000000001,74.38885500000004,1,-1,-1,-1
2164,63,990.4077,705.6623,143.04296999999997,106.12145999999984,1,-1,-1,-1
811,48,1615.7499,810.565,944.2501,679.8875,1,-1,-1,-1
2410,903,751.8606,759.58905,93.74370999999985,59.451415999999995,1,-1,-1,-1
1296,482,1236.8838,822.3185,492.7806399999997,341.4332300000002,1,-1,-1,-1
1127,10,995.4148,699.4707,166.43822999999998,115.05762000000004,1,-1,-1,-1
2295,45,1124.8335,879.6866,332.62598,239.72028,1,-1,-1,-1
2375,903,1233.847,707.3972,218.29809999999998,135.70434999999998,1,-1,-1,-1
832,37,994.3534,731.97675,142.20141999999987,85.26165999999989,1,-1,-1,-1
1015,203,2512.9897,1272.7937,47.010253999999804,271.7898,1,-1,-1,-1
1235,482,518.7918,774.80005,104.77544999999998,76.98870999999986,1,-1,-1,-1
954,203,215.27376,1149.8132,566.1665000000002,241.24414000000002,1,-1,-1,-1
2152,63,1168.1807,683.84607,195.21118000000024,144.39495999999997,1,-1,-1,-1
825,37,1141.3466,713.2373,187.0667699999999,113.40044999999998,1,-1,-1,-1
735,48,512.0019,771.4613,107.24065999999993,71.02179000000012,1,-1,-1,-1
2364,903,2073.44,697.43146,486.5600600000007,260.13415999999995,1,-1,-1,-1
524,1056,1876.9972,653.0866,129.9943800000001,122.26367000000005,1,-1,-1,-1
1481,203,413.1945,1057.1187,447.5417199999999,231.84973000000014,1,-1,-1,-1
1272,903,735.1572,757.2275,79.98389000000009,63.86883499999999,1,-1,-1,-1
2370,903,1411.0532,698.8181,304.14329999999995,175.05700000000002,1,-1,-1,-1
233,746,668.0762,804.99225,96.40668000000005,64.79894999999999,1,-1,-1,-1
885,242,2403.5874,473.91437,120.0283199999999,125.21222000000017,1,-1,-1,-1
2412,37,1046.9607,823.8664,271.1764999999998,207.49335000000008,1,-1,-1,-1
785,903,1164.8159,709.3481400000001,189.6098599999998,110.61150999999984,1,-1,-1,-1
2296,45,1176.2621,882.03015,362.2641600000002,274.94983,1,-1,-1,-1
1171,1051,1201.1466,703.5321700000001,144.82580000000007,112.87401999999975,1,-1,-1,-1
2184,63,779.2655599999999,742.81995,107.89770500000009,74.29998999999987,1,-1,-1,-1
1222,903,1634.2661,652.0509,432.9948700000007,252.1605800000001,1,-1,-1,-1
1490,69,0.0,1227.9818,155.51713999999998,159.91101000000003,1,-1,-1,-1
750,48,619.84393,780.9209599999999,88.38769500000001,71.17486600000007,1,-1,-1,-1
1253,482,645.1482,797.3426,79.8447900000001,65.74236999999994,1,-1,-1,-1
1168,10,662.79675,753.678,81.62780999999984,68.13354500000003,1,-1,-1,-1
808,48,1405.382,798.8818,891.0940999999998,517.6088000000001,1,-1,-1,-1
1096,10,1783.2549,599.33374,685.5290500000001,334.5454,1,-1,-1,-1
881,242,2246.2188,532.8692,88.39429000000064,76.90215999999998,1,-1,-1,-1
980,203,579.8561,1040.9106,595.3136999999999,272.94983000000025,1,-1,-1,-1
1161,10,688.23584,741.97485,106.93066399999998,74.40314000000012,1,-1,-1,-1
1285,482,968.4987,789.9424,242.36041000000012,179.72606999999994,1,-1,-1,-1
2182,63,802.9465299999999,741.05566,101.88183600000002,74.93457000000001,1,-1,-1,-1
780,48,865.47235,774.305,176.73016000000007,137.90466000000004,1,-1,-1,-1
2175,63,870.18005,730.3069,122.30364999999995,83.99456999999995,1,-1,-1,-1
1238,903,1160.4426,692.4477,197.11400999999978,144.20776000000012,1,-1,-1,-1
797,48,1052.0542,796.2978,363.53503,257.89995999999996,1,-1,-1,-1
1162,10,691.1763,746.7194,98.78308000000004,69.62903000000006,1,-1,-1,-1
1146,10,802.23987,731.6439,123.49518,86.64917000000014,1,-1,-1,-1
2365,903,1939.751,675.6796,620.249,276.61541999999986,1,-1,-1,-1
1240,903,1123.874,695.3879,184.0980199999999,138.44353999999987,1,-1,-1,-1
2133,63,1738.7491,631.7189,498.4441999999999,284.53436,1,-1,-1,-1
791,903,1026.4097,726.0152,150.5750700000001,80.19495000000006,1,-1,-1,-1
2125,63,2372.4602,709.2004400000001,187.5398,265.0816699999999,1,-1,-1,-1
1257,482,676.2089,790.90967,110.93402000000003,74.40777600000013,1,-1,-1,-1
2190,63,737.67664,751.58307,88.61352499999998,67.28539999999998,1,-1,-1,-1
2139,63,1482.2697,660.4356,338.04039999999986,201.1583300000001,1,-1,-1,-1
811,903,737.298,764.7256,88.37384000000009,58.13659699999994,1,-1,-1,-1
979,203,552.6619999999999,1055.0397,598.8598600000001,269.69507,1,-1,-1,-1
1658,746,925.0811,800.9117,182.93903000000012,137.1401400000001,1,-1,-1,-1
1143,10,830.5251,721.32745,125.51366999999993,94.80688499999997,1,-1,-1,-1
745,394,1224.3951,715.7682,194.83093000000008,122.32617000000005,1,-1,-1,-1
2394,37,799.0672599999999,792.88745,134.57843000000003,101.625854,1,-1,-1,-1
242,746,761.9153,810.1353,116.11365,78.71105999999997,1,-1,-1,-1
941,746,4.8600965,1211.8129,506.21762,266.4090600000002,1,-1,-1,-1
973,203,424.36255,1085.1229,592.3379,268.7639200000003,1,-1,-1,-1
738,48,523.9465299999999,775.3221,108.82147000000009,71.20660399999997,1,-1,-1,-1
1160,1051,1313.6937,708.1878,258.09814000000006,151.21483999999998,1,-1,-1,-1
2189,63,745.5665,747.2841,90.79485999999997,70.43689000000006,1,-1,-1,-1
526,1056,1836.9668,664.1033,122.40868999999998,110.94214,1,-1,-1,-1
1825,430,1453.8634,845.5307,684.6636999999998,457.63213999999994,1,-1,-1,-1
949,203,340.59952000000004,1166.7728,356.64254999999997,199.09691999999995,1,-1,-1,-1
988,203,819.4399400000001,996.52045,625.937,271.4834599999999,1,-1,-1,-1
1114,10,1191.305,670.0907,251.3246999999999,158.22595,1,-1,-1,-1
1157,1051,1389.7659,713.96387,295.8763399999998,157.93462999999997,1,-1,-1,-1
806,903,793.3516,759.4895,99.78149399999984,61.20837400000016,1,-1,-1,-1
1117,10,1142.7311,681.1202400000001,224.82898,143.79253999999992,1,-1,-1,-1
241,746,740.92615,807.6729,120.23785399999986,79.09716999999989,1,-1,-1,-1
976,203,480.06137,1071.6113,590.9972999999999,272.9815699999999,1,-1,-1,-1
784,48,902.24316,777.93475,192.39795000000004,151.99614999999994,1,-1,-1,-1
930,746,0.0,1323.0593,153.0875,162.6484399999997,1,-1,-1,-1
831,37,1009.0673,728.7333,151.4539199999998,90.93590999999992,1,-1,-1,-1
1235,903,1223.2426,686.01013,216.38830000000007,159.40215999999998,1,-1,-1,-1
807,903,781.8502,755.7918,95.10333000000014,63.39947500000005,1,-1,-1,-1
2396,903,892.6042,739.9269,113.54791,71.62969999999996,1,-1,-1,-1
1182,1051,1252.0981,653.03796,122.55505000000016,92.16888400000005,1,-1,-1,-1
1097,10,1727.8292,612.271,629.6886000000002,310.3525400000001,1,-1,-1,-1
1225,903,1504.5477,665.07416,368.6223,217.86565999999993,1,-1,-1,-1
740,394,1391.8937,700.1109,258.09862999999996,159.34235,1,-1,-1,-1
768,394,828.66425,752.34863,86.27917500000001,54.36401400000011,1,-1,-1,-1
1165,10,676.57947,755.5283,92.53490999999997,61.13189699999987,1,-1,-1,-1
1266,903,780.5931400000001,748.13446,99.09197999999981,69.41986000000009,1,-1,-1,-1
1228,903,1408.2612,673.4486,298.6872599999997,194.31579999999997,1,-1,-1,-1
1246,903,1024.8926,717.61584,150.05370999999968,105.76360999999997,1,-1,-1,-1
1479,203,553.95386,1018.9912,469.9048,239.1378199999998,1,-1,-1,-1
2180,63,820.9737,738.67395,109.51764000000003,76.21698000000004,1,-1,-1,-1
1790,430,674.6669,786.3171,97.55902000000015,77.57593000000008,1,-1,-1,-1
1124,10,1035.2888,693.763,184.3019999999999,122.42065400000001,1,-1,-1,-1
789,903,1071.3505,724.17773,155.91625999999997,91.24664000000007,1,-1,-1,-1
1797,430,726.8958,785.8104,125.00043000000016,96.07543999999984,1,-1,-1,-1
2126,63,2262.1794,652.00446,297.8205600000001,307.39777000000004,1,-1,-1,-1
1135,10,905.4966,710.0665,144.18042000000014,102.90899999999999,1,-1,-1,-1
1300,482,1452.8987,843.4612,785.7949000000001,488.0099,1,-1,-1,-1
1263,482,724.56506,787.4615,122.58318999999995,91.3706699999999,1,-1,-1,-1
2145,63,1311.0059,670.80896,254.3381300000001,170.45770000000005,1,-1,-1,-1
1002,203,1349.6989999999998,956.3684,852.4138,457.03185999999994,1,-1,-1,-1
736,394,1590.8959,692.3021,349.5800800000002,194.24225,1,-1,-1,-1
836,37,926.6557,739.44727,125.44964600000003,76.69177000000002,1,-1,-1,-1
2274,45,755.46857,810.3693,111.12787000000003,86.96338000000014,1,-1,-1,-1
523,1056,1899.0751,657.20355,127.69921999999997,118.706726,1,-1,-1,-1
775,48,826.4839999999999,772.2761,146.25061000000005,117.00836000000015,1,-1,-1,-1
1097,903,1839.3904,609.9494599999999,302.25731999999994,127.86297600000012,1,-1,-1,-1
2291,45,1002.9325,856.06335,233.0476,182.54076999999995,1,-1,-1,-1
2172,63,901.87274,726.0276,123.37067000000002,85.5969849999999,1,-1,-1,-1
1154,1051,1484.2773,706.9751,349.8120000000001,177.53625,1,-1,-1,-1
984,203,690.9137599999999,1020.0345,608.5468000000001,269.35821999999985,1,-1,-1,-1
2187,63,760.4218,745.6542,94.37958000000015,71.25561500000003,1,-1,-1,-1
1237,482,534.0729,778.0805,100.42827999999997,77.53357000000017,1,-1,-1,-1
1830,430,2384.96,996.66437,175.04003999999986,436.6249399999999,1,-1,-1,-1
929,746,0.0,1315.2192,118.7908,162.48253999999997,1,-1,-1,-1
755,394,1008.51996,734.30994,130.85419000000013,80.97626000000002,1,-1,-1,-1
1149,10,775.6568599999999,740.3783599999999,122.43469000000016,78.82117000000028,1,-1,-1,-1
2277,45,785.2663,811.2529,124.20868000000007,102.38849000000005,1,-1,-1,-1
780,903,1314.6111,692.61707,240.91906999999992,138.47180000000003,1,-1,-1,-1
2412,903,739.65265,760.9455,85.35131999999999,59.49389599999995,1,-1,-1,-1
1266,482,744.4399400000001,791.37354,133.19939999999997,92.37701400000014,1,-1,-1,-1
511,43,2212.165,581.8183,107.13549999999987,79.88476600000001,1,-1,-1,-1
1635,746,662.93024,787.72833,96.98907499999996,68.88708499999996,1,-1,-1,-1
967,203,411.04974,1101.3018,538.3615,257.3910000000001,1,-1,-1,-1
779,394,720.6887,763.1653,66.40069600000015,52.790344000000005,1,-1,-1,-1
223,746,578.84796,801.0623,88.79028000000005,58.55914299999995,1,-1,-1,-1
1174,1051,1206.4423,691.5332,122.74719000000005,109.99383499999999,1,-1,-1,-1
728,394,2436.347,762.2794,123.65307600000051,212.20465000000002,1,-1,-1,-1
528,1056,1802.7711,635.3137,107.47620000000006,135.86212,1,-1,-1,-1
249,746,856.2451,815.7445700000001,147.76549999999997,109.49352999999996,1,-1,-1,-1
842,37,841.20215,749.7885,108.6105960000001,68.29352000000006,1,-1,-1,-1
946,746,46.342587,1208.3705,492.02063,253.3463099999999,1,-1,-1,-1
2385,37,710.2959599999999,789.206,116.07764000000009,81.56701999999996,1,-1,-1,-1
266,746,1537.6267,895.0678,712.8893999999998,407.2044000000001,1,-1,-1,-1
738,394,1487.1527,697.97485,290.7868699999999,172.81421,1,-1,-1,-1
855,37,711.81323,763.60205,70.14874000000009,55.17920000000004,1,-1,-1,-1
942,746,10.937757000000001,1209.0289,512.52594,266.2964999999999,1,-1,-1,-1
1826,430,1548.9034,844.9789,833.2135000000001,542.1256,1,-1,-1,-1
734,394,1733.3074,684.23175,407.2004400000003,222.83001999999988,1,-1,-1,-1
2301,45,1572.6224,937.24646,758.1315000000002,499.2397500000001,1,-1,-1,-1
1816,430,1006.26086,806.3909,259.3036000000001,207.09906,1,-1,-1,-1
2170,63,923.8422,718.9132,126.27532999999994,91.90356399999985,1,-1,-1,-1
2414,37,1096.5597,824.85565,306.81323,242.72381999999993,1,-1,-1,-1
943,746,13.285717000000002,1207.6422,531.1966,263.26135,1,-1,-1,-1
1254,903,914.6487,726.9907,124.56238000000008,90.11730999999986,1,-1,-1,-1
1152,1051,1565.1742,703.1662,388.80737,190.80072000000018,1,-1,-1,-1
2395,37,810.3989,793.80475,136.85344999999995,105.47998000000007,1,-1,-1,-1
766,903,2282.9397,682.59515,277.0603000000001,246.94019000000003,1,-1,-1,-1
996,203,1100.4803,964.3760000000001,692.6304,316.21997,1,-1,-1,-1
2136,63,1595.7112,647.97437,408.62339999999995,233.94641000000001,1,-1,-1,-1
772,48,796.30804,767.8966,143.09746999999993,112.30413999999996,1,-1,-1,-1
1239,903,1144.4805,695.23035,185.7321800000002,137.55669999999998,1,-1,-1,-1
878,242,2151.1584,536.6687,79.60303000000022,71.27990999999986,1,-1,-1,-1
799,903,890.0537,741.82745,117.50951999999984,73.55376999999999,1,-1,-1,-1
1243,903,1070.8547,710.2079,165.94678,118.30035399999997,1,-1,-1,-1
1269,903,754.7304,752.5449,94.10924999999997,69.98070999999993,1,-1,-1,-1
1147,1051,1814.5238,687.7056,574.6004600000001,255.2376099999999,1,-1,-1,-1
779,903,1347.4634,691.4002,255.02843999999982,143.25116000000014,1,-1,-1,-1
1250,482,627.8385,793.342,89.48950000000002,68.99939000000006,1,-1,-1,-1
2178,63,841.63104,732.3478,110.55249000000003,81.99200399999995,1,-1,-1,-1
753,48,639.35406,780.9286,91.83459499999992,73.53356999999994,1,-1,-1,-1
844,37,818.985,754.21173,98.6730960000001,65.37817399999983,1,-1,-1,-1
512,43,2181.782,585.10144,106.37328999999954,77.27288999999996,1,-1,-1,-1
2138,63,1514.9698,656.4572,367.9568999999999,213.88653999999985,1,-1,-1,-1
1669,746,1248.3536,820.9726,427.0623800000001,287.28340000000003,1,-1,-1,-1
1111,10,1255.3442,669.50226,280.57116999999994,165.63733000000002,1,-1,-1,-1
520,1056,1973.6472,656.0921,134.4143000000006,117.69683999999984,1,-1,-1,-1
1187,1051,1308.0713,623.23047,113.87622000000033,82.27325399999984,1,-1,-1,-1
2131,63,1849.8904,613.8776,591.2194999999999,319.61065999999994,1,-1,-1,-1
1150,10,770.4859,742.17676,118.92791999999986,77.05475000000001,1,-1,-1,-1
1169,1051,1205.15,707.1199,161.1811499999999,118.21538999999996,1,-1,-1,-1
2380,37,678.7018400000001,791.1129,104.13085999999976,73.30286000000001,1,-1,-1,-1
944,746,14.468923,1212.2219,539.0658600000002,260.0451700000001,1,-1,-1,-1
1672,746,1456.5892,837.7373,638.6570999999999,384.9453000000001,1,-1,-1,-1
2415,37,1130.7416,832.8268,331.1000999999999,253.67993,1,-1,-1,-1
1099,903,1710.0747,623.81555,274.64795000000004,114.81237999999996,1,-1,-1,-1
1482,203,387.77847,1073.0339999999999,393.4048199999998,208.70056,1,-1,-1,-1
1169,10,658.71405,754.07,80.35455000000013,66.99921000000006,1,-1,-1,-1
1648,746,800.2124,787.7409,126.0213,95.21264999999994,1,-1,-1,-1
1262,482,715.89465,788.2858,118.67516999999987,86.65899999999999,1,-1,-1,-1
1216,903,1990.4723,605.091,569.5277000000001,356.9948699999999,1,-1,-1,-1
946,203,279.93365,1185.7743,327.22858,183.97655999999984,1,-1,-1,-1
2284,45,872.8457599999999,827.2281,157.21515,126.15478499999995,1,-1,-1,-1
1131,10,948.5551,700.4481,158.71087999999986,113.58452999999986,1,-1,-1,-1
2399,903,856.06573,742.9731400000001,106.62542999999994,78.07769999999982,1,-1,-1,-1
2377,37,658.2688,796.21893,89.86455999999987,69.89661000000001,1,-1,-1,-1
1307,482,2512.0479,1211.7637,47.952150000000074,279.24207,1,-1,-1,-1
735,394,1664.6104,684.14264,373.7998,211.6107199999999,1,-1,-1,-1
775,394,742.6205,762.9897,89.03802500000006,56.673767,1,-1,-1,-1
2279,45,809.7923,816.65576,132.19586000000004,107.44659399999989,1,-1,-1,-1
807,37,2063.165,674.0951,496.83496000000014,282.79571999999996,1,-1,-1,-1
1125,10,1022.2132,695.72363,179.89618000000007,119.69324000000006,1,-1,-1,-1
1651,746,832.03625,792.9162,135.32349,101.47118999999998,1,-1,-1,-1
933,746,2.1753914,1290.8905,254.00671000000003,200.21544999999992,1,-1,-1,-1
1126,10,1007.5473599999999,697.7280000000001,178.92369999999994,117.85564999999974,1,-1,-1,-1
794,903,972.0619,735.5661,133.6157199999999,77.21222,1,-1,-1,-1
1218,903,1851.7552,628.3601,579.3109,309.23206000000005,1,-1,-1,-1
749,394,1126.7202,722.4349,159.74316,106.23883000000001,1,-1,-1,-1
787,903,1116.6469,715.5675,171.34265000000005,101.33947999999998,1,-1,-1,-1
843,37,829.9235,753.2825,103.33391999999992,65.72033999999996,1,-1,-1,-1
968,203,412.07928,1099.0339,546.9168999999999,262.0825199999997,1,-1,-1,-1
1628,746,605.0593,793.01776,82.18762000000004,62.10437000000013,1,-1,-1,-1
243,746,773.4282,808.73517,118.26764000000014,85.21490500000016,1,-1,-1,-1
758,394,962.82056,735.8386,118.79626500000006,77.59429999999998,1,-1,-1,-1
1652,746,841.9486699999999,793.32916,137.38257000000021,103.07799999999997,1,-1,-1,-1
1247,482,610.6901,790.913,95.88744999999994,70.05309999999997,1,-1,-1,-1
250,746,870.7214,816.997,155.81732,112.98498500000005,1,-1,-1,-1
1475,203,864.9387,935.8493,497.07409999999993,247.78960999999993,1,-1,-1,-1
884,242,2352.4517,505.20767,123.20653999999968,98.34286499999996,1,-1,-1,-1
2390,37,761.5952,792.6334,120.7685550000001,94.51275999999996,1,-1,-1,-1
2150,63,1202.6266,677.7676,208.93822999999998,154.15972999999997,1,-1,-1,-1
1234,482,517.1546,772.7346,103.10754399999985,82.03710999999998,1,-1,-1,-1
787,48,925.3281,787.13513,213.6165800000001,166.06963999999994,1,-1,-1,-1
2378,37,665.27655,791.5604,96.06567399999994,72.49676499999987,1,-1,-1,-1
1791,430,681.98914,783.67725,102.34258999999997,80.40893599999993,1,-1,-1,-1
1166,10,671.4291,753.42255,89.34576400000003,63.712402,1,-1,-1,-1
2158,63,1074.9185,696.3672,163.08593999999994,121.05908,1,-1,-1,-1
1175,1051,1208.6727,688.7549,122.41296400000033,106.75518999999997,1,-1,-1,-1
2367,903,1574.7661,692.80035,415.79931999999985,206.48248000000012,1,-1,-1,-1
1105,903,1476.3641,632.8428299999999,185.0942399999999,111.80524000000025,1,-1,-1,-1
1151,1051,1598.1998,700.0459,419.8597399999999,205.45770000000005,1,-1,-1,-1
2370,37,612.7287,794.6245,88.78460999999993,67.62041999999997,1,-1,-1,-1
2409,37,986.1142,812.4848,227.5419300000001,178.62183000000016,1,-1,-1,-1
1265,903,795.35614,748.85974,96.23095999999998,69.41876000000002,1,-1,-1,-1
1286,482,985.6319599999999,792.0268599999999,249.27673000000004,187.29181000000005,1,-1,-1,-1
2303,45,1882.249,993.22296,677.751,654.9187599999999,1,-1,-1,-1
755,48,655.1911,778.2515,101.19012499999997,78.39361599999984,1,-1,-1,-1
830,37,1030.1937,727.6471,154.78905999999984,92.28075999999999,1,-1,-1,-1
2368,37,602.4072,793.4959,84.70306399999993,66.80304000000001,1,-1,-1,-1
2299,45,1362.3953,914.98376,551.1856700000001,376.92627000000005,1,-1,-1,-1
2386,903,1023.44476,724.80524,139.19342000000017,88.68518000000017,1,-1,-1,-1
814,48,1942.2651,885.5505,617.73486,536.471,1,-1,-1,-1
729,394,2273.0928,697.2791,286.90723000000025,261.1229199999999,1,-1,-1,-1
809,37,1874.9551,666.1179,574.8476600000001,241.98462000000006,1,-1,-1,-1
767,394,841.0668300000001,752.7178299999999,91.17382999999995,58.27502400000026,1,-1,-1,-1
971,203,426.6079,1093.4728,558.9008,267.58484,1,-1,-1,-1
1250,903,966.35333,718.79565,137.68548999999996,100.79180999999994,1,-1,-1,-1
1813,430,938.9346,799.60333,217.03039999999987,173.89422999999988,1,-1,-1,-1
1484,69,175.98843,1173.9652,213.37366000000003,173.76415999999995,1,-1,-1,-1
760,394,931.4114,738.3383,110.90930000000003,75.07544000000007,1,-1,-1,-1
1819,430,1102.9235,813.951,325.79369999999994,258.22810000000004,1,-1,-1,-1
1472,203,1100.7833,873.95056,544.2112999999999,262.9281000000001,1,-1,-1,-1
1806,430,836.86035,793.7574,153.21489999999994,129.07312000000002,1,-1,-1,-1
2294,45,1092.922,876.9129,297.4716799999999,224.19231999999988,1,-1,-1,-1
883,242,2314.5356,467.00347999999997,98.25415000000066,132.40459999999996,1,-1,-1,-1
759,394,946.8295,735.75354,113.43975999999998,76.88073999999995,1,-1,-1,-1
2159,63,1064.5497,704.25256,154.43395999999984,110.68200999999999,1,-1,-1,-1
1465,203,1991.5579,752.95874,568.4421399999999,321.1173000000001,1,-1,-1,-1
966,203,406.35245,1105.3055,533.2864000000001,253.22046,1,-1,-1,-1
752,394,1068.6307,731.2969,139.70215000000007,88.31970000000013,1,-1,-1,-1
801,48,1141.0093,805.1542400000001,473.41492000000017,311.9735699999999,1,-1,-1,-1
1267,903,767.4584,750.6381,102.05596999999989,81.23657000000003,1,-1,-1,-1
1233,482,514.8533,773.01166,101.85955999999999,81.92663600000003,1,-1,-1,-1
2394,903,922.6928,735.7410000000001,107.24383499999999,74.95226999999988,1,-1,-1,-1
1011,203,1977.0519,1022.6112699999999,582.9481000000001,586.6794000000002,1,-1,-1,-1
240,746,719.4508,806.5269,127.14953600000001,78.39709499999992,1,-1,-1,-1
1183,1051,1260.3005,646.1693,132.77172999999993,89.93322999999998,1,-1,-1,-1
750,394,1106.5702,728.5803,154.5030499999998,96.0800200000001,1,-1,-1,-1
772,394,773.3207,753.1293,109.4634400000001,71.67394999999988,1,-1,-1,-1
948,746,106.40969,1185.1647,529.1599999999999,257.53063999999995,1,-1,-1,-1
799,48,1102.1605,797.4908,401.90344000000005,292.47759999999994,1,-1,-1,-1
2173,63,896.5605,724.58954,116.05053999999996,87.51446499999997,1,-1,-1,-1
2405,903,794.8043,754.1183,102.09900000000016,62.849425999999994,1,-1,-1,-1
736,48,518.2859,771.20844,103.26477,72.79027999999994,1,-1,-1,-1
1184,1051,1272.1248,639.5588,123.16918999999984,89.57268999999997,1,-1,-1,-1
2402,903,825.28357,751.4889,104.76617399999986,64.52288999999985,1,-1,-1,-1
1261,482,705.3157,786.7424,115.41998000000001,84.246216,1,-1,-1,-1
788,48,937.0975,789.451,225.36797999999965,168.34118999999998,1,-1,-1,-1
805,903,806.1744,757.8070700000001,100.33214999999996,63.48693999999989,1,-1,-1,-1
1101,10,1542.5964,643.7171,472.04565,240.53161999999986,1,-1,-1,-1
2186,63,768.9025,743.0518,95.75603999999998,73.46020499999986,1,-1,-1,-1
1809,430,876.3472,794.5823,177.45305999999994,146.11406999999986,1,-1,-1,-1
991,203,915.7370599999999,979.7734,651.4555700000001,282.18291999999997,1,-1,-1,-1
251,746,884.64624,818.2289,169.81615999999985,118.06769000000008,1,-1,-1,-1
225,746,603.4848599999999,802.1688,80.20752000000027,59.08245999999997,1,-1,-1,-1
1093,10,1983.1747,579.8422,576.8253,393.9550199999999,1,-1,-1,-1
2149,63,1222.7666,677.0606700000001,216.50574000000006,154.3268999999999,1,-1,-1,-1
947,203,190.20006,1183.1796,457.64880000000016,208.1008300000001,1,-1,-1,-1
1121,10,1077.8031,689.21484,200.89184999999998,129.94983000000002,1,-1,-1,-1
1487,69,1.9969468000000001,1174.1432,364.16522000000003,204.16638000000012,1,-1,-1,-1
1244,903,1055.0312,710.83075,160.7874800000002,115.203125,1,-1,-1,-1
2369,37,607.2661,795.2667,87.65875000000005,65.91870000000017,1,-1,-1,-1
1491,69,0.0,1226.9099,82.5436,150.42382999999995,1,-1,-1,-1
514,43,2125.201,590.0926,104.3425299999999,77.94408999999985,1,-1,-1,-1
851,37,738.4048,762.11816,84.70929000000001,60.622010000000046,1,-1,-1,-1
1219,903,1792.9089999999999,637.7759,530.6297600000009,294.77650000000006,1,-1,-1,-1
1163,10,684.6125,747.4464,97.92950399999984,69.25391000000013,1,-1,-1,-1
744,48,566.1732,784.6182,103.54034400000012,64.59424000000001,1,-1,-1,-1
1144,10,818.8855,723.25806,127.46936000000005,94.48346000000004,1,-1,-1,-1
778,903,1387.0299,685.2222,266.5459000000001,155.39105000000006,1,-1,-1,-1
798,48,1084.6484,797.7064,371.63842999999997,271.94165,1,-1,-1,-1
245,746,796.92065,808.80817,127.98540999999989,94.12323000000004,1,-1,-1,-1
1829,430,2067.5278,896.24695,492.47217,608.03406,1,-1,-1,-1
2398,903,867.14044,741.5151,109.96746999999993,68.3563200000001,1,-1,-1,-1
1134,10,916.4042400000001,707.66345,145.6785299999999,106.44171000000017,1,-1,-1,-1
1618,746,513.365,773.2411,98.97217,73.83734000000004,1,-1,-1,-1
2268,45,693.87964,805.0861,103.26306,71.67279000000008,1,-1,-1,-1
953,203,200.81694,1154.369,565.0452999999998,236.6219500000002,1,-1,-1,-1
1262,903,826.11725,744.3682,101.39429000000007,74.58660999999995,1,-1,-1,-1
1180,1051,1233.3002,665.15247,122.6071800000002,98.06206999999984,1,-1,-1,-1
1478,203,635.1143,997.19073,471.99664000000007,235.74590999999987,1,-1,-1,-1
771,394,789.5097,747.21606,92.28650000000005,69.40362500000003,1,-1,-1,-1
1167,10,667.47455,752.32745,86.64666999999997,67.99450999999999,1,-1,-1,-1
1130,10,961.00415,700.25055,155.43419999999992,113.66034000000002,1,-1,-1,-1
2397,37,831.3493,794.5433,142.90533000000005,113.83037999999999,1,-1,-1,-1
2406,37,937.8165,807.3832,195.14855999999997,152.52844000000005,1,-1,-1,-1
1787,430,648.4093,793.2903,78.19928000000016,70.44214,1,-1,-1,-1
227,746,617.1685,804.56995,82.71118000000001,60.28356999999994,1,-1,-1,-1
792,48,981.1774,795.36005,270.02728,201.1356199999999,1,-1,-1,-1
2188,63,751.3837,748.92786,94.26794399999994,69.17389000000003,1,-1,-1,-1
1133,10,928.0562,702.41595,147.9436599999999,111.26196000000004,1,-1,-1,-1
1240,482,566.24133,789.4969,91.94806000000005,66.96478000000013,1,-1,-1,-1
1226,903,1478.0847,668.21735,337.00073,209.14306999999997,1,-1,-1,-1
816,37,1433.194,693.3175,301.40295000000015,167.65771000000018,1,-1,-1,-1
1277,482,860.15314,788.5184,178.79694000000006,132.53643999999997,1,-1,-1,-1
745,48,594.3182400000001,784.73956,88.05797999999993,65.76165999999989,1,-1,-1,-1
1660,746,957.24274,801.53076,206.46320000000003,154.08483999999999,1,-1,-1,-1
817,37,1390.5532,691.3385,288.50023999999985,162.96172999999987,1,-1,-1,-1
261,746,1163.6066,855.3874,340.29138000000034,220.74054000000012,1,-1,-1,-1
1161,1051,1292.1809,714.8463,245.3294699999999,142.62439000000006,1,-1,-1,-1
1251,903,952.4923,720.92645,134.03650000000005,96.68774399999995,1,-1,-1,-1
2407,903,776.3166,751.0775,97.78771999999992,65.63055399999996,1,-1,-1,-1
788,903,1095.1580000000001,718.0074,159.85668999999984,97.52978499999983,1,-1,-1,-1
2162,63,1019.7900400000001,705.9839,146.82201999999984,106.80762000000004,1,-1,-1,-1
1290,482,1063.7346,802.8070700000001,307.2474400000001,224.77313000000004,1,-1,-1,-1
238,746,704.53864,804.5945,116.61218000000008,73.66125499999998,1,-1,-1,-1
806,37,2205.3103,667.3752400000001,354.6896999999999,278.7913799999999,1,-1,-1,-1
1268,482,763.35236,787.0753,138.93658000000005,97.90265,1,-1,-1,-1
1276,482,848.9117,786.33527,172.60571000000004,129.95434999999986,1,-1,-1,-1
1630,746,619.2371,793.08417,88.63855000000012,63.132445999999845,1,-1,-1,-1
1154,10,742.5378400000001,743.63617,111.51110999999992,76.22198500000002,1,-1,-1,-1
1109,10,1299.3265,659.1529,306.0745999999997,180.96605999999997,1,-1,-1,-1
2413,37,1073.1775,821.2409700000001,285.1877400000001,217.53673999999955,1,-1,-1,-1
1807,430,849.9899,795.8123,160.49804999999992,131.8291599999999,1,-1,-1,-1
1094,10,1906.4448,588.8445,653.5552,371.2256,1,-1,-1,-1
839,37,884.43915,743.3873,115.01819,73.86755000000005,1,-1,-1,-1
2391,37,771.9381,791.0629,125.06592,97.87720000000002,1,-1,-1,-1
1622,746,528.00037,775.9245599999999,103.17627000000005,75.32080000000008,1,-1,-1,-1
777,48,839.0638,773.2508,161.11699999999996,123.82910000000015,1,-1,-1,-1
1261,903,835.9916,740.03955,105.56799000000012,77.81586000000004,1,-1,-1,-1
1666,746,1120.5841,811.0751,316.01635999999985,219.52258000000006,1,-1,-1,-1
1275,482,836.5455,787.0581,167.13520000000005,124.7273560000001,1,-1,-1,-1
2383,37,699.2705,790.41425,108.54047000000003,75.24816999999985,1,-1,-1,-1
1642,746,732.9925,787.0210599999999,111.27325399999995,75.61010999999996,1,-1,-1,-1
2405,37,925.7445,805.90076,188.57410000000004,145.50787000000014,1,-1,-1,-1
1800,430,768.09,789.7674599999999,124.83672999999999,101.28912000000014,1,-1,-1,-1
826,37,1117.333,716.64465,178.7674599999998,108.35712000000001,1,-1,-1,-1
940,746,4.9463669999999995,1229.014,424.17089999999996,250.6711399999997,1,-1,-1,-1
1164,10,679.5696,748.79517,97.03899999999999,67.10846000000004,1,-1,-1,-1
770,48,777.5871599999999,761.5044,138.59814000000006,112.52814000000001,1,-1,-1,-1
2147,63,1270.3195,673.18115,226.97191999999995,163.36712999999997,1,-1,-1,-1
1138,10,874.62103,712.6105299999999,136.84600999999998,100.1490500000001,1,-1,-1,-1
1176,1051,1213.7552,685.2911,118.51281999999992,103.67169000000001,1,-1,-1,-1
1281,482,908.5513,786.9356,203.81604000000004,153.79644999999994,1,-1,-1,-1
740,48,534.0709,778.53253,112.21416999999997,69.67871000000014,1,-1,-1,-1
1657,746,908.5278,798.72925,176.35797000000014,131.89758000000006,1,-1,-1,-1
774,903,1563.5372,675.8336,364.3683000000001,187.57000000000005,1,-1,-1,-1
1162,1051,1275.9362,714.38574,231.2409700000003,139.87164000000007,1,-1,-1,-1
771,903,1754.8024,667.5504,483.8653600000007,222.88695999999993,1,-1,-1,-1
2375,37,642.02893,793.9235,81.07104500000003,68.96118000000013,1,-1,-1,-1
1143,1051,2137.8325,705.8573,422.16748000000007,261.5987,1,-1,-1,-1
1477,203,717.16394,977.2927,466.84338000000037,244.10486000000014,1,-1,-1,-1
1667,746,1148.9424,819.434,359.5957000000001,238.59723000000008,1,-1,-1,-1
2364,37,566.54724,793.14453,84.1413,64.17345999999998,1,-1,-1,-1
811,37,1712.2177,680.8835,466.8890399999998,210.00574000000006,1,-1,-1,-1
255,746,972.11676,828.47784,202.80560000000003,145.62011999999993,1,-1,-1,-1
2399,37,851.034,791.3007,153.38904000000002,126.02814000000001,1,-1,-1,-1
2280,45,820.3866,816.18115,135.3032800000001,113.81341599999996,1,-1,-1,-1
1259,903,855.715,736.1310000000001,110.80157499999996,83.66057999999987,1,-1,-1,-1
2403,37,899.2694,800.4431,174.31994999999995,139.30005000000006,1,-1,-1,-1
805,37,2341.2231,726.09924,218.77685999999994,232.41290000000004,1,-1,-1,-1
803,48,1199.3627,804.9837,556.2558600000002,357.0260599999999,1,-1,-1,-1
1276,903,684.53455,752.04767,93.6875,65.3038939999999,1,-1,-1,-1
838,37,899.5950300000001,740.1583,117.80651999999998,76.32390999999996,1,-1,-1,-1
958,203,253.88573,1130.608,593.75323,253.75696000000016,1,-1,-1,-1
2376,37,648.54425,796.5081,75.80822999999998,67.36462400000016,1,-1,-1,-1
1012,203,2082.8142,1057.0789,477.1858000000002,551.4027000000001,1,-1,-1,-1
849,37,757.4408,759.99585,91.43481399999985,61.75207499999999,1,-1,-1,-1
1159,10,705.8801,747.336,102.58154000000002,71.660034,1,-1,-1,-1
2270,45,694.8458,802.78625,119.33722,80.32220500000005,1,-1,-1,-1
818,37,1349.874,691.3219,271.09753,159.75574000000006,1,-1,-1,-1
1155,1051,1449.1276,706.3154,325.8669399999999,174.02666999999985,1,-1,-1,-1
823,37,1192.9460000000001,705.2005,205.2214399999998,126.20641999999998,1,-1,-1,-1
1675,746,1821.3354,856.4777,738.66455,596.6330999999999,1,-1,-1,-1
2397,903,884.3558300000001,739.03735,108.85296999999991,71.13049000000012,1,-1,-1,-1
1236,903,1200.8206,687.15594,210.26233000000002,156.81506000000002,1,-1,-1,-1
765,394,863.37866,748.81525,100.10485999999992,65.83612000000005,1,-1,-1,-1
2305,45,2458.8857,1214.2742,101.11426000000029,394.88464,1,-1,-1,-1
1223,903,1590.0669,654.3141,404.27549999999997,239.60846000000015,1,-1,-1,-1
804,903,820.0127,757.20886,102.10021999999992,62.84680000000003,1,-1,-1,-1
1014,203,2349.9812,1139.887,210.01879999999983,494.76306,1,-1,-1,-1
1170,10,653.51843,758.4506,83.70929000000001,63.90734999999995,1,-1,-1,-1
1122,10,1064.0618,692.3839999999999,193.85278000000017,125.68158000000005,1,-1,-1,-1
1624,746,554.2928,788.9906599999999,98.21527000000015,64.60754399999996,1,-1,-1,-1
2168,63,945.1882,713.7638,132.41643999999997,96.73932000000002,1,-1,-1,-1
1112,10,1229.6718,670.3584599999999,271.76244999999994,162.54534999999998,1,-1,-1,-1
529,1056,1786.6814,621.79626,75.31493999999998,66.732666,1,-1,-1,-1
805,48,1267.9255,809.0998,655.6239,400.15509999999995,1,-1,-1,-1
262,746,1216.6326,856.4151,386.8417999999997,248.77094,1,-1,-1,-1
263,746,1268.2745,870.45654,447.71180000000004,279.00660000000005,1,-1,-1,-1
2166,63,969.9762,709.93896,135.20898000000022,101.77692000000002,1,-1,-1,-1
756,394,991.2312,731.9350599999999,126.61597000000006,82.63037000000008,1,-1,-1,-1
1224,903,1544.2101,657.87415,386.3678,232.32910000000004,1,-1,-1,-1
1001,203,1303.951,957.9788,814.8294700000001,418.7116,1,-1,-1,-1
767,48,756.1103,771.28815,125.39148,98.13866999999993,1,-1,-1,-1
748,394,1146.1686,722.1283599999999,170.69029999999998,108.31909000000007,1,-1,-1,-1
2142,63,1386.4073,667.1237,292.64635999999996,181.89446999999996,1,-1,-1,-1
2415,903,731.0448,762.3610000000001,71.31426999999996,57.80438199999992,1,-1,-1,-1
2400,37,863.4092400000001,796.9881,158.82867,125.87829600000009,1,-1,-1,-1
1137,10,885.46606,712.46173,134.55878000000007,100.89184599999999,1,-1,-1,-1
1268,903,760.0745,753.1091299999999,100.11455999999987,85.51526000000024,1,-1,-1,-1
2171,63,915.4706,722.0269,121.62891000000002,88.15594499999986,1,-1,-1,-1
1623,746,538.82025,783.7289,102.12427000000002,69.06737999999984,1,-1,-1,-1
739,48,530.836,777.5931,107.79217500000004,70.34076000000016,1,-1,-1,-1
1304,482,1863.499,868.3086,696.501,691.8015000000001,1,-1,-1,-1
2174,63,880.9373,728.3774,122.2680049999999,82.99969499999986,1,-1,-1,-1
1774,430,534.11786,778.8736,96.72051999999985,74.93859999999995,1,-1,-1,-1
1485,69,104.113754,1150.197,384.59630000000004,211.59753000000023,1,-1,-1,-1
1489,69,5.3991003,1212.7678,232.83280000000002,174.9033199999999,1,-1,-1,-1
1157,10,729.2271,747.6359,98.49975600000005,71.50299000000007,1,-1,-1,-1
742,48,552.40436,782.1216400000001,104.46825999999999,66.49425999999994,1,-1,-1,-1
990,203,889.1758,976.0308,633.0498,291.88653999999997,1,-1,-1,-1
773,48,805.84326,770.0573,143.6449,113.62792999999999,1,-1,-1,-1
854,37,723.75446,763.3602,69.61779999999999,56.22009300000002,1,-1,-1,-1
998,203,1180.3812,962.60144,723.34143,349.30640000000005,1,-1,-1,-1
1639,746,700.74414,784.0947,104.94976999999994,69.18792999999982,1,-1,-1,-1
977,203,496.16765999999996,1065.9198,608.273,265.30150000000003,1,-1,-1,-1
1469,203,1538.8372,788.01825,701.0635000000002,297.30634,1,-1,-1,-1
751,394,1087.2587,728.3411,146.80712999999992,93.07445999999993,1,-1,-1,-1
757,48,670.4938,773.7588,107.76519999999994,79.43158000000017,1,-1,-1,-1
752,48,631.4279,780.89636,89.9801,72.69799999999987,1,-1,-1,-1
1656,746,891.3887,793.32947,170.65441999999985,132.82086000000004,1,-1,-1,-1
2384,903,1053.9398,722.449,146.97839999999997,94.15692000000001,1,-1,-1,-1
1274,903,713.3091,757.2738,81.48913600000014,62.615294999999946,1,-1,-1,-1
2366,37,594.3543,794.77545,82.11291500000004,65.49805000000003,1,-1,-1,-1
928,746,0.0,1339.4076,82.862434,136.64209000000005,1,-1,-1,-1
1778,430,581.7542,791.94604,83.7797240000001,65.01489000000015,1,-1,-1,-1
2377,903,1183.3694,710.1514,198.42163000000005,125.36645499999986,1,-1,-1,-1
757,394,974.3785,734.19336,124.48541,79.47595000000001,1,-1,-1,-1
747,48,603.433,783.2303,90.70714999999996,68.26086399999997,1,-1,-1,-1
1299,482,1390.1198,826.91974,689.7543000000001,454.77130000000034,1,-1,-1,-1
2179,63,836.078,733.89355,104.18871999999999,80.90301499999998,1,-1,-1,-1
1633,746,644.40674,790.7973,83.19220000000007,65.97644000000014,1,-1,-1,-1
1814,430,960.76953,802.9352,226.44896999999992,182.57476999999994,1,-1,-1,-1
1260,482,692.51624,785.2109,120.73339999999996,83.57543999999996,1,-1,-1,-1
1100,903,1668.7212,627.7997,254.2933300000002,112.60998500000017,1,-1,-1,-1
1246,482,606.1477,790.3961,90.88427999999999,68.41711399999997,1,-1,-1,-1
1150,1051,1644.1924,696.5431,453.5119600000003,218.43665,1,-1,-1,-1
1140,1051,2492.058,804.4224,67.94189499999993,149.9459199999999,1,-1,-1,-1
1305,482,2032.1793,893.6029,527.8207,639.26013,1,-1,-1,-1
813,37,1586.3055,684.37555,391.0438200000001,194.66614000000004,1,-1,-1,-1
1260,903,843.3068,737.6394700000001,109.59552000000008,81.50201399999992,1,-1,-1,-1
754,394,1026.0751,728.9634,134.81006000000002,87.23791500000004,1,-1,-1,-1
527,1056,1820.4348,634.6583,114.69946000000004,137.98883000000012,1,-1,-1,-1
999,203,1217.5901,954.05304,750.7671,386.32500000000005,1,-1,-1,-1
835,37,944.18964,737.26166,128.55304,78.57818599999996,1,-1,-1,-1
1463,203,2262.6667,812.1188,297.3332500000006,272.34277,1,-1,-1,-1
992,203,952.1676,974.7277,655.07825,287.34893999999997,1,-1,-1,-1
1008,203,1693.0710000000001,994.5573,866.92896,659.7656999999998,1,-1,-1,-1
2273,45,728.3237,805.2589999999999,124.3699949999999,90.24390000000005,1,-1,-1,-1
1256,482,667.93396,792.78235,109.51471000000004,71.17236000000003,1,-1,-1,-1
1294,482,1167.2239,809.8776,407.30407999999966,297.3487,1,-1,-1,-1
2401,37,874.1474599999999,799.98755,163.13049999999998,128.0786099999999,1,-1,-1,-1
774,48,815.3172,770.48615,145.29462,116.48339999999985,1,-1,-1,-1
959,203,263.02826,1128.4017,605.5802999999999,254.1529499999997,1,-1,-1,-1
2368,903,1519.9742,692.9712,353.75524999999993,193.72600999999986,1,-1,-1,-1
944,203,100.54201,1199.4879,455.42688,171.23583999999983,1,-1,-1,-1
2287,45,923.67145,837.94135,178.73883,143.71520999999996,1,-1,-1,-1
1792,430,688.9773,782.5419999999999,104.81664999999998,80.95782500000007,1,-1,-1,-1
1248,482,616.7212,793.2280000000001,93.75922000000003,67.84307999999976,1,-1,-1,-1
741,48,537.6827400000001,780.67065,112.4711299999999,67.9069199999999,1,-1,-1,-1
1484,203,225.36914,1114.6171,388.40863,203.39795000000004,1,-1,-1,-1
234,746,676.6427,807.7739,97.34595000000002,63.27008000000001,1,-1,-1,-1
1129,10,971.118,700.28265,163.99676999999986,114.34862999999996,1,-1,-1,-1
985,203,723.2356,1006.6702,610.3769499999996,275.0622000000001,1,-1,-1,-1
1098,10,1676.8257,623.26074,582.1894500000001,289.11119999999994,1,-1,-1,-1
744,394,1253.9122,711.3878,203.54796999999985,128.72960999999998,1,-1,-1,-1
2285,45,888.4764,827.0419,166.37616000000003,133.4335299999999,1,-1,-1,-1
1279,903,669.95917,759.3532,78.2761200000001,64.11487,1,-1,-1,-1
2275,45,765.4444,809.3411,115.46490500000016,91.60419000000002,1,-1,-1,-1
983,203,661.30865,1022.35596,601.6401000000001,269.3026000000001,1,-1,-1,-1
857,37,678.4667400000001,765.16473,81.6699799999999,56.433410000000094,1,-1,-1,-1
1242,482,583.8117,791.8027,87.43573000000004,66.50506599999994,1,-1,-1,-1
730,394,2132.9062,676.34595,427.09375,289.69965,1,-1,-1,-1
519,1056,1992.621,657.7736,138.37951999999996,115.91540499999996,1,-1,-1,-1
769,903,1925.6244,667.75525,597.4266399999999,246.89824999999996,1,-1,-1,-1
768,903,2025.7942,665.7303,534.2058,260.37889999999993,1,-1,-1,-1
1626,746,572.8411,794.43475,94.71393,60.422730000000115,1,-1,-1,-1
222,746,571.8203,800.9626,88.63225999999997,58.350339999999846,1,-1,-1,-1
2404,903,804.3139,753.7793,103.2144199999999,63.23999000000015,1,-1,-1,-1
270,746,2347.7478,1046.0286,212.2521999999999,479.21361999999976,1,-1,-1,-1
766,48,749.7646,770.8789999999999,128.07903999999985,95.68713000000014,1,-1,-1,-1
975,203,458.38507000000004,1075.7672,588.4339,271.5101300000001,1,-1,-1,-1
765,903,2435.304,737.54834,124.69604499999969,202.92541999999992,1,-1,-1,-1
2379,903,1140.8103,714.0226,179.75451999999973,112.75707999999997,1,-1,-1,-1
2300,45,1447.769,930.1092,644.53,423.37469999999996,1,-1,-1,-1
2304,45,2134.2197,1022.6827400000001,425.78026999999975,556.75024,1,-1,-1,-1
1302,482,1615.7506,855.1582599999999,944.2493999999999,622.8616300000001,1,-1,-1,-1
1263,903,813.23065,745.549,100.98804000000007,74.24254999999982,1,-1,-1,-1
1279,482,884.3562,785.8805,189.69092,143.75159000000008,1,-1,-1,-1
1103,10,1470.629,641.1185,411.87440000000015,228.89594,1,-1,-1,-1
853,37,730.7779,762.6389999999999,70.51122999999995,58.38311800000008,1,-1,-1,-1
2393,903,926.2362699999999,735.83673,122.7658100000001,76.53766000000007,1,-1,-1,-1
767,903,2142.2217,679.12585,417.7783199999999,247.98925999999994,1,-1,-1,-1
256,746,993.4399400000001,830.0505,222.41930999999988,159.34948999999995,1,-1,-1,-1
2292,45,1032.5883,865.1533,254.13635000000022,192.25183000000015,1,-1,-1,-1
810,48,1532.2524,813.8293,1027.7476,603.0231300000002,1,-1,-1,-1
1274,482,827.83746,789.1275,159.8515,119.324524,1,-1,-1,-1
1145,10,809.5052,727.709,126.90442000000007,89.78509499999996,1,-1,-1,-1
2143,63,1358.275,670.27136,278.807,176.37787000000014,1,-1,-1,-1
1464,203,2121.6135,749.92175,438.3864699999999,331.9033200000001,1,-1,-1,-1
769,48,769.8118,762.51105,136.87457000000006,110.13018999999986,1,-1,-1,-1
759,48,682.96136,767.0947,115.05358999999999,83.86101999999983,1,-1,-1,-1
1251,482,632.8881,793.3932,90.57916,68.8561400000001,1,-1,-1,-1
2407,37,950.3895,806.86017,204.3373999999999,160.11487,1,-1,-1,-1
841,37,855.5179400000001,749.9930400000001,109.142334,68.04888999999991,1,-1,-1,-1
795,48,1024.3624,798.0889,319.6399000000001,229.17767000000003,1,-1,-1,-1
732,48,506.44797,769.8234,104.00210599999997,70.41674999999998,1,-1,-1,-1
828,37,1077.1003,722.5244,160.26379999999995,101.13660000000016,1,-1,-1,-1
1674,746,1676.3973,850.1776,883.2462,511.65076,1,-1,-1,-1
236,746,696.705,801.3857,97.87310999999988,70.59124999999995,1,-1,-1,-1
1010,203,1875.7167,1041.7632,684.2833,578.0351600000001,1,-1,-1,-1
743,48,560.9408599999999,783.2921,103.89850000000001,65.52893000000017,1,-1,-1,-1
1673,746,1561.0741,845.2319,747.67615,440.2510400000001,1,-1,-1,-1
800,48,1114.8606,801.2579,444.02855999999997,302.74994000000004,1,-1,-1,-1
774,394,753.70844,759.6460000000001,83.74468999999999,58.263609999999744,1,-1,-1,-1
1488,69,4.7198997,1192.8187,305.83136,192.4544699999999,1,-1,-1,-1
244,746,784.4412,807.4316,123.19983000000013,90.05920399999991,1,-1,-1,-1
1115,10,1176.4315,677.7658,239.28699000000006,151.3352000000001,1,-1,-1,-1
1230,903,1346.781,677.93243,269.05017,180.60015999999985,1,-1,-1,-1
970,203,420.40762,1095.0083,558.4238,266.19263,1,-1,-1,-1
2160,63,1048.4156,705.4008,151.12585000000036,109.418274,1,-1,-1,-1
1185,1051,1282.7755,633.6866,118.55810500000007,88.29656999999997,1,-1,-1,-1
1213,903,2250.0,662.79565,310.0,297.87919999999997,1,-1,-1,-1
886,242,2446.916,499.87265,109.07909999999993,100.65219000000002,1,-1,-1,-1
1159,1051,1338.3834,712.5473599999999,271.1628400000002,151.9445800000001,1,-1,-1,-1
1676,746,2016.3735,906.6513,543.6264600000002,464.08709999999996,1,-1,-1,-1
978,203,525.8905,1060.5094,603.4212600000001,269.1087600000001,1,-1,-1,-1
1796,430,712.07263,783.3412,126.93487500000003,93.90161,1,-1,-1,-1
2403,903,815.0116,751.8647,102.17138999999997,64.67260999999985,1,-1,-1,-1
1803,430,800.3651,791.76404,135.02972,110.2247900000001,1,-1,-1,-1
814,903,718.7539,764.45465,73.31151999999997,56.50121999999999,1,-1,-1,-1
2362,903,2437.8457,750.7253400000001,122.15430000000015,222.77739999999994,1,-1,-1,-1
1280,482,897.54016,785.9604,194.16112999999996,147.53789999999992,1,-1,-1,-1
1234,903,1245.8221,683.4536,224.6856700000003,163.03229,1,-1,-1,-1
1152,10,754.7583599999999,742.5437,117.05310000000009,76.21887000000004,1,-1,-1,-1
1677,746,2270.627,927.0125,289.37305000000015,530.71686,1,-1,-1,-1
1166,1051,1219.5386,712.95703,193.42345999999998,124.4134499999999,1,-1,-1,-1
2365,37,571.45483,794.0893,84.67724599999997,64.1220699999999,1,-1,-1,-1
2183,63,793.2691,742.0307,102.46149000000003,75.04162599999995,1,-1,-1,-1
932,746,0.0,1300.1378,223.15103,191.17296999999985,1,-1,-1,-1
778,394,722.8945,762.9714,71.47766000000001,55.49792500000001,1,-1,-1,-1
509,43,2274.692,582.3544,114.66431000000011,82.57659999999998,1,-1,-1,-1
776,903,1466.8113,682.63086,313.27086999999983,168.03985999999998,1,-1,-1,-1
2278,45,797.2497,814.9148,127.59003000000007,104.11626999999987,1,-1,-1,-1
778,48,847.25995,773.0267,164.2486,129.09136999999987,1,-1,-1,-1
1236,482,528.41425,775.4693599999999,97.99682600000017,78.7944950000001,1,-1,-1,-1
764,394,874.852,746.3095,105.9970699999999,68.52904999999987,1,-1,-1,-1
1473,203,1020.6168,889.64404,526.9426000000001,262.4653299999999,1,-1,-1,-1
1634,746,654.7474,791.5751,79.68591000000004,66.09039000000007,1,-1,-1,-1
257,746,1022.46375,832.0692,235.65308000000016,168.69139999999993,1,-1,-1,-1
2374,903,1263.3794,703.6988,229.16845999999987,145.1279300000001,1,-1,-1,-1
846,37,789.6998,756.4874,99.84125000000006,63.978394000000094,1,-1,-1,-1
2387,37,737.0649400000001,790.5157,111.87560999999994,87.89635999999996,1,-1,-1,-1
1632,746,635.477,792.4685,79.54791,64.41778599999986,1,-1,-1,-1
1638,746,691.6604,786.1407,103.46429400000011,65.79003999999998,1,-1,-1,-1
749,48,613.444,781.1214,93.26233000000002,71.1967800000001,1,-1,-1,-1
948,203,265.46972999999997,1169.4518,393.30396,204.43236999999976,1,-1,-1,-1
989,203,855.09595,993.85724,621.3691399999999,276.14374,1,-1,-1,-1
2391,903,951.07855,733.6997,127.87543000000005,77.94635000000017,1,-1,-1,-1
950,203,202.43384,1168.4248,505.2384599999999,219.95910000000003,1,-1,-1,-1
945,203,224.47083999999998,1195.4084,357.72130000000004,169.12414999999987,1,-1,-1,-1
1249,482,621.4193,790.3783599999999,91.92962999999997,70.89789000000007,1,-1,-1,-1
1232,903,1296.2124,680.4715,246.45972000000006,171.0808699999999,1,-1,-1,-1
1665,746,1082.0796,811.6944,296.00659999999993,205.34826999999996,1,-1,-1,-1
1141,10,846.3800699999999,716.9601,131.99493000000007,97.30797999999993,1,-1,-1,-1
1147,10,795.3106700000001,737.92334,122.58307000000002,80.66235000000006,1,-1,-1,-1
1120,10,1093.8535,684.91034,205.47229000000016,136.28778,1,-1,-1,-1
880,242,2213.701,544.0414400000001,81.81567399999994,65.66698999999971,1,-1,-1,-1
2374,37,635.3562,793.2859,85.75183000000004,69.17755,1,-1,-1,-1
1808,430,862.8345300000001,795.7737400000001,170.20952999999986,137.24401999999986,1,-1,-1,-1
1288,482,1026.6025,797.84686,270.07410000000004,204.59473000000003,1,-1,-1,-1
1167,1051,1216.9769999999999,711.05695,177.80115000000023,123.11748999999998,1,-1,-1,-1
1625,746,565.775,791.6474,95.87115500000004,62.58984399999986,1,-1,-1,-1
1770,430,514.06836,773.2619,98.76422000000002,73.91028000000006,1,-1,-1,-1
815,37,1481.9979,687.61414,326.64148,176.62415,1,-1,-1,-1
1142,10,838.4855299999999,719.5952,126.34258999999997,95.19012499999997,1,-1,-1,-1
2372,37,625.3443599999999,793.2817,88.79230000000007,70.67523000000006,1,-1,-1,-1
1798,430,742.99634,786.4161,121.22967500000016,99.34393,1,-1,-1,-1
1173,1051,1207.6025,697.5146,125.30078000000003,110.58429000000001,1,-1,-1,-1
1005,203,1508.0493,981.72284,1017.6943400000002,531.1630000000001,1,-1,-1,-1
232,746,656.13477,805.47797,71.85082999999997,62.144530000000145,1,-1,-1,-1
264,746,1347.3237,883.45886,505.51135,302.65808000000015,1,-1,-1,-1
1253,903,928.1621,725.8571,127.02111999999988,92.34759499999996,1,-1,-1,-1
1179,1051,1226.6125,670.1662,121.31945999999994,99.57818600000007,1,-1,-1,-1
784,903,1191.2308,703.5919,197.76891999999998,118.82085999999993,1,-1,-1,-1
1156,1051,1419.955,708.7216,307.99229999999966,167.76415999999995,1,-1,-1,-1
237,746,701.1691,801.6453,106.06750499999987,72.21368399999994,1,-1,-1,-1
1215,903,2061.803,634.76086,498.19702000000007,338.01824999999997,1,-1,-1,-1
1466,203,1858.8452,747.7554299999999,701.1548,334.1916000000001,1,-1,-1,-1
1160,10,693.2914,747.1926,109.49328600000013,71.51764000000003,1,-1,-1,-1
2140,63,1447.6626,661.1837,322.0600599999998,194.09369000000015,1,-1,-1,-1
2411,903,744.2978,761.3009,91.48015999999996,59.07995600000004,1,-1,-1,-1
522,1056,1925.2505,616.51624,117.14123499999982,155.93420000000015,1,-1,-1,-1
810,903,750.1256,762.8856,86.83411000000001,58.539367999999854,1,-1,-1,-1
1264,482,724.2584,785.14935,131.59387000000015,94.79925500000002,1,-1,-1,-1
1247,903,1009.2351699999999,717.2611,147.29938000000016,104.55602999999996,1,-1,-1,-1
2298,45,1285.9601,902.7903,477.47680000000037,342.4744999999999,1,-1,-1,-1
1636,746,673.7019,783.45416,95.90160999999989,72.89794999999992,1,-1,-1,-1
1241,903,1104.9299,700.34656,176.45287999999982,130.3736,1,-1,-1,-1
2381,903,1103.3771,716.89636,166.62122,105.74785999999983,1,-1,-1,-1
747,394,1172.2188,720.22687,176.43822999999998,112.89123500000005,1,-1,-1,-1
2382,903,1087.4496,718.67346,156.66210999999998,101.69476000000009,1,-1,-1,-1
1661,746,979.7681,804.202,223.12628000000018,159.92156999999997,1,-1,-1,-1
2181,63,814.8001,738.9324,102.1519199999999,76.87487999999996,1,-1,-1,-1
2402,37,886.2331,799.55145,169.88982999999996,135.17565999999988,1,-1,-1,-1
758,48,676.34644,770.7881,112.17786000000001,80.48523000000012,1,-1,-1,-1
815,903,710.0957,764.4444,70.75225999999998,55.34667999999999,1,-1,-1,-1
950,746,133.8537,1215.5323,384.49762,225.43444999999997,1,-1,-1,-1
2392,37,779.6817,791.0917,127.61029000000008,99.65374999999995,1,-1,-1,-1
1186,1051,1294.4227,629.48584,115.55419999999981,83.97790499999996,1,-1,-1,-1
733,48,509.1228,771.20087,103.03374999999983,69.6982999999999,1,-1,-1,-1
746,394,1196.868,716.0742,187.94750999999997,119.09186,1,-1,-1,-1
1144,1051,2039.8164,676.8204,520.1836000000001,300.7710000000001,1,-1,-1,-1
763,48,718.1784,772.98425,120.17730999999992,87.4036900000001,1,-1,-1,-1
1102,10,1504.0994,638.69116,439.9015999999999,238.61133000000007,1,-1,-1,-1
1654,746,866.8129,794.8501,153.18999999999994,117.992615,1,-1,-1,-1
1631,746,627.6013,793.4594,84.6140099999999,63.66327000000001,1,-1,-1,-1
2411,37,1021.4164,818.29,255.29858000000002,199.97192000000007,1,-1,-1,-1
2283,45,861.1765,823.68976,151.0092199999999,123.19244399999991,1,-1,-1,-1
762,48,707.794,771.48895,119.12896999999998,87.19946000000016,1,-1,-1,-1
761,48,692.4354,767.3784,124.74370999999985,88.36419999999998,1,-1,-1,-1
2194,63,716.6541,754.0325,79.14666999999986,62.36102300000016,1,-1,-1,-1
1270,903,742.2935,753.717,90.45019500000001,69.95013400000005,1,-1,-1,-1
2297,45,1225.3651,897.1411,413.11205999999993,299.42895999999996,1,-1,-1,-1
229,746,632.7761,803.5433,83.84869400000014,62.53521699999999,1,-1,-1,-1
770,903,1835.9006,667.4732700000001,532.3723,233.52086999999995,1,-1,-1,-1
2369,903,1458.1676,697.1147,336.16687,179.75806,1,-1,-1,-1
761,394,916.4549,739.9368,110.63776000000007,72.64617999999984,1,-1,-1,-1
974,203,440.48947000000004,1082.6425,586.3884,270.0872800000002,1,-1,-1,-1
1141,1051,2358.685,763.3074,201.31493999999975,219.98809999999992,1,-1,-1,-1
1245,903,1038.7903,715.7034,155.87805000000003,110.67303500000003,1,-1,-1,-1
2379,37,671.7762,791.37787,99.26355000000001,73.11474599999997,1,-1,-1,-1
783,903,1216.8076,701.08905,209.18615999999997,122.57696499999997,1,-1,-1,-1
1637,746,681.12274,786.4234,103.73156999999992,69.29150399999992,1,-1,-1,-1
964,203,371.86798,1108.7112,543.8971600000001,248.87927000000013,1,-1,-1,-1
1249,903,978.6773699999999,718.3218,141.58460000000014,100.82458499999996,1,-1,-1,-1
1471,203,1354.0535,825.55493,618.5271,276.34484999999995,1,-1,-1,-1
819,37,1314.8517,693.64484,254.11877000000004,150.44781,1,-1,-1,-1
1256,903,891.89655,731.38586,119.48718000000008,86.29339600000003,1,-1,-1,-1
1233,903,1274.2524,680.6871,232.41039999999998,168.9118699999999,1,-1,-1,-1
2386,37,728.507,790.21295,109.78223000000003,85.42291,1,-1,-1,-1
1146,1051,1881.844,679.38226,628.3888999999999,272.5211200000001,1,-1,-1,-1
1467,203,1748.8473,753.72107,798.4195600000003,330.0595699999999,1,-1,-1,-1
829,37,1053.7819,726.3417,155.14599999999996,92.62634000000014,1,-1,-1,-1
1483,203,302.44296,1095.7060000000001,395.55056999999994,197.78820999999948,1,-1,-1,-1
525,1056,1862.1174,630.336,110.00988999999981,143.12536999999998,1,-1,-1,-1
1009,203,1785.2264,1002.60156,774.7735600000001,629.7509999999996,1,-1,-1,-1
2366,903,1649.6969,686.71246,455.0225800000003,225.20087000000012,1,-1,-1,-1
1254,482,655.89307,793.3605299999999,101.64404000000002,72.40283,1,-1,-1,-1
1099,10,1630.0223,625.2173,537.0310999999997,277.45916999999986,1,-1,-1,-1
882,242,2279.706,476.23537999999996,94.95800999999983,130.25552000000005,1,-1,-1,-1
1123,10,1049.7405,694.7953,189.02746999999977,121.98028600000009,1,-1,-1,-1
1301,482,1529.5875,847.8768,902.8013999999998,551.366,1,-1,-1,-1
997,203,1143.3948,962.28204,703.8481399999998,329.65729999999985,1,-1,-1,-1
1221,903,1686.9955,644.9036,458.1336699999997,268.1997,1,-1,-1,-1
1650,746,818.176,789.3035,134.2161299999999,101.1572900000001,1,-1,-1,-1
1643,746,747.4947,786.8493,110.65893599999993,81.36310000000003,1,-1,-1,-1
1287,482,1004.0047,793.9775,258.2897300000002,193.98077,1,-1,-1,-1
2406,903,788.1529,752.6052,96.03606999999988,64.61285399999986,1,-1,-1,-1
246,746,810.63477,812.03046,133.51642000000004,97.58349600000008,1,-1,-1,-1
981,203,603.88684,1038.6847,600.0853000000001,271.75037,1,-1,-1,-1
763,394,890.49005,742.557,107.17578000000003,72.43670999999995,1,-1,-1,-1
2293,45,1063.4471,869.1736,268.72095000000013,208.14124000000004,1,-1,-1,-1
772,903,1689.1791,673.06165,434.7481700000001,206.5935699999999,1,-1,-1,-1
1277,903,681.2142299999999,759.38916,88.1049200000001,59.330017,1,-1,-1,-1
247,746,824.96735,812.9781,137.93335000000002,101.47875999999997,1,-1,-1,-1
220,746,546.45013,796.07635,93.24090599999988,62.753173999999944,1,-1,-1,-1
2148,63,1242.8789,675.7894,222.93628000000012,161.55487000000005,1,-1,-1,-1
228,746,623.5471,803.47455,85.24792500000001,59.617065000000025,1,-1,-1,-1
2129,63,1989.7107,591.12335,570.2892999999999,354.1434300000001,1,-1,-1,-1
797,903,920.8751,740.1397,123.53638000000001,72.6286,1,-1,-1,-1
1293,482,1141.8602,804.9132,374.0018299999999,279.74193999999966,1,-1,-1,-1
1811,430,906.10095,797.5907599999999,191.5214800000001,154.3461900000001,1,-1,-1,-1
1827,430,1682.8536,862.0983,877.1463600000002,633.7488400000001,1,-1,-1,-1
737,394,1534.8422,694.1716299999999,319.49976000000015,180.27697999999998,1,-1,-1,-1
1140,10,854.3664,716.6003400000001,135.32214,98.87005599999975,1,-1,-1,-1
2388,37,743.41437,790.85095,114.25714000000005,89.31896999999992,1,-1,-1,-1
2408,903,770.2760599999999,754.90405,93.64398000000017,62.612120000000004,1,-1,-1,-1
1662,746,998.72687,807.14264,234.94257000000016,169.66039999999998,1,-1,-1,-1
1098,903,1768.5339,615.39984,293.98046999999997,125.28546000000006,1,-1,-1,-1
734,48,509.90247,771.13824,105.32715000000007,71.22027600000001,1,-1,-1,-1
733,394,1814.8977,676.0369999999999,453.3989300000003,239.8593800000001,1,-1,-1,-1
1116,10,1156.4836,679.579,234.2669699999999,148.33667000000003,1,-1,-1,-1
1177,1051,1217.8442,681.9415,117.96435500000007,100.43457000000001,1,-1,-1,-1
1155,10,738.94696,744.98596,104.67724600000008,74.23150999999984,1,-1,-1,-1
1255,482,662.1378,793.02325,105.29651000000001,71.85174600000016,1,-1,-1,-1
531,1056,1748.8953,624.64764,73.4492200000002,66.82732999999996,1,-1,-1,-1
775,903,1513.8627,678.7322,336.7622000000001,176.76868000000002,1,-1,-1,-1
1136,10,895.4154699999999,712.2176,140.2417600000001,101.99389999999994,1,-1,-1,-1
945,746,26.236418,1214.6472,501.83878,252.18920999999978,1,-1,-1,-1
795,903,953.0769,736.4588,132.54955999999993,76.26330599999983,1,-1,-1,-1
269,746,2043.7483,991.0653699999999,516.2517,475.06415000000004,1,-1,-1,-1
1128,10,984.9404,699.5811,163.59033000000022,114.14783,1,-1,-1,-1
1668,746,1197.6789999999999,825.9691,388.05212000000006,254.23876999999993,1,-1,-1,-1
1292,482,1114.6909,804.025,342.64879999999994,261.40514999999994,1,-1,-1,-1
1804,430,812.5744,794.9518,139.90704000000005,116.06188999999995,1,-1,-1,-1
769,394,823.9244,750.9821,81.87817400000006,57.99407999999994,1,-1,-1,-1
951,203,205.29555,1162.3142,517.5564999999999,218.10753999999997,1,-1,-1,-1
2124,63,2506.8267,759.20245,53.173339999999826,175.74463000000003,1,-1,-1,-1
1474,203,939.5858,914.9605,514.7066700000001,250.86077999999986,1,-1,-1,-1
1823,430,1280.8936,831.7468,528.5661599999999,368.10913000000016,1,-1,-1,-1
230,746,640.6180400000001,801.8699,81.22539999999992,62.63775599999997,1,-1,-1,-1
1007,203,1618.9244,985.7624,941.07556,620.5964,1,-1,-1,-1
754,48,649.17065,778.95166,101.18236999999999,77.27837999999986,1,-1,-1,-1
1779,430,593.229,793.7952,81.38971000000015,63.68335000000002,1,-1,-1,-1
2390,903,970.5468,730.1582,122.12639999999999,81.73346000000004,1,-1,-1,-1
790,48,956.4806,791.1283599999999,246.58838000000003,181.42725000000007,1,-1,-1,-1
1158,1051,1362.2876,713.4843,284.2463399999999,153.6047400000001,1,-1,-1,-1
1217,903,1916.7555,618.48096,625.3133500000001,328.40417000000014,1,-1,-1,-1
793,48,992.9936,797.2724599999999,284.49956999999995,202.0698900000001,1,-1,-1,-1
1242,903,1086.7123,705.8184,174.31799999999998,124.85980000000018,1,-1,-1,-1
253,746,924.2451,824.7683,186.50769000000003,125.68799000000013,1,-1,-1,-1
955,203,228.29887000000002,1144.9501,570.951,243.42358000000013,1,-1,-1,-1
939,746,1.4771812,1232.4968,410.6602,232.7065399999999,1,-1,-1,-1
2157,63,1089.5353,690.06384,167.4459199999999,128.41741999999988,1,-1,-1,-1
777,903,1426.2163,688.4684,290.55676000000017,157.28423999999984,1,-1,-1,-1
741,394,1352.8406,702.50824,241.69641000000001,153.52295000000004,1,-1,-1,-1
1284,482,951.0886,789.3895,229.14330999999993,174.65393000000006,1,-1,-1,-1
1107,10,1356.391,658.07263,329.0942399999997,187.57532000000003,1,-1,-1,-1
1278,903,675.09796,761.7018400000001,84.26928999999996,59.8754899999999,1,-1,-1,-1
1148,10,785.6858,739.1338,122.16039999999998,77.37176499999987,1,-1,-1,-1
1089,10,2383.4944,702.56116,176.5056199999999,294.0539,1,-1,-1,-1
1172,1051,1205.0914,701.1544,132.18859999999995,111.70099000000005,1,-1,-1,-1
931,746,0.0,1307.8123,188.62732,187.97106999999983,1,-1,-1,-1
957,203,244.6875,1133.9087,588.97943,252.50354000000016,1,-1,-1,-1
1470,203,1451.5770000000002,810.3515,654.0039999999999,279.75836000000004,1,-1,-1,-1
1270,482,784.4781,787.55206,144.2477399999999,105.86188000000004,1,-1,-1,-1
995,203,1063.45,964.4962,680.8188499999999,308.2212999999999,1,-1,-1,-1
1103,903,1538.5968,634.3416,216.26233000000002,107.109375,1,-1,-1,-1
809,903,757.4108,761.4254,95.07891999999993,59.49334699999986,1,-1,-1,-1
1653,746,852.1002,789.58453,148.17230000000006,118.76172000000008,1,-1,-1,-1
2132,63,1791.1979,627.305,541.4676500000003,297.57452,1,-1,-1,-1
2413,903,734.4294,762.0212,82.83771000000002,58.44995000000017,1,-1,-1,-1
1772,430,520.2816,774.7687400000001,99.44830000000002,75.52599999999973,1,-1,-1,-1
532,1056,1729.1973,626.714,76.96398999999974,68.34655999999995,1,-1,-1,-1
2135,63,1635.2572,642.2803299999999,442.59142999999995,250.02686000000006,1,-1,-1,-1
803,903,833.8179299999999,755.04443,103.33270000000005,63.66522199999997,1,-1,-1,-1
1258,482,681.85266,783.7972,115.09576400000003,83.83300999999994,1,-1,-1,-1
768,48,762.6192599999999,774.4411,130.8151200000001,97.78332499999999,1,-1,-1,-1
934,746,0.0,1282.0107,287.84186,206.16771999999992,1,-1,-1,-1
1229,903,1371.5801,675.1624,286.8703600000001,187.86798,1,-1,-1,-1
756,48,664.1618,778.4494,100.61339999999984,75.34015,1,-1,-1,-1
235,746,686.5344,802.2331,98.45867999999996,67.9794300000001,1,-1,-1,-1
833,37,976.3993,733.42035,136.8597400000001,84.21105999999997,1,-1,-1,-1
1789,430,664.9958,784.3944,98.64642000000015,77.33118000000002,1,-1,-1,-1
2404,37,911.6931,802.2239400000001,179.60278000000017,141.37542999999994,1,-1,-1,-1
2396,37,818.3827,793.5473,142.05846999999994,109.89795000000004,1,-1,-1,-1
1119,10,1109.4507,682.1117,204.3923299999999,140.5326,1,-1,-1,-1
814,37,1527.4855,687.14557,361.18652,184.2296100000001,1,-1,-1,-1
753,394,1044.5886,728.96387,139.59362999999985,90.31377999999995,1,-1,-1,-1
513,43,2152.9429999999998,587.4774,104.01147500000025,76.60595999999998,1,-1,-1,-1
2141,63,1414.8373,664.58093,308.3815999999997,188.45733999999993,1,-1,-1,-1
2137,63,1551.9373,650.9613,385.20679999999993,228.13184000000012,1,-1,-1,-1
1785,430,632.17145,790.293,87.64044000000013,71.01623499999994,1,-1,-1,-1
1462,203,2414.4277,838.81665,145.57227000000057,255.0894800000001,1,-1,-1,-1
879,242,2181.345,546.2662,77.69116000000031,64.16814999999997,1,-1,-1,-1
1153,1051,1526.6436,700.37964,360.3188499999999,189.69196,1,-1,-1,-1
2288,45,942.8718,836.08606,190.67626999999982,157.08179000000007,1,-1,-1,-1
1670,746,1303.9314,827.8697,491.31566999999995,315.66168000000016,1,-1,-1,-1
1132,10,938.0263,701.1707,153.01433999999995,112.24084500000004,1,-1,-1,-1
