220,29,546.45013,796.07635,93.240906,62.753173999999944,1,-1,-1,-1
221,29,562.7354,798.8541,87.64795000000004,59.89684999999997,1,-1,-1,-1
222,29,571.8203,800.9626,88.63225999999997,58.35033999999996,1,-1,-1,-1
223,29,578.84796,801.0623,88.79028000000005,58.55914299999995,1,-1,-1,-1
224,29,593.6638,802.28955,79.44311500000003,58.840576000000056,1,-1,-1,-1
225,29,603.48486,802.1688,80.20752000000005,59.08245999999997,1,-1,-1,-1
226,29,610.93884,802.7734,81.95830999999998,60.84991500000001,1,-1,-1,-1
227,29,617.1685,804.56995,82.71118000000001,60.28356999999994,1,-1,-1,-1
228,29,623.5471,803.47455,85.24792500000001,59.617065000000025,1,-1,-1,-1
229,29,632.7761,803.5433,83.84869400000002,62.53521699999999,1,-1,-1,-1
230,29,640.61804,801.8699,81.22540000000004,62.63775599999997,1,-1,-1,-1
231,29,650.0134,803.1584,76.73290999999995,62.97570799999994,1,-1,-1,-1
232,29,656.13477,805.47797,71.85082999999997,62.14453000000003,1,-1,-1,-1
233,29,668.0762,804.99225,96.40668000000005,64.79894999999999,1,-1,-1,-1
234,29,676.6427,807.7739,97.34595000000002,63.27008000000001,1,-1,-1,-1
235,29,686.5344,802.2331,98.45867999999996,67.97942999999998,1,-1,-1,-1
236,29,696.705,801.3857,97.87311,70.59124999999995,1,-1,-1,-1
237,29,701.1691,801.6453,106.06750499999998,72.21368399999994,1,-1,-1,-1
238,29,704.53864,804.5945,116.61217999999997,73.66125499999998,1,-1,-1,-1
239,29,713.0344,806.19635,119.55981399999996,75.89709500000004,1,-1,-1,-1
240,29,719.4508,806.5269,127.14953600000001,78.39709500000004,1,-1,-1,-1
241,29,740.92615,807.6729,120.23785399999997,79.09717,1,-1,-1,-1
242,29,761.9153,810.1353,116.11365,78.71105999999997,1,-1,-1,-1
243,29,773.4282,808.73517,118.26764000000003,85.21490500000004,1,-1,-1,-1
244,29,784.4412,807.4316,123.19983000000002,90.05920400000002,1,-1,-1,-1
245,29,796.92065,808.80817,127.98541,94.12323000000004,1,-1,-1,-1
246,29,810.63477,812.03046,133.51642000000004,97.58349599999997,1,-1,-1,-1
247,29,824.96735,812.9781,137.93335000000002,101.47875999999997,1,-1,-1,-1
248,29,839.10156,814.81067,143.93683,105.44427499999995,1,-1,-1,-1
249,29,856.2451,815.74457,147.76549999999997,109.49352999999996,1,-1,-1,-1
250,29,870.7214,816.997,155.81732,112.98498499999994,1,-1,-1,-1
251,29,884.64624,818.2289,169.81616000000008,118.06768999999997,1,-1,-1,-1
252,29,905.87396,820.7182,171.27948000000004,124.35895000000005,1,-1,-1,-1
253,29,924.2451,824.7683,186.50769000000003,125.68799000000001,1,-1,-1,-1
254,29,946.96185,823.9463,193.23041,137.25409000000002,1,-1,-1,-1
255,29,972.11676,828.47784,202.80560000000003,145.62012000000004,1,-1,-1,-1
256,29,993.43994,830.0505,222.41931,159.34949000000006,1,-1,-1,-1
257,29,1022.46375,832.0692,235.65307999999993,168.69140000000004,1,-1,-1,-1
258,29,1050.397,838.27997,258.61792000000014,180.18688999999995,1,-1,-1,-1
259,29,1084.9374,841.3005,276.90112,194.6040599999999,1,-1,-1,-1
260,29,1119.8804,852.03064,308.41200000000003,206.31860000000006,1,-1,-1,-1
261,29,1163.6066,855.3874,340.2913800000001,220.7405399999999,1,-1,-1,-1
262,29,1216.6326,856.4151,386.8417999999999,248.77094,1,-1,-1,-1
263,29,1268.2745,870.45654,447.71180000000004,279.00660000000005,1,-1,-1,-1
264,29,1347.3237,883.45886,505.51135,302.6580799999999,1,-1,-1,-1
265,29,1428.7827,887.8017,594.19336,353.92877,1,-1,-1,-1
266,29,1537.6267,895.0678,712.8893999999998,407.2044000000001,1,-1,-1,-1
267,29,1668.7198,917.2083,857.6522000000002,482.50214000000005,1,-1,-1,-1
268,29,1823.3661,930.8365,736.6339,585.7102699999999,1,-1,-1,-1
269,29,2043.7483,991.06537,516.2517,475.0641499999999,1,-1,-1,-1
270,29,2347.7478,1046.0286,212.2521999999999,479.21362,1,-1,-1,-1
507,262,2327.5288,589.14777,154.51366999999982,186.64252,1,-1,-1,-1
508,262,2294.4043,578.40546,156.60766999999987,201.56603999999993,1,-1,-1,-1
509,262,2274.692,582.3544,114.66431000000011,82.57659999999998,1,-1,-1,-1
510,262,2241.0823,577.5081,111.21239999999989,86.45092999999997,1,-1,-1,-1
511,262,2212.165,581.8183,107.13549999999987,79.88476600000001,1,-1,-1,-1
512,262,2181.782,585.10144,106.37329,77.27288999999996,1,-1,-1,-1
513,262,2152.943,587.4774,104.01147499999979,76.60595999999998,1,-1,-1,-1
514,262,2125.201,590.0926,104.3425299999999,77.94408999999996,1,-1,-1,-1
519,266,1992.621,657.7736,138.37951999999996,115.91540499999996,1,-1,-1,-1
520,266,1973.6472,656.0921,134.41430000000014,117.69683999999995,1,-1,-1,-1
521,266,1945.4094,616.77704,121.89721999999983,156.65247,1,-1,-1,-1
522,266,1925.2505,616.51624,117.14123500000005,155.93420000000003,1,-1,-1,-1
523,266,1899.0751,657.20355,127.69921999999997,118.706726,1,-1,-1,-1
524,266,1876.9972,653.0866,129.9943800000001,122.26367000000005,1,-1,-1,-1
525,266,1862.1174,630.336,110.00989000000004,143.12536999999998,1,-1,-1,-1
526,266,1836.9668,664.1033,122.40868999999998,110.94214,1,-1,-1,-1
527,266,1820.4348,634.6583,114.69946000000004,137.98883,1,-1,-1,-1
528,266,1802.7711,635.3137,107.47620000000006,135.86212,1,-1,-1,-1
529,266,1786.6814,621.79626,75.31493999999998,66.732666,1,-1,-1,-1
530,266,1771.2552,626.7846,70.04285000000004,63.75689699999998,1,-1,-1,-1
531,266,1748.8953,624.64764,73.44921999999997,66.82732999999996,1,-1,-1,-1
532,266,1729.1973,626.714,76.96398999999997,68.34655999999995,1,-1,-1,-1
728,394,2436.347,762.2794,123.65307600000006,212.20465000000002,1,-1,-1,-1
729,394,2273.0928,697.2791,286.90723000000025,261.12292,1,-1,-1,-1
730,394,2132.9062,676.34595,427.09375,289.69965,1,-1,-1,-1
731,394,2004.0966,660.398,555.9034399999998,289.73438,1,-1,-1,-1
732,394,1903.4122,670.4396,511.95227,263.4568499999999,1,-1,-1,-1
732,398,506.44797,769.8234,104.00210599999997,70.41674999999998,1,-1,-1,-1
733,394,1814.8977,676.037,453.39892999999984,239.85938,1,-1,-1,-1
733,398,509.1228,771.20087,103.03374999999994,69.69830000000002,1,-1,-1,-1
734,394,1733.3074,684.23175,407.20043999999984,222.83002,1,-1,-1,-1
734,398,509.90247,771.13824,105.32714999999996,71.22027600000001,1,-1,-1,-1
735,394,1664.6104,684.14264,373.7998,211.61072000000001,1,-1,-1,-1
735,398,512.0019,771.4613,107.24066000000005,71.02179000000001,1,-1,-1,-1
736,394,1590.8959,692.3021,349.58007999999995,194.24225,1,-1,-1,-1
736,398,518.2859,771.20844,103.26477,72.79028000000005,1,-1,-1,-1
737,394,1534.8422,694.17163,319.4997599999999,180.27697999999998,1,-1,-1,-1
737,398,517.3677,773.79803,110.89966000000004,72.5874,1,-1,-1,-1
738,394,1487.1527,697.97485,290.7868699999999,172.81421,1,-1,-1,-1
738,398,523.94653,775.3221,108.82146999999998,71.20660399999997,1,-1,-1,-1
739,394,1442.4591,701.9332,270.06006,163.52332,1,-1,-1,-1
739,398,530.836,777.5931,107.79217500000004,70.34076000000005,1,-1,-1,-1
740,394,1391.8937,700.1109,258.09862999999996,159.34235,1,-1,-1,-1
740,398,534.0709,778.53253,112.21416999999997,69.67871000000002,1,-1,-1,-1
741,394,1352.8406,702.50824,241.69641000000001,153.52295000000004,1,-1,-1,-1
741,398,537.68274,780.67065,112.47113000000002,67.90692000000001,1,-1,-1,-1
742,394,1317.4574,705.5539,230.47998000000007,142.82970999999998,1,-1,-1,-1
742,398,552.40436,782.12164,104.46825999999999,66.49426000000005,1,-1,-1,-1
743,394,1285.8837,705.336,213.56628,140.00183000000004,1,-1,-1,-1
743,398,560.94086,783.2921,103.89850000000001,65.52893000000006,1,-1,-1,-1
744,394,1253.9122,711.3878,203.54797000000008,128.72960999999998,1,-1,-1,-1
744,398,566.1732,784.6182,103.540344,64.59424000000001,1,-1,-1,-1
745,394,1224.3951,715.7682,194.83093000000008,122.32617000000005,1,-1,-1,-1
745,398,594.31824,784.73956,88.05798000000004,65.76166,1,-1,-1,-1
746,394,1196.868,716.0742,187.94750999999997,119.09186,1,-1,-1,-1
746,398,599.13043,783.5789,88.50464,67.01984000000004,1,-1,-1,-1
747,394,1172.2188,720.22687,176.43822999999998,112.89123500000005,1,-1,-1,-1
747,398,603.433,783.2303,90.70714999999996,68.26086399999997,1,-1,-1,-1
748,394,1146.1686,722.12836,170.69029999999998,108.31908999999996,1,-1,-1,-1
748,398,610.12506,782.5777,90.46758999999997,69.43024000000003,1,-1,-1,-1
749,394,1126.7202,722.4349,159.74316,106.23883000000001,1,-1,-1,-1
749,398,613.444,781.1214,93.26233000000002,71.19677999999999,1,-1,-1,-1
750,394,1106.5702,728.5803,154.50305000000003,96.08001999999999,1,-1,-1,-1
750,398,619.84393,780.92096,88.38769500000001,71.17486599999995,1,-1,-1,-1
751,394,1087.2587,728.3411,146.80712999999992,93.07446000000004,1,-1,-1,-1
751,398,625.6092,781.3602,85.59833000000003,71.43677000000002,1,-1,-1,-1
752,394,1068.6307,731.2969,139.70215000000007,88.31970000000001,1,-1,-1,-1
752,398,631.4279,780.89636,89.9801,72.69799999999998,1,-1,-1,-1
753,394,1044.5886,728.96387,139.59363000000008,90.31377999999995,1,-1,-1,-1
753,398,639.35406,780.9286,91.83459500000004,73.53357000000005,1,-1,-1,-1
754,394,1026.0751,728.9634,134.81006000000002,87.23791500000004,1,-1,-1,-1
754,398,649.17065,778.95166,101.18236999999999,77.27837999999997,1,-1,-1,-1
755,394,1008.51996,734.30994,130.8541899999999,80.97626000000002,1,-1,-1,-1
755,398,655.1911,778.2515,101.19012499999997,78.39361599999995,1,-1,-1,-1
756,394,991.2312,731.93506,126.61597000000006,82.63036999999997,1,-1,-1,-1
756,398,664.1618,778.4494,100.61339999999996,75.34015,1,-1,-1,-1
757,394,974.3785,734.19336,124.48541,79.47595000000001,1,-1,-1,-1
757,398,670.4938,773.7588,107.76520000000005,79.43158000000005,1,-1,-1,-1
758,394,962.82056,735.8386,118.79626500000006,77.59429999999998,1,-1,-1,-1
758,398,676.34644,770.7881,112.17786000000001,80.48523,1,-1,-1,-1
759,394,946.8295,735.75354,113.43975999999998,76.88073999999995,1,-1,-1,-1
759,398,682.96136,767.0947,115.05358999999999,83.86101999999994,1,-1,-1,-1
760,394,931.4114,738.3383,110.90930000000003,75.07543999999996,1,-1,-1,-1
760,398,687.3627,766.6261,120.90979000000004,87.40326000000005,1,-1,-1,-1
761,394,916.4549,739.9368,110.63776000000007,72.64617999999996,1,-1,-1,-1
761,398,692.4354,767.3784,124.74370999999996,88.36419999999998,1,-1,-1,-1
762,394,905.34436,739.0559,104.17029000000002,73.61645499999997,1,-1,-1,-1
762,398,707.794,771.48895,119.12896999999998,87.19946000000004,1,-1,-1,-1
763,394,890.49005,742.557,107.17578000000003,72.43670999999995,1,-1,-1,-1
763,398,718.1784,772.98425,120.17731000000003,87.40368999999998,1,-1,-1,-1
764,394,874.852,746.3095,105.99707000000001,68.52904999999998,1,-1,-1,-1
764,398,734.0141,774.80975,115.68024000000003,87.36005,1,-1,-1,-1
765,394,863.37866,748.81525,100.10486000000003,65.83612000000005,1,-1,-1,-1
765,398,741.79083,772.0149,120.09766000000002,92.50665000000004,1,-1,-1,-1
765,408,2435.304,737.54834,124.69604500000014,202.92542000000003,1,-1,-1,-1
766,394,853.0239,747.74194,94.532104,65.36999500000002,1,-1,-1,-1
766,398,749.7646,770.879,128.07903999999996,95.68713000000002,1,-1,-1,-1
766,408,2282.9397,682.59515,277.0603000000001,246.94019000000003,1,-1,-1,-1
767,394,841.06683,752.71783,91.17382999999995,58.27502400000003,1,-1,-1,-1
767,398,756.1103,771.28815,125.39148,98.13867000000005,1,-1,-1,-1
767,408,2142.2217,679.12585,417.7783199999999,247.98925999999994,1,-1,-1,-1
768,394,828.66425,752.34863,86.27917500000001,54.364014,1,-1,-1,-1
768,398,762.61926,774.4411,130.81511999999998,97.78332499999999,1,-1,-1,-1
768,408,2025.7942,665.7303,534.2058,260.37890000000004,1,-1,-1,-1
769,394,823.9244,750.9821,81.87817400000006,57.99407999999994,1,-1,-1,-1
769,398,769.8118,762.51105,136.87456999999995,110.13018999999997,1,-1,-1,-1
769,408,1925.6244,667.75525,597.4266399999999,246.89824999999996,1,-1,-1,-1
770,394,792.12836,752.80457,100.44897500000002,72.14471400000002,1,-1,-1,-1
770,398,777.58716,761.5044,138.59814000000006,112.52814000000001,1,-1,-1,-1
770,408,1835.9006,667.47327,532.3723,233.52087000000006,1,-1,-1,-1
771,394,789.5097,747.21606,92.28650000000005,69.40362500000003,1,-1,-1,-1
771,398,785.9717,761.26294,142.39824999999996,116.40381000000002,1,-1,-1,-1
771,408,1754.8024,667.5504,483.86536000000024,222.88695999999993,1,-1,-1,-1
772,394,773.3207,753.1293,109.46343999999999,71.67394999999999,1,-1,-1,-1
772,398,796.30804,767.8966,143.09747000000004,112.30413999999996,1,-1,-1,-1
772,408,1689.1791,673.06165,434.7481700000001,206.59357,1,-1,-1,-1
773,394,767.40234,756.8009,95.79278599999998,62.44439699999998,1,-1,-1,-1
773,398,805.84326,770.0573,143.6449,113.62792999999999,1,-1,-1,-1
773,408,1627.1348,679.75507,395.25451999999996,189.36536,1,-1,-1,-1
774,394,753.70844,759.646,83.74468999999999,58.26360999999997,1,-1,-1,-1
774,398,815.3172,770.48615,145.29462,116.48339999999996,1,-1,-1,-1
774,408,1563.5372,675.8336,364.36829999999986,187.57000000000005,1,-1,-1,-1
775,394,742.6205,762.9897,89.03802500000006,56.673767,1,-1,-1,-1
775,398,826.484,772.2761,146.25060999999994,117.00836000000004,1,-1,-1,-1
775,408,1513.8627,678.7322,336.7621999999999,176.76868000000002,1,-1,-1,-1
776,394,735.48676,762.46857,80.42205999999999,57.142517,1,-1,-1,-1
776,398,831.9857,774.1302,152.75658999999996,118.68677000000002,1,-1,-1,-1
776,408,1466.8113,682.63086,313.27087000000006,168.03985999999998,1,-1,-1,-1
777,394,731.49963,762.69824,73.42809999999997,55.706237999999985,1,-1,-1,-1
777,398,839.0638,773.2508,161.11699999999996,123.82910000000004,1,-1,-1,-1
777,408,1426.2163,688.4684,290.55675999999994,157.28423999999995,1,-1,-1,-1
778,394,722.8945,762.9714,71.47766000000001,55.49792500000001,1,-1,-1,-1
778,398,847.25995,773.0267,164.2486,129.09136999999998,1,-1,-1,-1
778,408,1387.0299,685.2222,266.5459000000001,155.39105000000006,1,-1,-1,-1
779,394,720.6887,763.1653,66.40069600000004,52.790344000000005,1,-1,-1,-1
779,398,856.86664,772.73083,171.11212,133.55327999999997,1,-1,-1,-1
779,408,1347.4634,691.4002,255.02844000000005,143.25116000000003,1,-1,-1,-1
780,394,713.14,764.9523,64.35931400000004,49.02581799999996,1,-1,-1,-1
780,398,865.47235,774.305,176.73016000000007,137.90466000000004,1,-1,-1,-1
780,408,1314.6111,692.61707,240.91906999999992,138.47180000000003,1,-1,-1,-1
781,398,872.501,773.3901,182.36877000000004,144.19220000000007,1,-1,-1,-1
781,408,1281.7703,693.34674,224.56664999999998,134.35784999999998,1,-1,-1,-1
782,398,881.9276,770.5824,183.64660000000003,150.80096000000003,1,-1,-1,-1
782,408,1248.348,697.7408,214.2110600000001,126.72040000000004,1,-1,-1,-1
783,398,892.3209,776.87415,187.5937500000001,150.40337999999997,1,-1,-1,-1
783,408,1216.8076,701.08905,209.18615999999997,122.57696499999997,1,-1,-1,-1
784,398,902.24316,777.93475,192.39795000000004,151.99615000000006,1,-1,-1,-1
784,408,1191.2308,703.5919,197.76891999999998,118.82086000000004,1,-1,-1,-1
785,398,906.29694,779.1309,200.96576000000005,156.98583999999994,1,-1,-1,-1
785,408,1164.8159,709.34814,189.60986000000003,110.61150999999995,1,-1,-1,-1
786,398,915.79535,782.63434,211.7395600000001,163.18169999999998,1,-1,-1,-1
786,408,1138.6936,713.8291,181.82665999999995,104.52350000000001,1,-1,-1,-1
787,398,925.3281,787.13513,213.6165800000001,166.06964000000005,1,-1,-1,-1
787,408,1116.6469,715.5675,171.34265000000005,101.33947999999998,1,-1,-1,-1
788,398,937.0975,789.451,225.36797999999987,168.34118999999998,1,-1,-1,-1
788,408,1095.158,718.0074,159.85669000000007,97.52978499999995,1,-1,-1,-1
789,398,939.02545,792.50604,245.97003000000007,171.29840000000002,1,-1,-1,-1
789,408,1071.3505,724.17773,155.91625999999997,91.24663999999996,1,-1,-1,-1
790,398,956.4806,791.12836,246.58838000000003,181.42724999999996,1,-1,-1,-1
790,408,1047.459,724.47125,156.22974,87.62810999999999,1,-1,-1,-1
791,398,963.75214,791.81476,260.15239999999994,190.52417000000003,1,-1,-1,-1
791,408,1026.4097,726.0152,150.5750700000001,80.19495000000006,1,-1,-1,-1
792,398,981.1774,795.36005,270.02728,201.13562000000002,1,-1,-1,-1
792,408,1012.7264,730.39264,139.94219999999996,82.11255000000006,1,-1,-1,-1
793,398,992.9936,797.27246,284.49956999999995,202.06989,1,-1,-1,-1
793,408,988.13434,729.6477,139.02838000000008,83.60271999999998,1,-1,-1,-1
794,398,1011.8172,795.6132,297.69073000000003,222.29474000000005,1,-1,-1,-1
794,408,972.0619,735.5661,133.6157199999999,77.21222,1,-1,-1,-1
795,398,1024.3624,798.0889,319.6399000000001,229.17767000000003,1,-1,-1,-1
795,408,953.0769,736.4588,132.54955999999993,76.26330599999994,1,-1,-1,-1
796,398,1038.8838,796.1618,341.66064000000006,242.49408000000005,1,-1,-1,-1
796,408,934.93494,737.5221,130.85289999999998,76.37652600000001,1,-1,-1,-1
797,398,1052.0542,796.2978,363.53503,257.89995999999996,1,-1,-1,-1
797,408,920.8751,740.1397,123.53638000000001,72.6286,1,-1,-1,-1
798,398,1084.6484,797.7064,371.63842999999997,271.94165,1,-1,-1,-1
798,408,904.9131,740.4316,120.28136999999992,72.84362999999996,1,-1,-1,-1
799,398,1102.1605,797.4908,401.90344000000005,292.47759999999994,1,-1,-1,-1
799,408,890.0537,741.82745,117.50951999999995,73.55376999999999,1,-1,-1,-1
800,398,1114.8606,801.2579,444.02855999999997,302.74994000000004,1,-1,-1,-1
800,408,875.7809,746.60815,112.63225999999997,69.89873999999998,1,-1,-1,-1
801,398,1141.0093,805.15424,473.41491999999994,311.97357,1,-1,-1,-1
801,408,862.2635,749.3042,108.54351999999994,67.25396999999998,1,-1,-1,-1
802,398,1165.2998,801.41516,515.6553999999999,339.3143299999999,1,-1,-1,-1
802,408,845.7903,749.2527,108.90752999999995,69.43926999999996,1,-1,-1,-1
803,398,1199.3627,804.9837,556.25586,357.0260599999999,1,-1,-1,-1
803,408,833.81793,755.04443,103.33270000000005,63.66522199999997,1,-1,-1,-1
804,398,1234.4803,807.76825,601.9866,378.9689300000001,1,-1,-1,-1
804,408,820.0127,757.20886,102.10022000000004,62.84680000000003,1,-1,-1,-1
805,398,1267.9255,809.0998,655.6239,400.15509999999995,1,-1,-1,-1
805,408,806.1744,757.80707,100.33214999999996,63.486940000000004,1,-1,-1,-1
805,421,2341.2231,726.09924,218.77685999999994,232.41290000000004,1,-1,-1,-1
806,398,1310.0461,800.0816,726.1399000000001,440.08439999999996,1,-1,-1,-1
806,408,793.3516,759.4895,99.78149399999995,61.20837400000005,1,-1,-1,-1
806,421,2205.3103,667.37524,354.6896999999999,278.79138,1,-1,-1,-1
807,398,1359.8368,802.2607,793.1205,478.16460000000006,1,-1,-1,-1
807,408,781.8502,755.7918,95.10333000000003,63.39947500000005,1,-1,-1,-1
807,421,2063.165,674.0951,496.83496000000014,282.7957200000001,1,-1,-1,-1
808,398,1405.382,798.8818,891.0940999999998,517.6088000000001,1,-1,-1,-1
808,408,768.7489,758.8846,94.35186999999996,62.73504600000001,1,-1,-1,-1
808,421,1961.3021,666.28485,598.6978999999999,274.3125,1,-1,-1,-1
809,398,1465.0195,798.0302,1004.2698000000003,565.3772599999999,1,-1,-1,-1
809,408,757.4108,761.4254,95.07892000000004,59.49334699999997,1,-1,-1,-1
809,421,1874.9551,666.1179,574.8476600000001,241.98461999999995,1,-1,-1,-1
810,398,1532.2524,813.8293,1027.7476,603.0231299999999,1,-1,-1,-1
810,408,750.1256,762.8856,86.83411000000001,58.53936799999997,1,-1,-1,-1
810,421,1789.4294,672.7403,517.2062999999998,199.005,1,-1,-1,-1
811,398,1615.7499,810.565,944.2501,679.8875,1,-1,-1,-1
811,408,737.298,764.7256,88.37383999999997,58.13659700000005,1,-1,-1,-1
811,421,1712.2177,680.8835,466.88904000000025,210.00573999999995,1,-1,-1,-1
812,398,1714.5548,821.9222,845.4452000000001,641.4111,1,-1,-1,-1
812,408,729.7956,762.65564,84.28363000000002,59.36310000000003,1,-1,-1,-1
812,421,1645.175,681.7566,434.72680000000014,205.21027000000004,1,-1,-1,-1
813,398,1811.7345,839.6278,748.2655,605.1670999999999,1,-1,-1,-1
813,408,728.87476,763.7833,73.13660000000004,58.93890399999998,1,-1,-1,-1
813,421,1586.3055,684.37555,391.04381999999987,194.66614000000004,1,-1,-1,-1
814,398,1942.2651,885.5505,617.73486,536.471,1,-1,-1,-1
814,408,718.7539,764.45465,73.31151999999997,56.50121999999999,1,-1,-1,-1
814,421,1527.4855,687.14557,361.18652,184.22960999999998,1,-1,-1,-1
815,398,2085.7964,905.9804,474.2035999999998,562.43585,1,-1,-1,-1
815,408,710.0957,764.4444,70.75225999999998,55.34667999999999,1,-1,-1,-1
815,421,1481.9979,687.61414,326.64148,176.62415,1,-1,-1,-1
816,398,2279.2349,928.34265,280.76514,567.6986000000002,1,-1,-1,-1
816,421,1433.194,693.3175,301.4029499999999,167.65771000000007,1,-1,-1,-1
817,398,2501.7954,1074.3555,58.204589999999826,300.02747,1,-1,-1,-1
817,421,1390.5532,691.3385,288.5002400000001,162.96173,1,-1,-1,-1
818,421,1349.874,691.3219,271.09753,159.75573999999995,1,-1,-1,-1
819,421,1314.8517,693.64484,254.11877000000004,150.44781,1,-1,-1,-1
820,421,1281.6709,695.24316,238.85571000000004,144.09607000000005,1,-1,-1,-1
821,421,1251.9015,699.521,222.77441,136.33038,1,-1,-1,-1
822,421,1217.9884,702.50854,217.20678999999996,131.44513000000006,1,-1,-1,-1
823,421,1192.946,705.2005,205.22144000000003,126.20641999999998,1,-1,-1,-1
824,421,1165.85,710.7643,196.25818000000004,118.26910399999997,1,-1,-1,-1
825,421,1141.3466,713.2373,187.0667699999999,113.40044999999998,1,-1,-1,-1
826,421,1117.333,716.64465,178.76746000000003,108.35712000000001,1,-1,-1,-1
827,421,1096.3605,717.7168,170.33618,106.60223399999995,1,-1,-1,-1
828,421,1077.1003,722.5244,160.26379999999995,101.13660000000004,1,-1,-1,-1
829,421,1053.7819,726.3417,155.14599999999996,92.62634000000003,1,-1,-1,-1
830,421,1030.1937,727.6471,154.78906000000006,92.28075999999999,1,-1,-1,-1
831,421,1009.0673,728.7333,151.45392000000004,90.93591000000004,1,-1,-1,-1
832,421,994.3534,731.97675,142.2014200000001,85.26166,1,-1,-1,-1
833,421,976.3993,733.42035,136.85973999999987,84.21105999999997,1,-1,-1,-1
834,421,960.6338,735.93524,130.57568000000003,79.96686,1,-1,-1,-1
835,421,944.18964,737.26166,128.55304,78.57818599999996,1,-1,-1,-1
836,421,926.6557,739.44727,125.44964600000003,76.69177000000002,1,-1,-1,-1
837,421,914.6934,740.22,120.10565000000008,75.66143999999997,1,-1,-1,-1
838,421,899.59503,740.1583,117.80651999999998,76.32390999999996,1,-1,-1,-1
839,421,884.43915,743.3873,115.01819,73.86755000000005,1,-1,-1,-1
840,421,869.581,746.47266,111.55353000000002,71.339966,1,-1,-1,-1
841,421,855.51794,749.99304,109.142334,68.04889000000003,1,-1,-1,-1
842,421,841.20215,749.7885,108.61059599999999,68.29352000000006,1,-1,-1,-1
843,421,829.9235,753.2825,103.33392000000003,65.72033999999996,1,-1,-1,-1
844,421,818.985,754.21173,98.67309599999999,65.37817399999994,1,-1,-1,-1
845,421,804.8593,756.2204,98.46911999999998,64.05353000000002,1,-1,-1,-1
846,421,789.6998,756.4874,99.84125000000006,63.97839399999998,1,-1,-1,-1
847,421,774.6861,754.0923,101.28899999999999,66.09186,1,-1,-1,-1
848,421,765.3452,758.772,97.14593500000001,62.87988299999995,1,-1,-1,-1
849,421,757.4408,759.99585,91.43481399999996,61.75207499999999,1,-1,-1,-1
850,421,744.5969,761.2483,92.58362,61.609680000000026,1,-1,-1,-1
851,421,738.4048,762.11816,84.70929000000001,60.622010000000046,1,-1,-1,-1
852,421,733.5101,762.5953,81.64477499999998,58.56036400000005,1,-1,-1,-1
853,421,730.7779,762.639,70.51122999999995,58.38311799999997,1,-1,-1,-1
854,421,723.75446,763.3602,69.61779999999999,56.22009300000002,1,-1,-1,-1
855,421,711.81323,763.60205,70.14873999999998,55.17920000000004,1,-1,-1,-1
856,421,703.6509,764.7116,65.52862500000003,52.782287999999994,1,-1,-1,-1
857,421,678.46674,765.16473,81.66998000000001,56.43340999999998,1,-1,-1,-1
877,482,2125.3801,540.3048,73.85351600000013,67.78985599999999,1,-1,-1,-1
878,482,2151.1584,536.6687,79.60303000000022,71.27990999999997,1,-1,-1,-1
879,482,2181.345,546.2662,77.69115999999985,64.16814999999997,1,-1,-1,-1
880,482,2213.701,544.04144,81.81567399999994,65.66698999999994,1,-1,-1,-1
881,482,2246.2188,532.8692,88.39429000000018,76.90215999999998,1,-1,-1,-1
882,482,2279.706,476.23538,94.95800999999983,130.25552,1,-1,-1,-1
883,482,2314.5356,467.00348,98.25415000000021,132.40460000000002,1,-1,-1,-1
884,482,2352.4517,505.20767,123.20654000000013,98.34286499999996,1,-1,-1,-1
885,482,2403.5874,473.91437,120.0283199999999,125.21222000000006,1,-1,-1,-1
886,482,2446.916,499.87265,109.07909999999993,100.65219000000002,1,-1,-1,-1
928,536,0.0,1339.4076,82.862434,136.64209000000005,1,-1,-1,-1
929,536,0.0,1315.2192,118.7908,162.48253999999997,1,-1,-1,-1
930,536,0.0,1323.0593,153.0875,162.64843999999994,1,-1,-1,-1
931,536,0.0,1307.8123,188.62732,187.97107000000005,1,-1,-1,-1
932,536,0.0,1300.1378,223.15103,191.17297000000008,1,-1,-1,-1
933,536,2.1753914,1290.8905,254.00671000000003,200.21544999999992,1,-1,-1,-1
934,536,0.0,1282.0107,287.84186,206.16771999999992,1,-1,-1,-1
935,536,0.0,1273.8932,324.56784,204.46642999999995,1,-1,-1,-1
936,536,0.0,1263.7336,356.0813,210.9758300000001,1,-1,-1,-1
937,536,0.0,1246.9282,381.40616,228.21765000000005,1,-1,-1,-1
938,536,0.30477536,1238.0548,405.01395,233.32287999999994,1,-1,-1,-1
939,536,1.4771812,1232.4968,410.6602,232.7065399999999,1,-1,-1,-1
940,536,4.946367,1229.014,424.1709,250.67113999999992,1,-1,-1,-1
941,536,4.8600965,1211.8129,506.21762,266.40905999999995,1,-1,-1,-1
942,536,10.937757,1209.0289,512.52594,266.2964999999999,1,-1,-1,-1
943,536,13.285717,1207.6422,531.1966,263.26135,1,-1,-1,-1
944,536,14.468923,1212.2219,539.06586,260.04516999999987,1,-1,-1,-1
944,558,100.54201,1199.4879,455.42688,171.23584000000005,1,-1,-1,-1
945,536,26.236418,1214.6472,501.83878,252.18921,1,-1,-1,-1
945,558,224.47084,1195.4084,357.7213,169.12414999999987,1,-1,-1,-1
946,536,46.342587,1208.3705,492.02063,253.3463099999999,1,-1,-1,-1
946,558,279.93365,1185.7743,327.22858,183.97656000000006,1,-1,-1,-1
947,536,69.96894,1200.6829,503.14844000000005,255.8044400000001,1,-1,-1,-1
947,558,190.20006,1183.1796,457.64880000000005,208.1008300000001,1,-1,-1,-1
948,536,106.40969,1185.1647,529.16,257.53063999999995,1,-1,-1,-1
948,558,265.46973,1169.4518,393.30395999999996,204.43237,1,-1,-1,-1
949,536,119.80886,1188.862,505.02725,253.64599999999996,1,-1,-1,-1
949,558,340.59952,1166.7728,356.64255,199.09691999999995,1,-1,-1,-1
950,536,133.8537,1215.5323,384.49762,225.43444999999997,1,-1,-1,-1
950,558,202.43384,1168.4248,505.2384599999999,219.95910000000003,1,-1,-1,-1
951,536,147.41913,1218.8916,367.27892999999995,217.34411999999998,1,-1,-1,-1
951,558,205.29555,1162.3142,517.5564999999999,218.10753999999997,1,-1,-1,-1
952,536,158.92653,1216.0784,302.16937,217.31580000000008,1,-1,-1,-1
952,558,187.53879,1158.811,555.4592,227.1667500000001,1,-1,-1,-1
953,536,190.50145,1208.3888,357.6284800000001,219.99181999999996,1,-1,-1,-1
953,558,200.81694,1154.369,565.0453,236.62194999999997,1,-1,-1,-1
954,536,202.0042,1213.3699,349.9425,209.95605,1,-1,-1,-1
954,558,215.27376,1149.8132,566.1665,241.24414000000002,1,-1,-1,-1
955,558,228.29887,1144.9501,570.951,243.4235799999999,1,-1,-1,-1
956,558,229.78368,1136.7142,584.9315,254.9349400000001,1,-1,-1,-1
957,558,244.6875,1133.9087,588.97943,252.50353999999993,1,-1,-1,-1
958,558,253.88573,1130.608,593.75323,253.75695999999994,1,-1,-1,-1
959,558,263.02826,1128.4017,605.5802999999999,254.15294999999992,1,-1,-1,-1
960,558,283.8638,1118.5121,593.90283,251.99304000000006,1,-1,-1,-1
961,558,302.87747,1116.5343,582.43164,247.67163000000005,1,-1,-1,-1
962,558,317.62338,1114.0477,579.0321,247.67786,1,-1,-1,-1
963,558,356.9293,1112.3528,555.62427,245.67589999999996,1,-1,-1,-1
964,558,371.86798,1108.7112,543.89716,248.8792699999999,1,-1,-1,-1
965,558,388.5025,1106.5809,536.35736,253.3377700000001,1,-1,-1,-1
966,558,406.35245,1105.3055,533.2864,253.22046,1,-1,-1,-1
967,558,411.04974,1101.3018,538.3615,257.3910000000001,1,-1,-1,-1
968,558,412.07928,1099.0339,546.9169000000002,262.08251999999993,1,-1,-1,-1
969,558,412.50815,1098.2216,557.49976,265.4393299999999,1,-1,-1,-1
970,558,420.40762,1095.0083,558.4238,266.19263,1,-1,-1,-1
971,558,426.6079,1093.4728,558.9008,267.58484,1,-1,-1,-1
972,558,423.52185,1088.3988,580.6496,268.38086,1,-1,-1,-1
973,558,424.36255,1085.1229,592.3379,268.7639200000001,1,-1,-1,-1
974,558,440.48947,1082.6425,586.3884,270.08727999999996,1,-1,-1,-1
975,558,458.38507,1075.7672,588.4339,271.5101299999999,1,-1,-1,-1
976,558,480.06137,1071.6113,590.9972999999999,272.9815699999999,1,-1,-1,-1
977,558,496.16766,1065.9198,608.2729999999999,265.30150000000003,1,-1,-1,-1
978,558,525.8905,1060.5094,603.4212600000001,269.1087600000001,1,-1,-1,-1
979,558,552.662,1055.0397,598.85986,269.69507,1,-1,-1,-1
980,558,579.8561,1040.9106,595.3137000000002,272.94983,1,-1,-1,-1
981,558,603.88684,1038.6847,600.0852999999998,271.75037,1,-1,-1,-1
982,558,636.47186,1031.3456,584.7597999999999,274.9332300000001,1,-1,-1,-1
983,558,661.30865,1022.35596,601.6401000000001,269.30259999999987,1,-1,-1,-1
984,558,690.91376,1020.0345,608.5468,269.3582200000001,1,-1,-1,-1
985,558,723.2356,1006.6702,610.3769499999999,275.0622000000001,1,-1,-1,-1
986,558,751.8261,1001.31854,623.1054000000001,276.28667999999993,1,-1,-1,-1
987,558,789.26263,1000.3272,617.5353400000001,278.8886,1,-1,-1,-1
988,558,819.43994,996.52045,625.9370000000001,271.4834599999999,1,-1,-1,-1
989,558,855.09595,993.85724,621.3691400000001,276.14374,1,-1,-1,-1
990,558,889.1758,976.0308,633.0498,291.88653999999997,1,-1,-1,-1
991,558,915.73706,979.7734,651.45557,282.18291999999997,1,-1,-1,-1
992,558,952.1676,974.7277,655.07825,287.34893999999997,1,-1,-1,-1
993,558,986.5372,965.2486,664.7973,298.4167000000001,1,-1,-1,-1
994,558,1025.0371,961.63873,672.63354,307.1471600000001,1,-1,-1,-1
995,558,1063.45,964.4962,680.8188499999999,308.2212999999999,1,-1,-1,-1
996,558,1100.4803,964.376,692.6304,316.2199699999999,1,-1,-1,-1
997,558,1143.3948,962.28204,703.8481400000001,329.6573000000001,1,-1,-1,-1
998,558,1180.3812,962.60144,723.34143,349.30640000000005,1,-1,-1,-1
999,558,1217.5901,954.05304,750.7671,386.32500000000005,1,-1,-1,-1
1000,558,1262.0815,958.2579,783.78015,397.02606000000003,1,-1,-1,-1
1001,558,1303.951,957.9788,814.8294700000001,418.7116,1,-1,-1,-1
1002,558,1349.699,956.3684,852.4137999999998,457.03185999999994,1,-1,-1,-1
1003,558,1404.6556,963.9808,885.8728999999998,476.74212999999986,1,-1,-1,-1
1004,558,1450.4761,969.08887,953.63525,504.29882999999995,1,-1,-1,-1
1005,558,1508.0493,981.72284,1017.6943399999998,531.1629999999999,1,-1,-1,-1
1006,558,1572.7017,983.17267,987.2983399999998,568.91693,1,-1,-1,-1
1007,558,1618.9244,985.7624,941.07556,620.5964,1,-1,-1,-1
1008,558,1693.071,994.5573,866.9289600000002,659.7657,1,-1,-1,-1
1009,558,1785.2264,1002.60156,774.7735600000001,629.7509999999999,1,-1,-1,-1
1010,558,1875.7167,1041.7632,684.2833,578.0351600000001,1,-1,-1,-1
1011,558,1977.0519,1022.61127,582.9481000000001,586.6793999999999,1,-1,-1,-1
1012,558,2082.8142,1057.0789,477.1858000000002,551.4027000000001,1,-1,-1,-1
1013,558,2210.6125,1083.3856,349.3874500000002,565.2248500000001,1,-1,-1,-1
1014,558,2349.9812,1139.887,210.01879999999983,494.76306,1,-1,-1,-1
1015,558,2512.9897,1272.7937,47.010253999999804,271.7898,1,-1,-1,-1
1089,591,2383.4944,702.56116,176.5056199999999,294.0539,1,-1,-1,-1
1090,591,2263.3337,645.7521,296.66625999999997,332.52777000000003,1,-1,-1,-1
1091,591,2159.5022,618.2474,400.4978000000001,345.5127,1,-1,-1,-1
1092,591,2071.5261,577.45917,488.47388,375.12598,1,-1,-1,-1
1093,591,1983.1747,579.8422,576.8253,393.95502,1,-1,-1,-1
1094,591,1906.4448,588.8445,653.5552,371.2256,1,-1,-1,-1
1095,591,1843.2963,593.81854,716.7037399999999,352.58704,1,-1,-1,-1
1096,591,1783.2549,599.33374,685.5290500000001,334.5454,1,-1,-1,-1
1097,591,1727.8292,612.271,629.6885999999997,310.35254,1,-1,-1,-1
1097,592,1839.3904,609.94946,302.25731999999994,127.862976,1,-1,-1,-1
1098,591,1676.8257,623.26074,582.1894500000001,289.11119999999994,1,-1,-1,-1
1098,592,1768.5339,615.39984,293.98046999999997,125.28546000000006,1,-1,-1,-1
1099,591,1630.0223,625.2173,537.0311000000002,277.45917,1,-1,-1,-1
1099,592,1710.0747,623.81555,274.64795000000004,114.81237999999996,1,-1,-1,-1
1100,591,1586.8805,634.7299,499.08900000000017,257.5398,1,-1,-1,-1
1100,592,1668.7212,627.7997,254.29332999999997,112.60998500000005,1,-1,-1,-1
1101,591,1542.5964,643.7171,472.04565,240.53161999999998,1,-1,-1,-1
1101,592,1624.4401,631.05927,234.7572,106.56255999999996,1,-1,-1,-1
1102,591,1504.0994,638.69116,439.9015999999999,238.61133000000007,1,-1,-1,-1
1102,592,1584.3148,631.1521,222.14001000000007,107.52087400000005,1,-1,-1,-1
1103,591,1470.629,641.1185,411.8743999999999,228.89594,1,-1,-1,-1
1103,592,1538.5968,634.3416,216.26233000000002,107.109375,1,-1,-1,-1
1104,591,1448.7087,650.6455,382.98119999999994,209.60162000000003,1,-1,-1,-1
1104,592,1507.9575,632.10754,200.30896000000007,113.49860000000001,1,-1,-1,-1
1105,591,1406.9962,653.48584,372.6410000000001,200.06280000000004,1,-1,-1,-1
1105,592,1476.3641,632.84283,185.09424000000013,111.80524000000003,1,-1,-1,-1
1106,591,1374.3348,655.6332,355.95630000000006,191.84589000000005,1,-1,-1,-1
1107,591,1356.391,658.07263,329.0942399999999,187.57532000000003,1,-1,-1,-1
1108,591,1328.8533,656.24133,315.93335,186.21857,1,-1,-1,-1
1109,591,1299.3265,659.1529,306.0745999999999,180.96605999999997,1,-1,-1,-1
1110,591,1281.8016,663.28,287.23962000000006,174.67016999999998,1,-1,-1,-1
1111,591,1255.3442,669.50226,280.57116999999994,165.63733000000002,1,-1,-1,-1
1112,591,1229.6718,670.35846,271.76244999999994,162.54534999999998,1,-1,-1,-1
1113,591,1209.8655,672.5616,263.41272000000004,159.18372,1,-1,-1,-1
1114,591,1191.305,670.0907,251.3246999999999,158.22595,1,-1,-1,-1
1115,591,1176.4315,677.7658,239.28699000000006,151.3352,1,-1,-1,-1
1116,591,1156.4836,679.579,234.2669699999999,148.33667000000003,1,-1,-1,-1
1117,591,1142.7311,681.12024,224.82898,143.79254000000003,1,-1,-1,-1
1118,591,1126.3774,681.3103,215.69103999999993,142.83691,1,-1,-1,-1
1119,591,1109.4507,682.1117,204.3923299999999,140.5326,1,-1,-1,-1
1120,591,1093.8535,684.91034,205.47228999999993,136.28778,1,-1,-1,-1
1121,591,1077.8031,689.21484,200.89184999999998,129.94983000000002,1,-1,-1,-1
1122,591,1064.0618,692.384,193.85277999999994,125.68157999999994,1,-1,-1,-1
1123,591,1049.7405,694.7953,189.02747,121.98028599999998,1,-1,-1,-1
1124,591,1035.2888,693.763,184.3019999999999,122.42065400000001,1,-1,-1,-1
1125,591,1022.2132,695.72363,179.89618000000007,119.69324000000006,1,-1,-1,-1
1126,591,1007.54736,697.728,178.92370000000005,117.85564999999997,1,-1,-1,-1
1127,591,995.4148,699.4707,166.43822999999998,115.05762000000004,1,-1,-1,-1
1128,591,984.9404,699.5811,163.59033,114.14783,1,-1,-1,-1
1129,591,971.118,700.28265,163.99677000000008,114.34862999999996,1,-1,-1,-1
1130,591,961.00415,700.25055,155.43419999999992,113.66034000000002,1,-1,-1,-1
1131,591,948.5551,700.4481,158.7108800000001,113.58452999999997,1,-1,-1,-1
1132,591,938.0263,701.1707,153.01433999999995,112.24084500000004,1,-1,-1,-1
1133,591,928.0562,702.41595,147.9436599999999,111.26196000000004,1,-1,-1,-1
1134,591,916.40424,707.66345,145.67853000000002,106.44171000000006,1,-1,-1,-1
1135,591,905.4966,710.0665,144.1804199999999,102.90899999999999,1,-1,-1,-1
1136,591,895.41547,712.2176,140.24176,101.99389999999994,1,-1,-1,-1
1137,591,885.46606,712.46173,134.55878000000007,100.89184599999999,1,-1,-1,-1
1138,591,874.62103,712.61053,136.84600999999998,100.14904999999999,1,-1,-1,-1
1139,591,865.76404,712.97235,134.02252,101.45978000000002,1,-1,-1,-1
1140,591,854.3664,716.60034,135.32214,98.87005599999998,1,-1,-1,-1
1140,599,2492.058,804.4224,67.94189499999993,149.94592,1,-1,-1,-1
1141,591,846.38007,716.9601,131.99492999999995,97.30798000000004,1,-1,-1,-1
1141,599,2358.685,763.3074,201.3149400000002,219.98810000000003,1,-1,-1,-1
1142,591,838.48553,719.5952,126.34258999999997,95.19012499999997,1,-1,-1,-1
1142,599,2238.5693,721.4815,321.43066,252.03839000000005,1,-1,-1,-1
1143,591,830.5251,721.32745,125.51367000000005,94.80688499999997,1,-1,-1,-1
1143,599,2137.8325,705.8573,422.16748000000007,261.5987,1,-1,-1,-1
1144,591,818.8855,723.25806,127.46935999999994,94.48346000000004,1,-1,-1,-1
1144,599,2039.8164,676.8204,520.1836000000001,300.7710000000001,1,-1,-1,-1
1145,591,809.5052,727.709,126.90441999999996,89.78509499999996,1,-1,-1,-1
1145,599,1957.5598,686.6637,602.4402,276.10254,1,-1,-1,-1
1146,591,802.23987,731.6439,123.49518,86.64917000000003,1,-1,-1,-1
1146,599,1881.844,679.38226,628.3888999999999,272.52112,1,-1,-1,-1
1147,591,795.31067,737.92334,122.58307000000002,80.66235000000006,1,-1,-1,-1
1147,599,1814.5238,687.7056,574.6004600000001,255.23761000000002,1,-1,-1,-1
1148,591,785.6858,739.1338,122.16039999999998,77.37176499999998,1,-1,-1,-1
1148,599,1752.7091,690.61554,526.1050999999998,240.90265,1,-1,-1,-1
1149,591,775.65686,740.37836,122.43469000000005,78.82117000000005,1,-1,-1,-1
1149,599,1698.1804,692.87646,484.42456000000016,229.19353999999998,1,-1,-1,-1
1150,591,770.4859,742.17676,118.92791999999997,77.05475000000001,1,-1,-1,-1
1150,599,1644.1924,696.5431,453.5119599999998,218.43665,1,-1,-1,-1
1151,591,760.56934,741.8297,120.03912000000003,77.21045000000004,1,-1,-1,-1
1151,599,1598.1998,700.0459,419.8597400000001,205.45770000000005,1,-1,-1,-1
1152,591,754.75836,742.5437,117.05309999999997,76.21887000000004,1,-1,-1,-1
1152,599,1565.1742,703.1662,388.80737,190.80072000000007,1,-1,-1,-1
1153,591,747.33575,744.3422,116.37627999999995,75.07250999999997,1,-1,-1,-1
1153,599,1526.6436,700.37964,360.3188499999999,189.69196,1,-1,-1,-1
1154,591,742.53784,743.63617,111.51111000000003,76.22198500000002,1,-1,-1,-1
1154,599,1484.2773,706.9751,349.8120000000001,177.53625,1,-1,-1,-1
1155,591,738.94696,744.98596,104.67724599999997,74.23150999999996,1,-1,-1,-1
1155,599,1449.1276,706.3154,325.8669400000001,174.02666999999997,1,-1,-1,-1
1156,591,731.52985,747.2803,104.39080999999999,72.13018999999997,1,-1,-1,-1
1156,599,1419.955,708.7216,307.9922999999999,167.76416000000006,1,-1,-1,-1
1157,591,729.2271,747.6359,98.49975600000005,71.50298999999995,1,-1,-1,-1
1157,599,1389.7659,713.96387,295.87634,157.93462999999997,1,-1,-1,-1
1158,591,723.8332,747.2393,93.57721000000004,71.76385500000004,1,-1,-1,-1
1158,599,1362.2876,713.4843,284.2463399999999,153.60474,1,-1,-1,-1
1159,591,705.8801,747.336,102.58154000000002,71.660034,1,-1,-1,-1
1159,599,1338.3834,712.54736,271.16283999999996,151.94457999999997,1,-1,-1,-1
1160,591,693.2914,747.1926,109.49328600000001,71.51764000000003,1,-1,-1,-1
1160,599,1313.6937,708.1878,258.09814000000006,151.21483999999998,1,-1,-1,-1
1161,591,688.23584,741.97485,106.93066399999998,74.40314000000001,1,-1,-1,-1
1161,599,1292.1809,714.8463,245.3294699999999,142.62439000000006,1,-1,-1,-1
1162,591,691.1763,746.7194,98.78308000000004,69.62903000000006,1,-1,-1,-1
1162,599,1275.9362,714.38574,231.24097000000006,139.87163999999996,1,-1,-1,-1
1163,591,684.6125,747.4464,97.92950399999995,69.25391000000002,1,-1,-1,-1
1163,599,1261.2465,715.047,216.43335000000002,135.84728999999993,1,-1,-1,-1
1164,591,679.5696,748.79517,97.03899999999999,67.10846000000004,1,-1,-1,-1
1164,599,1245.8657,717.093,207.8673100000001,129.45398,1,-1,-1,-1
1165,591,676.57947,755.5283,92.53490999999997,61.13189699999998,1,-1,-1,-1
1165,599,1230.42,715.33435,203.59204,127.12194999999997,1,-1,-1,-1
1166,591,671.4291,753.42255,89.34576400000003,63.712402,1,-1,-1,-1
1166,599,1219.5386,712.95703,193.42345999999998,124.41345000000001,1,-1,-1,-1
1167,591,667.47455,752.32745,86.64666999999997,67.99450999999999,1,-1,-1,-1
1167,599,1216.977,711.05695,177.80115,123.11748999999998,1,-1,-1,-1
1168,591,662.79675,753.678,81.62780999999995,68.13354500000003,1,-1,-1,-1
1168,599,1212.1997,709.9899,168.31860000000006,119.52466000000004,1,-1,-1,-1
1169,591,658.71405,754.07,80.35455000000002,66.99921000000006,1,-1,-1,-1
1169,599,1205.15,707.1199,161.1811499999999,118.21538999999996,1,-1,-1,-1
1170,591,653.51843,758.4506,83.70929000000001,63.90734999999995,1,-1,-1,-1
1170,599,1202.4546,705.0725,152.24462999999992,115.26977499999998,1,-1,-1,-1
1171,599,1201.1466,703.53217,144.82580000000007,112.87401999999997,1,-1,-1,-1
1172,599,1205.0914,701.1544,132.18859999999995,111.70099000000005,1,-1,-1,-1
1173,599,1207.6025,697.5146,125.30078000000003,110.58429000000001,1,-1,-1,-1
1174,599,1206.4423,691.5332,122.74719000000005,109.99383499999999,1,-1,-1,-1
1175,599,1208.6727,688.7549,122.4129640000001,106.75518999999997,1,-1,-1,-1
1176,599,1213.7552,685.2911,118.51281999999992,103.67169000000001,1,-1,-1,-1
1177,599,1217.8442,681.9415,117.96435500000007,100.43457000000001,1,-1,-1,-1
1178,599,1222.7117,674.7175,119.87488000000008,100.75165000000004,1,-1,-1,-1
1179,599,1226.6125,670.1662,121.31945999999994,99.57818599999996,1,-1,-1,-1
1180,599,1233.3002,665.15247,122.60717999999997,98.06206999999995,1,-1,-1,-1
1181,599,1241.5433,658.3242,119.22449000000006,96.41674999999998,1,-1,-1,-1
1182,599,1252.0981,653.03796,122.55504999999994,92.16888400000005,1,-1,-1,-1
1183,599,1260.3005,646.1693,132.77172999999993,89.93322999999998,1,-1,-1,-1
1184,599,1272.1248,639.5588,123.16919000000007,89.57268999999997,1,-1,-1,-1
1185,599,1282.7755,633.6866,118.55810500000007,88.29656999999997,1,-1,-1,-1
1186,599,1294.4227,629.48584,115.55420000000004,83.97790499999996,1,-1,-1,-1
1187,599,1308.0713,623.23047,113.8762200000001,82.27325399999995,1,-1,-1,-1
1211,624,2465.2683,745.5899,94.73169000000007,234.98450000000003,1,-1,-1,-1
1212,624,2351.9377,714.1899,208.06226000000015,266.1659000000001,1,-1,-1,-1
1213,624,2250.0,662.79565,310.0,297.8792000000001,1,-1,-1,-1
1214,624,2156.4773,648.1749,403.5227,303.35333,1,-1,-1,-1
1215,624,2061.803,634.76086,498.19702000000007,338.01824999999997,1,-1,-1,-1
1216,624,1990.4723,605.091,569.5277000000001,356.99487,1,-1,-1,-1
1217,624,1916.7555,618.48096,625.3133500000001,328.40417,1,-1,-1,-1
1218,624,1851.7552,628.3601,579.3109,309.23205999999993,1,-1,-1,-1
1219,624,1792.909,637.7759,530.6297600000003,294.77650000000006,1,-1,-1,-1
1220,624,1733.801,643.04974,494.80369999999994,282.2713,1,-1,-1,-1
1221,624,1686.9955,644.9036,458.13367000000017,268.1997,1,-1,-1,-1
1222,624,1634.2661,652.0509,432.9948700000002,252.16057999999998,1,-1,-1,-1
1223,624,1590.0669,654.3141,404.27549999999997,239.60846000000004,1,-1,-1,-1
1224,624,1544.2101,657.87415,386.3678,232.32910000000004,1,-1,-1,-1
1225,624,1504.5477,665.07416,368.6223,217.86566000000005,1,-1,-1,-1
1226,624,1478.0847,668.21735,337.00073,209.14306999999997,1,-1,-1,-1
1227,624,1438.8022,669.52625,315.14417000000003,204.00488000000007,1,-1,-1,-1
1228,624,1408.2612,673.4486,298.6872599999999,194.31579999999997,1,-1,-1,-1
1229,624,1371.5801,675.1624,286.8703600000001,187.86798,1,-1,-1,-1
1230,624,1346.781,677.93243,269.05017,180.60015999999996,1,-1,-1,-1
1231,624,1321.1384,676.4791,254.2373,178.14684999999997,1,-1,-1,-1
1232,624,1296.2124,680.4715,246.45972000000006,171.08087,1,-1,-1,-1
1232,645,513.8119,773.2739,97.76135,79.70269999999994,1,-1,-1,-1
1233,624,1274.2524,680.6871,232.41039999999998,168.91187000000002,1,-1,-1,-1
1233,645,514.8533,773.01166,101.85955999999999,81.92663600000003,1,-1,-1,-1
1234,624,1245.8221,683.4536,224.68567000000007,163.03229,1,-1,-1,-1
1234,645,517.1546,772.7346,103.10754399999996,82.03710999999998,1,-1,-1,-1
1235,624,1223.2426,686.01013,216.38830000000007,159.40215999999998,1,-1,-1,-1
1235,645,518.7918,774.80005,104.77544999999998,76.98870999999997,1,-1,-1,-1
1236,624,1200.8206,687.15594,210.26233000000002,156.81506000000002,1,-1,-1,-1
1236,645,528.41425,775.46936,97.99682600000006,78.79449499999998,1,-1,-1,-1
1237,624,1179.9434,693.24255,205.11009999999987,145.92742999999996,1,-1,-1,-1
1237,645,534.0729,778.0805,100.42827999999997,77.53357000000005,1,-1,-1,-1
1238,624,1160.4426,692.4477,197.11401,144.20776,1,-1,-1,-1
1238,645,540.1467,784.4558,103.05389400000001,72.61188000000004,1,-1,-1,-1
1239,624,1144.4805,695.23035,185.73217999999997,137.55669999999998,1,-1,-1,-1
1239,645,555.62665,788.6771,95.06872599999997,67.20537999999999,1,-1,-1,-1
1240,624,1123.874,695.3879,184.0980199999999,138.44353999999998,1,-1,-1,-1
1240,645,566.24133,789.4969,91.94806000000005,66.96478000000002,1,-1,-1,-1
1241,624,1104.9299,700.34656,176.45288000000005,130.3736,1,-1,-1,-1
1241,645,576.3354,791.0923,91.48736599999995,68.01824999999997,1,-1,-1,-1
1242,624,1086.7123,705.8184,174.31799999999998,124.85980000000006,1,-1,-1,-1
1242,645,583.8117,791.8027,87.43573000000004,66.50506599999994,1,-1,-1,-1
1243,624,1070.8547,710.2079,165.94678,118.30035399999997,1,-1,-1,-1
1243,645,590.3636,792.8285,88.29199000000006,64.60326999999995,1,-1,-1,-1
1244,624,1055.0312,710.83075,160.78747999999996,115.203125,1,-1,-1,-1
1244,645,596.5977,791.3204,87.69348000000002,67.02814000000001,1,-1,-1,-1
1245,624,1038.7903,715.7034,155.87805000000003,110.67303500000003,1,-1,-1,-1
1245,645,601.32324,790.70807,89.83954000000006,67.96973000000003,1,-1,-1,-1
1246,624,1024.8926,717.61584,150.0537099999999,105.76360999999997,1,-1,-1,-1
1246,645,606.1477,790.3961,90.88427999999999,68.41711399999997,1,-1,-1,-1
1247,624,1009.23517,717.2611,147.29938000000004,104.55602999999996,1,-1,-1,-1
1247,645,610.6901,790.913,95.88744999999994,70.05309999999997,1,-1,-1,-1
1248,624,993.17993,717.83514,145.6639399999999,101.45447000000001,1,-1,-1,-1
1248,645,616.7212,793.228,93.75922000000003,67.84307999999999,1,-1,-1,-1
1249,624,978.67737,718.3218,141.58460000000002,100.82458499999996,1,-1,-1,-1
1249,645,621.4193,790.37836,91.92962999999997,70.89788999999996,1,-1,-1,-1
1250,624,966.35333,718.79565,137.68548999999996,100.79180999999994,1,-1,-1,-1
1250,645,627.8385,793.342,89.48950000000002,68.99939000000006,1,-1,-1,-1
1251,624,952.4923,720.92645,134.03650000000005,96.68774399999995,1,-1,-1,-1
1251,645,632.8881,793.3932,90.57916,68.85613999999998,1,-1,-1,-1
1252,624,940.75665,725.2488,129.11419999999998,94.24292000000003,1,-1,-1,-1
1252,645,638.5711,793.9507,85.28967,68.03026999999997,1,-1,-1,-1
1253,624,928.1621,725.8571,127.02111999999988,92.34759499999996,1,-1,-1,-1
1253,645,645.1482,797.3426,79.84478999999999,65.74236999999994,1,-1,-1,-1
1254,624,914.6487,726.9907,124.56238000000008,90.11730999999997,1,-1,-1,-1
1254,645,655.89307,793.36053,101.64404000000002,72.40283,1,-1,-1,-1
1255,624,902.26056,728.16797,121.44946000000004,89.74121000000002,1,-1,-1,-1
1255,645,662.1378,793.02325,105.29651000000001,71.85174600000005,1,-1,-1,-1
1256,624,891.89655,731.38586,119.48717999999997,86.29339600000003,1,-1,-1,-1
1256,645,667.93396,792.78235,109.51471000000004,71.17236000000003,1,-1,-1,-1
1257,624,884.2447,734.10876,110.29944,83.81084999999996,1,-1,-1,-1
1257,645,676.2089,790.90967,110.93402000000003,74.40777600000001,1,-1,-1,-1
1258,624,867.94385,734.41425,115.47815000000003,84.56555000000003,1,-1,-1,-1
1258,645,681.85266,783.7972,115.09576400000003,83.83301000000006,1,-1,-1,-1
1259,624,855.715,736.131,110.80157499999996,83.66057999999998,1,-1,-1,-1
1259,645,686.8179,783.88104,118.76819,85.49048000000005,1,-1,-1,-1
1260,624,843.3068,737.63947,109.59551999999996,81.50201400000003,1,-1,-1,-1
1260,645,692.51624,785.2109,120.73339999999996,83.57543999999996,1,-1,-1,-1
1261,624,835.9916,740.03955,105.56799000000001,77.81586000000004,1,-1,-1,-1
1261,645,705.3157,786.7424,115.41998000000001,84.246216,1,-1,-1,-1
1262,624,826.11725,744.3682,101.39428999999996,74.58660999999995,1,-1,-1,-1
1262,645,715.89465,788.2858,118.67516999999998,86.65899999999999,1,-1,-1,-1
1263,624,813.23065,745.549,100.98803999999996,74.24254999999994,1,-1,-1,-1
1263,645,724.56506,787.4615,122.58318999999995,91.37067000000002,1,-1,-1,-1
1264,624,806.3306,748.21564,96.09784000000002,70.16821000000004,1,-1,-1,-1
1264,645,724.2584,785.14935,131.59387000000004,94.79925500000002,1,-1,-1,-1
1265,624,795.35614,748.85974,96.23095999999998,69.41876000000002,1,-1,-1,-1
1265,645,729.3677,790.4609,136.71234000000004,89.89026000000001,1,-1,-1,-1
1266,624,780.59314,748.13446,99.09198000000004,69.41985999999997,1,-1,-1,-1
1266,645,744.43994,791.37354,133.19939999999997,92.37701400000003,1,-1,-1,-1
1267,624,767.4584,750.6381,102.05597,81.23657000000003,1,-1,-1,-1
1267,645,758.9804,786.80646,132.85393999999997,97.88306,1,-1,-1,-1
1268,624,760.0745,753.10913,100.11455999999998,85.51526000000001,1,-1,-1,-1
1268,645,763.35236,787.0753,138.93657999999994,97.90265,1,-1,-1,-1
1269,624,754.7304,752.5449,94.10924999999997,69.98071000000004,1,-1,-1,-1
1269,645,771.6549,787.4922,145.71185000000003,99.89813000000004,1,-1,-1,-1
1270,624,742.2935,753.717,90.45019500000001,69.95013400000005,1,-1,-1,-1
1270,645,784.4781,787.55206,144.24774000000002,105.86188000000004,1,-1,-1,-1
1271,624,733.60187,755.9022,85.59546,67.01251000000002,1,-1,-1,-1
1271,645,794.95013,788.7937,145.81128,106.31866500000001,1,-1,-1,-1
1272,624,735.1572,757.2275,79.98388999999997,63.86883499999999,1,-1,-1,-1
1272,645,805.80457,789.02325,150.38599,114.04407000000003,1,-1,-1,-1
1273,624,722.64526,757.30316,81.32721000000004,64.36095999999998,1,-1,-1,-1
1273,645,815.40015,788.68964,155.55602999999996,116.71203600000001,1,-1,-1,-1
1274,624,713.3091,757.2738,81.48913600000003,62.615294999999946,1,-1,-1,-1
1274,645,827.83746,789.1275,159.8515,119.324524,1,-1,-1,-1
1275,624,708.2178,757.57544,77.96014400000001,61.39105200000006,1,-1,-1,-1
1275,645,836.5455,787.0581,167.13519999999994,124.72735599999999,1,-1,-1,-1
1276,624,684.53455,752.04767,93.6875,65.30389400000001,1,-1,-1,-1
1276,645,848.9117,786.33527,172.60570999999993,129.95434999999998,1,-1,-1,-1
1277,624,681.21423,759.38916,88.10491999999999,59.330017,1,-1,-1,-1
1277,645,860.15314,788.5184,178.79694000000006,132.53643999999997,1,-1,-1,-1
1278,624,675.09796,761.70184,84.26928999999996,59.87549000000001,1,-1,-1,-1
1278,645,872.7413,786.5078,182.81036000000006,138.38775999999996,1,-1,-1,-1
1279,624,669.95917,759.3532,78.27611999999999,64.11487,1,-1,-1,-1
1279,645,884.3562,785.8805,189.69092,143.75158999999996,1,-1,-1,-1
1280,645,897.54016,785.9604,194.16112999999996,147.53790000000004,1,-1,-1,-1
1281,645,908.5513,786.9356,203.81604000000004,153.79645000000005,1,-1,-1,-1
1282,645,921.58997,786.3686,211.04162999999994,159.11365,1,-1,-1,-1
1283,645,937.3486,788.8421,216.57672000000002,165.41796999999997,1,-1,-1,-1
1284,645,951.0886,789.3895,229.14330999999993,174.65392999999995,1,-1,-1,-1
1285,645,968.4987,789.9424,242.3604099999999,179.72607000000005,1,-1,-1,-1
1286,645,985.63196,792.02686,249.27672999999993,187.29181000000005,1,-1,-1,-1
1287,645,1004.0047,793.9775,258.28972999999996,193.98077,1,-1,-1,-1
1288,645,1026.6025,797.84686,270.07410000000004,204.59473000000003,1,-1,-1,-1
1289,645,1044.2018,801.4714,287.26073999999994,213.23291000000006,1,-1,-1,-1
1290,645,1063.7346,802.80707,307.24743999999987,224.77312999999992,1,-1,-1,-1
1291,645,1088.1316,802.13446,327.0053700000001,240.33185000000003,1,-1,-1,-1
1292,645,1114.6909,804.025,342.64879999999994,261.40514999999994,1,-1,-1,-1
1293,645,1141.8602,804.9132,374.0018299999999,279.7419399999999,1,-1,-1,-1
1294,645,1167.2239,809.8776,407.3040799999999,297.3487,1,-1,-1,-1
1295,645,1201.2185,813.3678,448.40698,316.97753999999986,1,-1,-1,-1
1296,645,1236.8838,822.3185,492.78063999999995,341.43323,1,-1,-1,-1
1297,645,1281.3027,825.0819,551.3390000000002,369.0543200000001,1,-1,-1,-1
1298,645,1331.4895,833.03186,610.9977999999999,397.3720699999999,1,-1,-1,-1
1299,645,1390.1198,826.91974,689.7543000000001,454.7713000000001,1,-1,-1,-1
1300,645,1452.8987,843.4612,785.7949000000001,488.0099,1,-1,-1,-1
1301,645,1529.5875,847.8768,902.8013999999998,551.366,1,-1,-1,-1
1302,645,1615.7506,855.15826,944.2493999999999,622.86163,1,-1,-1,-1
1303,645,1733.1895,866.85986,826.8105500000001,718.8008,1,-1,-1,-1
1304,645,1863.499,868.3086,696.501,691.8014999999999,1,-1,-1,-1
1305,645,2032.1793,893.6029,527.8207,639.26013,1,-1,-1,-1
1306,645,2244.818,917.70123,315.18190000000004,678.46844,1,-1,-1,-1
1307,645,2512.0479,1211.7637,47.952150000000074,279.24207,1,-1,-1,-1
1462,756,2414.4277,838.81665,145.57227000000012,255.0894800000001,1,-1,-1,-1
1463,756,2262.6667,812.1188,297.33325000000013,272.34277,1,-1,-1,-1
1464,756,2121.6135,749.92175,438.3864699999999,331.9033199999999,1,-1,-1,-1
1465,756,1991.5579,752.95874,568.4421399999999,321.1172999999999,1,-1,-1,-1
1466,756,1858.8452,747.75543,701.1548,334.1916,1,-1,-1,-1
1467,756,1748.8473,753.72107,798.4195599999998,330.0595699999999,1,-1,-1,-1
1468,756,1642.4817,774.76294,744.4902300000001,308.4035600000001,1,-1,-1,-1
1469,756,1538.8372,788.01825,701.0635000000002,297.30634,1,-1,-1,-1
1470,756,1451.577,810.3515,654.0040000000001,279.75836000000004,1,-1,-1,-1
1471,756,1354.0535,825.55493,618.5271,276.34484999999995,1,-1,-1,-1
1472,756,1100.7833,873.95056,544.2112999999999,262.92809999999986,1,-1,-1,-1
1473,756,1020.6168,889.64404,526.9426000000001,262.4653300000001,1,-1,-1,-1
1474,756,939.5858,914.9605,514.7066699999999,250.8607800000001,1,-1,-1,-1
1475,756,864.9387,935.8493,497.07409999999993,247.78960999999993,1,-1,-1,-1
1476,756,791.9637,952.4416,481.5360699999999,243.5107999999999,1,-1,-1,-1
1477,756,717.16394,977.2927,466.84338000000014,244.10485999999992,1,-1,-1,-1
1478,756,635.1143,997.19073,471.99664000000007,235.7459100000001,1,-1,-1,-1
1479,756,553.95386,1018.9912,469.9048,239.13782000000003,1,-1,-1,-1
1480,756,479.66898,1032.3312,459.0823,241.90185999999994,1,-1,-1,-1
1481,756,413.1945,1057.1187,447.54172,231.8497299999999,1,-1,-1,-1
1482,756,387.77847,1073.034,393.4048199999999,208.70056,1,-1,-1,-1
1483,756,302.44296,1095.706,395.55056999999994,197.78820999999994,1,-1,-1,-1
1484,756,225.36914,1114.6171,388.40863,203.39795000000004,1,-1,-1,-1
1484,759,175.98843,1173.9652,213.37365999999997,173.76415999999995,1,-1,-1,-1
1485,756,158.20262,1138.2902,382.2741,148.30468999999994,1,-1,-1,-1
1485,759,104.113754,1150.197,384.59630000000004,211.59753,1,-1,-1,-1
1486,756,239.65364,1162.1921,214.76152000000002,96.41174000000001,1,-1,-1,-1
1486,759,19.19684,1184.1519,377.77087,197.9476299999999,1,-1,-1,-1
1487,759,1.9969468,1174.1432,364.16522,204.16638000000012,1,-1,-1,-1
1488,759,4.7198997,1192.8187,305.83136,192.4544699999999,1,-1,-1,-1
1489,759,5.3991003,1212.7678,232.8328,174.9033199999999,1,-1,-1,-1
1490,759,0.0,1227.9818,155.51714,159.91101000000003,1,-1,-1,-1
1491,759,0.0,1226.9099,82.5436,150.42382999999995,1,-1,-1,-1
1618,772,513.365,773.2411,98.97217,73.83734000000004,1,-1,-1,-1
1619,772,513.76996,772.3923,102.58074999999997,76.10699499999998,1,-1,-1,-1
1620,772,517.32587,772.87006,101.69482400000004,77.296875,1,-1,-1,-1
1621,772,527.6749,775.4764,97.03845000000001,74.38885500000004,1,-1,-1,-1
1622,772,528.00037,775.92456,103.17627000000005,75.32079999999996,1,-1,-1,-1
1623,772,538.82025,783.7289,102.12427000000002,69.06737999999996,1,-1,-1,-1
1624,772,554.2928,788.99066,98.21527000000003,64.60754399999996,1,-1,-1,-1
1625,772,565.775,791.6474,95.87115500000004,62.58984399999997,1,-1,-1,-1
1626,772,572.8411,794.43475,94.71393,60.42273,1,-1,-1,-1
1627,772,598.3793,795.1215,84.12665000000004,59.701476999999954,1,-1,-1,-1
1628,772,605.0593,793.01776,82.18762000000004,62.10437000000002,1,-1,-1,-1
1629,772,611.4884,793.51044,87.59313999999995,62.36779799999999,1,-1,-1,-1
1630,772,619.2371,793.08417,88.63855000000001,63.13244599999996,1,-1,-1,-1
1631,772,627.6013,793.4594,84.61401000000001,63.66327000000001,1,-1,-1,-1
1632,772,635.477,792.4685,79.54791,64.41778599999998,1,-1,-1,-1
1633,772,644.40674,790.7973,83.19219999999996,65.97644000000003,1,-1,-1,-1
1634,772,654.7474,791.5751,79.68591000000004,66.09038999999996,1,-1,-1,-1
1635,772,662.93024,787.72833,96.98907499999996,68.88708499999996,1,-1,-1,-1
1636,772,673.7019,783.45416,95.90161,72.89795000000004,1,-1,-1,-1
1637,772,681.12274,786.4234,103.73157000000003,69.29150400000003,1,-1,-1,-1
1638,772,691.6604,786.1407,103.464294,65.79003999999998,1,-1,-1,-1
1639,772,700.74414,784.0947,104.94976999999994,69.18792999999994,1,-1,-1,-1
1640,772,704.9362,783.6798,109.82781999999997,75.56439,1,-1,-1,-1
1641,772,712.3372,784.68005,117.33765000000005,76.05633499999999,1,-1,-1,-1
1642,772,732.9925,787.02106,111.27325399999995,75.61010999999996,1,-1,-1,-1
1643,772,747.4947,786.8493,110.65893600000004,81.36310000000003,1,-1,-1,-1
1644,772,759.8822,787.71655,112.58947999999998,83.13135,1,-1,-1,-1
1645,772,769.27295,785.63336,117.47729500000003,86.84082000000001,1,-1,-1,-1
1646,772,778.1825,785.6797,120.95636000000002,90.36413600000003,1,-1,-1,-1
1647,772,787.6041,785.36884,124.38849000000005,92.16473399999995,1,-1,-1,-1
1648,772,800.2124,787.7409,126.0213,95.21264999999994,1,-1,-1,-1
1649,772,810.2684,789.72784,127.99103000000002,95.28796399999999,1,-1,-1,-1
1650,772,818.176,789.3035,134.21613000000002,101.15728999999999,1,-1,-1,-1
1651,772,832.03625,792.9162,135.32349,101.47118999999998,1,-1,-1,-1
1652,772,841.94867,793.32916,137.38257,103.07799999999997,1,-1,-1,-1
1653,772,852.1002,789.58453,148.17230000000006,118.76171999999997,1,-1,-1,-1
1654,772,866.8129,794.8501,153.18999999999994,117.992615,1,-1,-1,-1
1655,772,879.9058,794.95245,160.06256000000008,124.12450999999999,1,-1,-1,-1
1656,772,891.3887,793.32947,170.65442000000007,132.82086000000004,1,-1,-1,-1
1657,772,908.5278,798.72925,176.3579699999999,131.89757999999995,1,-1,-1,-1
1658,772,925.0811,800.9117,182.9390299999999,137.14013999999997,1,-1,-1,-1
1659,772,940.95746,800.2507,192.82794,144.2735,1,-1,-1,-1
1660,772,957.24274,801.53076,206.46320000000003,154.08483999999999,1,-1,-1,-1
1661,772,979.7681,804.202,223.12627999999995,159.92156999999997,1,-1,-1,-1
1662,772,998.72687,807.14264,234.94256999999993,169.66039999999998,1,-1,-1,-1
1663,772,1024.7294,806.1847,248.96753000000012,185.03265,1,-1,-1,-1
1664,772,1054.9518,809.91705,267.3016399999999,192.04920000000004,1,-1,-1,-1
1665,772,1082.0796,811.6944,296.00659999999993,205.34827000000007,1,-1,-1,-1
1666,772,1120.5841,811.0751,316.0163600000001,219.52258000000006,1,-1,-1,-1
1667,772,1148.9424,819.434,359.5957000000001,238.59723000000008,1,-1,-1,-1
1668,772,1197.679,825.9691,388.05212000000006,254.23876999999993,1,-1,-1,-1
1669,772,1248.3536,820.9726,427.0623800000001,287.28340000000003,1,-1,-1,-1
1670,772,1303.9314,827.8697,491.31566999999995,315.66167999999993,1,-1,-1,-1
1671,772,1377.0977,832.38605,551.41284,347.58270000000005,1,-1,-1,-1
1672,772,1456.5892,837.7373,638.6570999999999,384.9453000000001,1,-1,-1,-1
1673,772,1561.0741,845.2319,747.67615,440.2510399999999,1,-1,-1,-1
1674,772,1676.3973,850.1776,883.2462,511.65076,1,-1,-1,-1
1675,772,1821.3354,856.4777,738.66455,596.6330999999999,1,-1,-1,-1
1676,772,2016.3735,906.6513,543.6264600000002,464.08709999999996,1,-1,-1,-1
1677,772,2270.627,927.0125,289.37305000000015,530.71686,1,-1,-1,-1
1770,781,514.06836,773.2619,98.76422000000002,73.91028000000006,1,-1,-1,-1
1771,781,518.4489,774.4758,96.99188000000004,73.58612000000005,1,-1,-1,-1
1772,781,520.2816,774.76874,99.44830000000002,75.52599999999995,1,-1,-1,-1
1773,781,526.19293,775.5616,97.84888000000001,74.72021500000005,1,-1,-1,-1
1774,781,534.11786,778.8736,96.72051999999996,74.93859999999995,1,-1,-1,-1
1775,781,545.0944,785.65955,95.26782000000003,68.98590000000002,1,-1,-1,-1
1776,781,545.89954,787.1661,101.0589,68.77319,1,-1,-1,-1
1777,781,556.1841,788.6274,97.67584,68.23302999999999,1,-1,-1,-1
1778,781,581.7542,791.94604,83.77972399999999,65.01489000000004,1,-1,-1,-1
1779,781,593.229,793.7952,81.38971000000004,63.68335000000002,1,-1,-1,-1
1780,781,600.36005,792.77795,81.15026999999998,65.73865,1,-1,-1,-1
1781,781,605.5713,792.3532,84.93091000000004,66.14148,1,-1,-1,-1
1782,781,613.0587,793.235,84.33678999999995,66.17193599999996,1,-1,-1,-1
1783,781,620.2476,791.1351,86.05877999999996,68.65819999999997,1,-1,-1,-1
1784,781,625.603,790.74896,86.57757600000002,70.10364000000004,1,-1,-1,-1
1785,781,632.17145,790.293,87.64044000000001,71.01623499999994,1,-1,-1,-1
1786,781,641.3506,790.8099,84.92535399999997,70.54962,1,-1,-1,-1
1787,781,648.4093,793.2903,78.19928000000004,70.44214,1,-1,-1,-1
1788,781,659.24963,793.52203,84.03308000000004,71.02893000000006,1,-1,-1,-1
1789,781,664.9958,784.3944,98.64642000000003,77.33118000000002,1,-1,-1,-1
1790,781,674.6669,786.3171,97.55902000000003,77.57592999999997,1,-1,-1,-1
1791,781,681.98914,783.67725,102.34258999999997,80.40893600000004,1,-1,-1,-1
1792,781,688.9773,782.542,104.81664999999998,80.95782499999996,1,-1,-1,-1
1793,781,696.55133,785.3323,106.19537000000003,79.16424600000005,1,-1,-1,-1
1794,781,701.32446,785.0016,112.63183600000002,82.22900400000003,1,-1,-1,-1
1795,781,705.0323,783.8739,120.88098000000002,89.04607999999996,1,-1,-1,-1
1796,781,712.07263,783.3412,126.93487500000003,93.90161,1,-1,-1,-1
1797,781,726.8958,785.8104,125.00043000000005,96.07543999999996,1,-1,-1,-1
1798,781,742.99634,786.4161,121.22967500000004,99.34393,1,-1,-1,-1
1799,781,756.4607,786.47656,122.06488000000002,100.79967999999997,1,-1,-1,-1
1800,781,768.09,789.76746,124.83672999999999,101.28912000000003,1,-1,-1,-1
1801,781,777.98895,789.1943,127.39324999999997,105.35876500000006,1,-1,-1,-1
1802,781,787.3463,789.2242,133.20934999999997,108.04363999999998,1,-1,-1,-1
1803,781,800.3651,791.76404,135.02972,110.22478999999998,1,-1,-1,-1
1804,781,812.5744,794.9518,139.90704000000005,116.06188999999995,1,-1,-1,-1
1805,781,824.23956,793.81506,144.85504000000003,123.04229999999995,1,-1,-1,-1
1806,781,836.86035,793.7574,153.21490000000006,129.07312000000002,1,-1,-1,-1
1807,781,849.9899,795.8123,160.49805000000003,131.82916,1,-1,-1,-1
1808,781,862.83453,795.77374,170.20952999999997,137.24401999999998,1,-1,-1,-1
1809,781,876.3472,794.5823,177.45305999999994,146.11406999999997,1,-1,-1,-1
1810,781,891.4396,795.5886,183.8592500000001,149.84558000000004,1,-1,-1,-1
1811,781,906.10095,797.59076,191.52147999999988,154.34618999999998,1,-1,-1,-1
1812,781,923.13556,800.1227,203.92377,164.74805000000003,1,-1,-1,-1
1813,781,938.9346,799.60333,217.0304000000001,173.89423,1,-1,-1,-1
1814,781,960.76953,802.9352,226.44896999999992,182.57477000000006,1,-1,-1,-1
1815,781,983.28326,805.68695,242.1096799999999,192.84520999999995,1,-1,-1,-1
1816,781,1006.26086,806.3909,259.3036000000001,207.09906,1,-1,-1,-1
1817,781,1032.158,809.6539,283.59985000000006,221.18048,1,-1,-1,-1
1818,781,1070.5018,816.2579,296.19507,230.0492599999999,1,-1,-1,-1
1819,781,1102.9235,813.951,325.79369999999994,258.22810000000004,1,-1,-1,-1
1820,781,1138.9634,815.6038,359.86474999999996,279.75419999999997,1,-1,-1,-1
1821,781,1185.2458,820.2749,395.54675,301.0632300000001,1,-1,-1,-1
1822,781,1232.5144,824.9573,449.59313999999995,332.6087600000001,1,-1,-1,-1
1823,781,1280.8936,831.7468,528.5661600000001,368.10912999999994,1,-1,-1,-1
1824,781,1360.8862,842.3202,594.0434599999999,401.5655499999999,1,-1,-1,-1
1825,781,1453.8634,845.5307,684.6636999999998,457.63213999999994,1,-1,-1,-1
1826,781,1548.9034,844.9789,833.2135000000001,542.1256,1,-1,-1,-1
1827,781,1682.8536,862.0983,877.1463600000002,633.7488399999999,1,-1,-1,-1
1828,781,1854.3386,870.9305,705.6614,614.3937399999999,1,-1,-1,-1
1829,781,2067.5278,896.24695,492.47217,608.03406,1,-1,-1,-1
1830,781,2384.96,996.66437,175.04003999999986,436.6249399999999,1,-1,-1,-1
2124,856,2506.8267,759.20245,53.173339999999826,175.74463000000003,1,-1,-1,-1
2125,856,2372.4602,709.20044,187.5398,265.0816699999999,1,-1,-1,-1
2126,856,2262.1794,652.00446,297.8205600000001,307.3977699999999,1,-1,-1,-1
2127,856,2161.2136,624.9762,398.78638,326.06018000000006,1,-1,-1,-1
2128,856,2056.0547,642.0532,503.94529999999986,315.37396,1,-1,-1,-1
2129,856,1989.7107,591.12335,570.2892999999999,354.14342999999997,1,-1,-1,-1
2130,856,1918.5011,606.5361,633.4285999999997,332.59583,1,-1,-1,-1
2131,856,1849.8904,613.8776,591.2194999999999,319.61066000000005,1,-1,-1,-1
2132,856,1791.1979,627.305,541.4676499999998,297.57452,1,-1,-1,-1
2133,856,1738.7491,631.7189,498.4441999999999,284.53436,1,-1,-1,-1
2134,856,1683.3564,638.57837,468.7373,262.15563999999995,1,-1,-1,-1
2135,856,1635.2572,642.28033,442.59142999999995,250.02685999999994,1,-1,-1,-1
2136,856,1595.7112,647.97437,408.62339999999995,233.94641000000001,1,-1,-1,-1
2137,856,1551.9373,650.9613,385.20679999999993,228.13184,1,-1,-1,-1
2138,856,1514.9698,656.4572,367.9568999999999,213.88653999999997,1,-1,-1,-1
2139,856,1482.2697,660.4356,338.0404000000001,201.15832999999998,1,-1,-1,-1
2140,856,1447.6626,661.1837,322.06006,194.09369000000004,1,-1,-1,-1
2141,856,1414.8373,664.58093,308.38159999999993,188.45734000000004,1,-1,-1,-1
2142,856,1386.4073,667.1237,292.64635999999996,181.89447000000007,1,-1,-1,-1
2143,856,1358.275,670.27136,278.807,176.37787000000003,1,-1,-1,-1
2144,856,1335.4017,672.1521,266.3932,171.92737,1,-1,-1,-1
2145,856,1311.0059,670.80896,254.3381300000001,170.45770000000005,1,-1,-1,-1
2146,856,1291.8765,671.5385,237.13452000000007,168.18926999999996,1,-1,-1,-1
2147,856,1270.3195,673.18115,226.97191999999995,163.36712999999997,1,-1,-1,-1
2148,856,1242.8789,675.7894,222.93628000000012,161.55487000000005,1,-1,-1,-1
2149,856,1222.7666,677.06067,216.50574000000006,154.32690000000002,1,-1,-1,-1
2150,856,1202.6266,677.7676,208.93822999999998,154.15972999999997,1,-1,-1,-1
2151,856,1184.432,682.0648,201.14136000000008,150.76526,1,-1,-1,-1
2152,856,1168.1807,683.84607,195.21118,144.39495999999997,1,-1,-1,-1
2153,856,1152.9569,688.5228,187.11194,137.12311,1,-1,-1,-1
2154,856,1135.0664,689.9332,180.9860799999999,134.01531999999997,1,-1,-1,-1
2155,856,1122.3369,690.1489,172.74890000000005,130.69232,1,-1,-1,-1
2156,856,1103.6115,690.4132,172.52172999999993,129.20623999999998,1,-1,-1,-1
2157,856,1089.5353,690.06384,167.44592000000011,128.41742,1,-1,-1,-1
2158,856,1074.9185,696.3672,163.08593999999994,121.05908,1,-1,-1,-1
2159,856,1064.5497,704.25256,154.43396000000007,110.68200999999999,1,-1,-1,-1
2160,856,1048.4156,705.4008,151.12585000000013,109.418274,1,-1,-1,-1
2161,856,1031.7788,704.60803,150.84142999999995,108.97046,1,-1,-1,-1
2162,856,1019.79004,705.9839,146.82201999999995,106.80762000000004,1,-1,-1,-1
2163,856,1006.5691,707.32025,143.62731999999994,105.94263000000001,1,-1,-1,-1
2164,856,990.4077,705.6623,143.04296999999997,106.12145999999996,1,-1,-1,-1
2165,856,980.9722,708.2072,138.4846799999999,102.92376999999999,1,-1,-1,-1
2166,856,969.9762,709.93896,135.20898,101.77692000000002,1,-1,-1,-1
2167,856,960.67584,714.79376,131.82939999999996,96.41791,1,-1,-1,-1
2168,856,945.1882,713.7638,132.41643999999997,96.73932000000002,1,-1,-1,-1
2169,856,934.1211,718.01904,131.46703999999988,93.75774999999999,1,-1,-1,-1
2170,856,923.8422,718.9132,126.27532999999994,91.90356399999996,1,-1,-1,-1
2171,856,915.4706,722.0269,121.62891000000002,88.15594499999997,1,-1,-1,-1
2172,856,901.87274,726.0276,123.37067000000002,85.59698500000002,1,-1,-1,-1
2173,856,896.5605,724.58954,116.05053999999996,87.51446499999997,1,-1,-1,-1
2174,856,880.9373,728.3774,122.26800500000002,82.99969499999997,1,-1,-1,-1
2175,856,870.18005,730.3069,122.30364999999995,83.99456999999995,1,-1,-1,-1
2176,856,858.9436,730.58777,121.44079599999998,83.06512499999997,1,-1,-1,-1
2177,856,848.75867,732.42255,113.99145499999997,81.48168999999996,1,-1,-1,-1
2178,856,841.63104,732.3478,110.55249000000003,81.99200399999995,1,-1,-1,-1
2179,856,836.078,733.89355,104.18871999999999,80.90301499999998,1,-1,-1,-1
2180,856,820.9737,738.67395,109.51764000000003,76.21698000000004,1,-1,-1,-1
2181,856,814.8001,738.9324,102.15192000000002,76.87487999999996,1,-1,-1,-1
2182,856,802.94653,741.05566,101.88183600000002,74.93457000000001,1,-1,-1,-1
2183,856,793.2691,742.0307,102.46149000000003,75.04162599999995,1,-1,-1,-1
2184,856,779.26556,742.81995,107.89770499999997,74.29998999999998,1,-1,-1,-1
2185,856,772.7501,743.10376,102.03332499999999,74.10613999999998,1,-1,-1,-1
2186,856,768.9025,743.0518,95.75603999999998,73.46020499999997,1,-1,-1,-1
2187,856,760.4218,745.6542,94.37958000000003,71.25561500000003,1,-1,-1,-1
2188,856,751.3837,748.92786,94.26794400000006,69.17389000000003,1,-1,-1,-1
2189,856,745.5665,747.2841,90.79485999999997,70.43689000000006,1,-1,-1,-1
2190,856,737.67664,751.58307,88.61352499999998,67.28539999999998,1,-1,-1,-1
2191,856,731.6153,750.13794,85.39361599999995,67.29314999999997,1,-1,-1,-1
2192,856,730.14105,752.6112,81.05462999999997,65.03448500000002,1,-1,-1,-1
2193,856,722.187,753.1578,80.51635999999996,64.81775000000005,1,-1,-1,-1
2194,856,716.6541,754.0325,79.14666999999997,62.361023000000046,1,-1,-1,-1
2268,889,693.87964,805.0861,103.26306,71.67278999999996,1,-1,-1,-1
2269,889,691.1913,796.3348,113.96191399999998,80.598206,1,-1,-1,-1
2270,889,694.8458,802.78625,119.33722,80.32220500000005,1,-1,-1,-1
2271,889,701.43115,805.20844,124.63306,79.78448500000002,1,-1,-1,-1
2272,889,713.0768,805.19684,124.69890999999996,85.63476600000001,1,-1,-1,-1
2273,889,728.3237,805.259,124.36999500000002,90.24389999999994,1,-1,-1,-1
2274,889,755.46857,810.3693,111.12787000000003,86.96338000000003,1,-1,-1,-1
2275,889,765.4444,809.3411,115.46490500000004,91.60419000000002,1,-1,-1,-1
2276,889,773.913,810.3702,122.09595000000002,94.87427000000002,1,-1,-1,-1
2277,889,785.2663,811.2529,124.20867999999996,102.38849000000005,1,-1,-1,-1
2278,889,797.2497,814.9148,127.59002999999996,104.11626999999999,1,-1,-1,-1
2279,889,809.7923,816.65576,132.19586000000004,107.446594,1,-1,-1,-1
2280,889,820.3866,816.18115,135.30327999999997,113.81341599999996,1,-1,-1,-1
2281,889,833.28973,818.60645,139.26824999999997,114.48528999999996,1,-1,-1,-1
2282,889,845.59094,817.4441,144.3551,122.45782499999996,1,-1,-1,-1
2283,889,861.1765,823.68976,151.00922000000003,123.19244400000002,1,-1,-1,-1
2284,889,872.84576,827.2281,157.2151500000001,126.15478499999995,1,-1,-1,-1
2285,889,888.4764,827.0419,166.37616000000003,133.43353000000002,1,-1,-1,-1
2286,889,906.19196,832.5549,170.39299999999992,137.64276000000007,1,-1,-1,-1
2287,889,923.67145,837.94135,178.73883,143.71521000000007,1,-1,-1,-1
2288,889,942.8718,836.08606,190.67627000000005,157.08179000000007,1,-1,-1,-1
2289,889,957.69604,843.6593,204.09557999999993,163.68000000000006,1,-1,-1,-1
2290,889,978.079,850.11334,218.7752700000001,174.80182000000002,1,-1,-1,-1
2291,889,1002.9325,856.06335,233.0476,182.54076999999995,1,-1,-1,-1
2292,889,1032.5883,865.1533,254.13635,192.25182999999993,1,-1,-1,-1
2293,889,1063.4471,869.1736,268.72095000000013,208.14124000000004,1,-1,-1,-1
2294,889,1092.922,876.9129,297.4716800000001,224.19231999999988,1,-1,-1,-1
2295,889,1124.8335,879.6866,332.62598,239.72028,1,-1,-1,-1
2296,889,1176.2621,882.03015,362.26415999999995,274.94983,1,-1,-1,-1
2297,889,1225.3651,897.1411,413.11205999999993,299.42895999999996,1,-1,-1,-1
2298,889,1285.9601,902.7903,477.47680000000014,342.4744999999999,1,-1,-1,-1
2299,889,1362.3953,914.98376,551.1856700000001,376.92627000000005,1,-1,-1,-1
2300,889,1447.769,930.1092,644.53,423.37469999999996,1,-1,-1,-1
2301,889,1572.6224,937.24646,758.1314999999997,499.2397500000001,1,-1,-1,-1
2302,889,1703.8074,959.0562,856.1926000000001,595.8235500000001,1,-1,-1,-1
2303,889,1882.249,993.22296,677.751,654.9187600000001,1,-1,-1,-1
2304,889,2134.2197,1022.68274,425.78026999999975,556.7502400000001,1,-1,-1,-1
2305,889,2458.8857,1214.2742,101.11425999999983,394.88464,1,-1,-1,-1
2362,903,2437.8457,750.72534,122.15430000000015,222.77739999999994,1,-1,-1,-1
2363,903,2242.5103,690.772,317.4897500000002,272.53082000000006,1,-1,-1,-1
2364,903,2073.44,697.43146,486.56006000000025,260.13416000000007,1,-1,-1,-1
2364,904,566.54724,793.14453,84.1413,64.17345999999998,1,-1,-1,-1
2365,903,1939.751,675.6796,620.249,276.61542,1,-1,-1,-1
2365,904,571.45483,794.0893,84.67724599999997,64.12207000000001,1,-1,-1,-1
2366,903,1649.6969,686.71246,455.02257999999983,225.20087,1,-1,-1,-1
2366,904,594.3543,794.77545,82.11291500000004,65.49805000000003,1,-1,-1,-1
2367,903,1574.7661,692.80035,415.7993200000001,206.48248,1,-1,-1,-1
2367,904,599.10944,794.44855,82.79388400000005,66.459656,1,-1,-1,-1
2368,903,1519.9742,692.9712,353.75524999999993,193.72600999999997,1,-1,-1,-1
2368,904,602.4072,793.4959,84.70306400000004,66.80304000000001,1,-1,-1,-1
2369,903,1458.1676,697.1147,336.16687,179.75806,1,-1,-1,-1
2369,904,607.2661,795.2667,87.65875000000005,65.91870000000006,1,-1,-1,-1
2370,903,1411.0532,698.8181,304.14329999999995,175.05700000000002,1,-1,-1,-1
2370,904,612.7287,794.6245,88.78461000000004,67.62041999999997,1,-1,-1,-1
2371,903,1364.7499,702.59766,283.4548299999999,164.95050000000003,1,-1,-1,-1
2371,904,618.8717,793.68097,87.50042999999994,68.24865999999997,1,-1,-1,-1
2372,903,1330.3243,703.43945,261.44983,156.80859999999996,1,-1,-1,-1
2372,904,625.34436,793.2817,88.79229999999995,70.67523000000006,1,-1,-1,-1
2373,903,1295.4861,703.843,243.73595999999998,150.88916000000006,1,-1,-1,-1
2373,904,629.5143,792.8034,85.68384000000003,69.75,1,-1,-1,-1
2374,903,1263.3794,703.6988,229.1684600000001,145.12793,1,-1,-1,-1
2374,904,635.3562,793.2859,85.75183000000004,69.17755,1,-1,-1,-1
2375,903,1233.847,707.3972,218.29809999999998,135.70434999999998,1,-1,-1,-1
2375,904,642.02893,793.9235,81.07104500000003,68.96118000000001,1,-1,-1,-1
2376,903,1209.196,710.69147,207.18372,127.14801,1,-1,-1,-1
2376,904,648.54425,796.5081,75.80822999999998,67.36462400000005,1,-1,-1,-1
2377,903,1183.3694,710.1514,198.42163000000005,125.36645499999997,1,-1,-1,-1
2377,904,658.2688,796.21893,89.86455999999998,69.89661000000001,1,-1,-1,-1
2378,903,1161.2765,712.6332,190.39697,119.31329000000005,1,-1,-1,-1
2378,904,665.27655,791.5604,96.06567399999994,72.49676499999998,1,-1,-1,-1
2379,903,1140.8103,714.0226,179.75451999999996,112.75707999999997,1,-1,-1,-1
2379,904,671.7762,791.37787,99.26355000000001,73.11474599999997,1,-1,-1,-1
2380,903,1121.2211,715.1176,173.1156000000001,111.19263000000001,1,-1,-1,-1
2380,904,678.70184,791.1129,104.13085999999998,73.30286000000001,1,-1,-1,-1
2381,903,1103.3771,716.89636,166.62122,105.74785999999995,1,-1,-1,-1
2381,904,686.6622,789.6423,105.21978999999999,75.01775999999995,1,-1,-1,-1
2382,903,1087.4496,718.67346,156.66210999999998,101.69475999999997,1,-1,-1,-1
2382,904,695.24176,789.9352,103.96716000000004,74.43091000000004,1,-1,-1,-1
2383,903,1069.4956,721.3322,152.06128000000012,97.37158,1,-1,-1,-1
2383,904,699.2705,790.41425,108.54047000000003,75.24816999999996,1,-1,-1,-1
2384,903,1053.9398,722.449,146.97839999999997,94.15692000000001,1,-1,-1,-1
2384,904,704.30774,789.89166,112.27051000000006,78.36095999999998,1,-1,-1,-1
2385,903,1035.7305,724.54944,145.60950000000003,90.21026600000005,1,-1,-1,-1
2385,904,710.29596,789.206,116.07763999999997,81.56701999999996,1,-1,-1,-1
2386,903,1023.44476,724.80524,139.19341999999995,88.68518000000006,1,-1,-1,-1
2386,904,728.507,790.21295,109.78223000000003,85.42291,1,-1,-1,-1
2387,903,1006.53094,725.0397,136.84870000000012,88.46838000000002,1,-1,-1,-1
2387,904,737.06494,790.5157,111.87561000000005,87.89635999999996,1,-1,-1,-1
2388,903,988.00464,726.10486,138.46850000000006,85.92242399999998,1,-1,-1,-1
2388,904,743.41437,790.85095,114.25714000000005,89.31897000000004,1,-1,-1,-1
2389,903,977.1812,727.48267,131.83807000000002,84.57732999999996,1,-1,-1,-1
2389,904,752.8855,791.9899,118.01928999999996,91.52502400000003,1,-1,-1,-1
2390,903,970.5468,730.1582,122.12639999999999,81.73346000000004,1,-1,-1,-1
2390,904,761.5952,792.6334,120.76855499999999,94.51275999999996,1,-1,-1,-1
2391,903,951.07855,733.6997,127.87543000000005,77.94635000000005,1,-1,-1,-1
2391,904,771.9381,791.0629,125.06592,97.87720000000002,1,-1,-1,-1
2392,903,938.8313,733.1149,120.60009999999988,77.41638,1,-1,-1,-1
2392,904,779.6817,791.0917,127.61028999999996,99.65374999999995,1,-1,-1,-1
2393,903,926.23627,735.83673,122.76580999999999,76.53765999999996,1,-1,-1,-1
2393,904,787.55725,790.79803,132.64282000000003,102.48590000000002,1,-1,-1,-1
2394,903,922.6928,735.741,107.24383499999999,74.95227,1,-1,-1,-1
2394,904,799.06726,792.88745,134.57843000000003,101.625854,1,-1,-1,-1
2395,903,902.8007,739.702,116.07146999999998,72.55224599999997,1,-1,-1,-1
2395,904,810.3989,793.80475,136.85344999999995,105.47997999999995,1,-1,-1,-1
2396,903,892.6042,739.9269,113.54791,71.62969999999996,1,-1,-1,-1
2396,904,818.3827,793.5473,142.05847000000006,109.89795000000004,1,-1,-1,-1
2397,903,884.35583,739.03735,108.85297000000003,71.13049000000001,1,-1,-1,-1
2397,904,831.3493,794.5433,142.90532999999994,113.83037999999999,1,-1,-1,-1
2398,903,867.14044,741.5151,109.96747000000005,68.35631999999998,1,-1,-1,-1
2398,904,840.58417,793.72,149.83362,119.51385500000004,1,-1,-1,-1
2399,903,856.06573,742.97314,106.62543000000005,78.07769999999994,1,-1,-1,-1
2399,904,851.034,791.3007,153.38904000000002,126.02814000000001,1,-1,-1,-1
2400,903,851.0354,746.55994,100.02343999999994,70.27264400000001,1,-1,-1,-1
2400,904,863.40924,796.9881,158.82867,125.87829599999998,1,-1,-1,-1
2401,903,835.4239,748.36755,105.55731000000003,67.02068999999995,1,-1,-1,-1
2401,904,874.14746,799.98755,163.1305000000001,128.07861000000003,1,-1,-1,-1
2402,903,825.28357,751.4889,104.76617399999998,64.52288999999996,1,-1,-1,-1
2402,904,886.2331,799.55145,169.88982999999996,135.17566,1,-1,-1,-1
2403,903,815.0116,751.8647,102.17138999999997,64.67260999999996,1,-1,-1,-1
2403,904,899.2694,800.4431,174.31994999999995,139.30005000000006,1,-1,-1,-1
2404,903,804.3139,753.7793,103.21442000000002,63.239990000000034,1,-1,-1,-1
2404,904,911.6931,802.22394,179.60277999999994,141.37542999999994,1,-1,-1,-1
2405,903,794.8043,754.1183,102.09900000000005,62.849425999999994,1,-1,-1,-1
2405,904,925.7445,805.90076,188.57410000000004,145.50787000000003,1,-1,-1,-1
2406,903,788.1529,752.6052,96.03607,64.61285399999997,1,-1,-1,-1
2406,904,937.8165,807.3832,195.14855999999997,152.52844000000005,1,-1,-1,-1
2407,903,776.3166,751.0775,97.78772000000004,65.63055399999996,1,-1,-1,-1
2407,904,950.3895,806.86017,204.33740000000012,160.11487,1,-1,-1,-1
2408,903,770.27606,754.90405,93.64397999999994,62.612120000000004,1,-1,-1,-1
2408,904,968.027,809.3012,214.58141999999998,167.48070999999993,1,-1,-1,-1
2409,903,761.0558,757.9475,94.89453000000003,59.72772199999997,1,-1,-1,-1
2409,904,986.1142,812.4848,227.5419300000001,178.62183000000005,1,-1,-1,-1
2410,903,751.8606,759.58905,93.74370999999996,59.451415999999995,1,-1,-1,-1
2410,904,1003.0689,818.57935,238.65069999999992,185.38885000000005,1,-1,-1,-1
2411,903,744.2978,761.3009,91.48015999999996,59.07995600000004,1,-1,-1,-1
2411,904,1021.4164,818.29,255.29858000000002,199.97191999999995,1,-1,-1,-1
2412,903,739.65265,760.9455,85.35131999999999,59.49389599999995,1,-1,-1,-1
2412,904,1046.9607,823.8664,271.17650000000003,207.49335000000008,1,-1,-1,-1
2413,903,734.4294,762.0212,82.83771000000002,58.44995000000006,1,-1,-1,-1
2413,904,1073.1775,821.24097,285.1877400000001,217.5367399999999,1,-1,-1,-1
2414,903,731.34784,760.78076,77.37627999999995,58.31793200000004,1,-1,-1,-1
2414,904,1096.5597,824.85565,306.81323,242.72381999999993,1,-1,-1,-1
2415,903,731.0448,762.361,71.31426999999996,57.80438200000003,1,-1,-1,-1
2415,904,1130.7416,832.8268,331.1000999999999,253.67993,1,-1,-1,-1
