742,1028,584.795,317.7363,93.038635,72.54269399999998,1,-1,-1,-1
1042,1051,104.88212,559.71497,229.0321,207.01025000000004,1,-1,-1,-1
946,178,880.5707,891.33026,525.4846,186.65643,1,-1,-1,-1
943,178,975.40265,989.9903,529.5761,88.362976,1,-1,-1,-1
230,1044,481.37723,206.67373999999998,104.5939600000001,57.84503000000004,1,-1,-1,-1
91,1044,598.09375,39.106003,42.23224000000005,31.429192,1,-1,-1,-1
158,1044,596.40076,102.01483,52.162169999999946,39.53671299999998,1,-1,-1,-1
1071,1051,99.475296,558.8630400000001,233.79117999999994,208.2410299999999,1,-1,-1,-1
850,1051,423.1031,288.05392,100.005066,62.050231999999994,1,-1,-1,-1
1592,373,448.7972,412.49023,192.95663000000002,163.78741000000002,1,-1,-1,-1
226,1044,515.0342400000001,204.55139,83.53820999999994,55.599976,1,-1,-1,-1
43,1044,625.75635,16.381529999999998,65.67114000000004,30.811188,1,-1,-1,-1
729,1028,580.68115,337.63318,105.56811500000003,83.81979000000001,1,-1,-1,-1
921,1051,484.56247,389.79187,146.59769,115.28902999999997,1,-1,-1,-1
928,1051,423.42697000000004,412.5776,170.94472999999977,126.08499,1,-1,-1,-1
977,1051,97.22752,560.08875,235.83162000000002,207.08942000000002,1,-1,-1,-1
837,1051,430.68594,284.40146,121.62197999999995,64.23596000000003,1,-1,-1,-1
675,1028,737.38324,509.036,448.83417,167.64398,1,-1,-1,-1
1532,373,550.65753,271.9959,80.70398,65.25220000000002,1,-1,-1,-1
858,1051,428.7034,295.2763,80.44527999999997,64.36304000000001,1,-1,-1,-1
125,1044,597.67786,67.22326,48.16247599999997,35.15814200000001,1,-1,-1,-1
1417,373,576.9435,41.61068,51.385315000000105,33.200676,1,-1,-1,-1
950,1051,189.15135,495.85037,218.03596000000002,168.46146,1,-1,-1,-1
78,1044,591.40814,31.943575,43.471497,30.285704000000006,1,-1,-1,-1
687,1028,568.05,453.97232,209.50030000000004,150.64877000000018,1,-1,-1,-1
760,1028,587.71747,299.19057999999995,86.61279000000013,63.79562400000003,1,-1,-1,-1
944,1051,236.33742999999998,473.5388,213.51132,154.70688,1,-1,-1,-1
1021,1051,89.72877,558.1180400000001,243.77078,209.40368999999976,1,-1,-1,-1
25,1044,696.57526,23.535328,40.8211060000001,27.103252000000012,1,-1,-1,-1
1018,1051,99.27553,559.7205,233.39235000000002,207.51555999999994,1,-1,-1,-1
1070,1051,99.75088000000001,558.84094,233.53070000000002,208.3095699999999,1,-1,-1,-1
1620,373,1168.4811,480.2511,586.3580299999996,221.42224000000004,1,-1,-1,-1
931,1051,385.5855,421.77692,182.60424999999998,131.60222999999996,1,-1,-1,-1
1408,373,559.98505,32.904987,62.07892000000004,32.976893999999994,1,-1,-1,-1
199,1044,562.531,162.44698,62.37634300000002,49.21659999999997,1,-1,-1,-1
1409,373,552.2307,33.10624,69.56066999999985,34.130325,1,-1,-1,-1
717,1028,573.1019,360.55396,120.57085999999993,96.13226000000003,1,-1,-1,-1
991,1051,97.30503,559.6534,235.58542,208.03265,1,-1,-1,-1
186,1044,575.4292,140.44075,57.04894999999999,44.812392999999986,1,-1,-1,-1
723,1028,576.62134,348.8333,113.26220999999998,88.43990999999994,1,-1,-1,-1
952,1051,178.68646,500.15897,217.55523999999997,175.53915,1,-1,-1,-1
1471,373,578.3840299999999,111.11368600000002,57.604736000000116,43.65089999999999,1,-1,-1,-1
861,1051,434.0894,299.1139,81.42697000000004,65.25220000000002,1,-1,-1,-1
660,1028,1437.2046,479.35864000000004,482.7954,190.33452999999997,1,-1,-1,-1
887,1051,481.1014,327.91437,99.63009999999997,73.24545,1,-1,-1,-1
1463,373,581.4594,98.345955,54.14446999999984,38.90302299999999,1,-1,-1,-1
881,1051,470.17096,319.30728,96.26398,71.40475500000002,1,-1,-1,-1
1055,1051,97.99200400000001,559.298,235.01227,207.73077,1,-1,-1,-1
224,1044,529.2710599999999,201.45923,75.59235000000001,56.34008800000004,1,-1,-1,-1
1616,373,880.47504,485.27133,552.9327000000001,223.28189000000003,1,-1,-1,-1
56,1044,589.08655,20.558661999999998,45.27453600000001,29.016525,1,-1,-1,-1
1075,1051,98.745544,559.0547,233.80984,207.97217,1,-1,-1,-1
185,1044,576.7452400000001,139.94343999999998,56.79620399999999,43.59225500000002,1,-1,-1,-1
954,178,863.1936,714.4974,362.48180000000013,295.03162,1,-1,-1,-1
1526,373,556.20984,255.0392,78.72900400000003,64.53184500000003,1,-1,-1,-1
812,1051,309.06876,291.0607,80.15566999999999,52.86795000000001,1,-1,-1,-1
1092,1051,98.35101,558.4964,234.79516999999996,208.43737999999996,1,-1,-1,-1
1425,373,577.2376,49.548077,52.635986,35.279125,1,-1,-1,-1
127,1044,598.3349599999999,68.5314,48.49560500000018,36.194655999999995,1,-1,-1,-1
1100,1051,99.73546999999999,563.2307,236.52210000000005,206.23546999999985,1,-1,-1,-1
882,1051,472.57407,320.95508,96.67685000000006,71.57592999999997,1,-1,-1,-1
692,1028,562.59094,436.58453,174.1662,137.85222999999985,1,-1,-1,-1
853,1051,425.93616,289.59875,84.71567000000005,63.703033000000005,1,-1,-1,-1
1432,373,572.7677,57.004353,62.25158699999997,39.271679999999996,1,-1,-1,-1
1072,1051,99.7939,558.8849,233.47276,208.19104000000004,1,-1,-1,-1
870,1051,451.69467000000003,307.90612999999996,85.60818499999999,67.02746600000006,1,-1,-1,-1
755,1028,591.4511,304.63135,83.12549000000001,66.00531000000001,1,-1,-1,-1
807,1051,310.26842999999997,291.6269,70.21063000000004,53.103972999999996,1,-1,-1,-1
962,1051,110.792,537.7895,241.2338,196.8822,1,-1,-1,-1
1535,373,546.6847,278.55222000000003,84.29607999999996,68.49984999999998,1,-1,-1,-1
838,1051,431.39477999999997,283.89746,121.05530000000022,64.91692999999998,1,-1,-1,-1
993,1051,98.494545,560.2657,234.538,207.20916999999997,1,-1,-1,-1
1565,373,516.2416,333.57086,121.48376500000006,98.99710000000005,1,-1,-1,-1
1559,373,522.1641,322.63257000000004,112.09839000000011,89.67797999999993,1,-1,-1,-1
1472,373,578.955,114.20841999999999,58.11981200000014,42.86248800000001,1,-1,-1,-1
1028,1051,93.92209,559.241,238.60483000000002,207.4761400000001,1,-1,-1,-1
952,178,849.14166,751.36914,402.89728000000014,312.72083,1,-1,-1,-1
159,1044,595.7344,103.21046,52.32745399999999,39.91935000000002,1,-1,-1,-1
971,1051,98.95092,558.013,234.37915000000004,206.33032000000014,1,-1,-1,-1
1568,373,512.40344,339.63895,128.09973000000014,103.27685499999995,1,-1,-1,-1
424,10,1692.0834,962.7634,155.1618699999999,117.2365699999998,1,-1,-1,-1
142,1044,597.25366,84.53097,48.803649999999834,36.9405,1,-1,-1,-1
860,1051,432.6535,297.64493,80.62390000000016,64.48337000000004,1,-1,-1,-1
1537,373,544.124,283.72217,87.35186999999996,68.78399999999999,1,-1,-1,-1
1416,373,576.8304400000001,40.890694,49.48028599999975,32.62362000000001,1,-1,-1,-1
1453,373,582.8875,83.46289,52.65301499999998,37.209869999999995,1,-1,-1,-1
741,1028,584.4018,319.90137000000004,93.55920400000002,72.81219499999997,1,-1,-1,-1
949,1051,197.84973,489.39963,216.35558999999998,168.90829999999983,1,-1,-1,-1
495,1049,830.9063,876.8605,211.94598000000008,198.79516999999987,1,-1,-1,-1
177,1044,584.72485,127.50721999999999,56.82610999999986,42.62246700000003,1,-1,-1,-1
1431,373,573.6557,56.56289,58.81908999999996,38.018319999999996,1,-1,-1,-1
1554,373,526.51215,313.65958,104.23955999999998,83.30398600000001,1,-1,-1,-1
791,1028,309.68484,292.46106000000003,71.25371999999999,52.911284999999964,1,-1,-1,-1
979,1051,97.56953,559.8254400000001,235.79398000000003,207.31481999999983,1,-1,-1,-1
690,1028,564.6619,445.1663,182.71746999999993,142.54030999999998,1,-1,-1,-1
1529,373,554.29517,263.3162,82.34387000000004,65.44284000000005,1,-1,-1,-1
1530,373,553.0599,266.80972,80.44189500000005,65.25659000000007,1,-1,-1,-1
974,1051,94.224724,558.84686,237.41870000000006,208.18573000000004,1,-1,-1,-1
1604,373,474.92135999999994,450.01627,277.80050000000006,198.14425999999997,1,-1,-1,-1
139,1044,597.70026,80.97494,48.12750200000005,36.81738299999999,1,-1,-1,-1
1625,373,1542.8816,453.25284000000005,377.11840000000007,220.1448699999999,1,-1,-1,-1
122,1044,596.5502,66.19811,51.41339000000016,34.83972,1,-1,-1,-1
1606,373,505.79706,453.08875,315.6868999999999,203.54644999999982,1,-1,-1,-1
1513,373,556.7569,217.71289,71.86950999999999,56.82486000000003,1,-1,-1,-1
54,1044,591.9491,20.25005,47.47289999999998,28.296532,1,-1,-1,-1
1609,373,569.47095,465.20065,384.65594,210.66098,1,-1,-1,-1
828,1051,398.2651,286.3005,127.42708999999996,63.478972999999996,1,-1,-1,-1
1079,1051,97.31079,558.87213,235.22147,208.32410000000004,1,-1,-1,-1
844,1051,427.3843,285.5051,118.96364999999997,62.76294000000007,1,-1,-1,-1
1114,1051,341.81487999999996,574.1541,600.01764,235.27904999999998,1,-1,-1,-1
820,1051,359.27795,293.69177,105.87537000000003,52.05377199999998,1,-1,-1,-1
184,1044,576.5119,138.03813,58.431640000000016,44.376037999999994,1,-1,-1,-1
427,10,1611.3673,952.0627400000001,169.8956300000002,126.22399999999993,1,-1,-1,-1
108,1044,599.40594,52.564804,46.464477999999986,33.689598,1,-1,-1,-1
429,10,1576.9093,916.29443,148.24341000000004,156.58507999999995,1,-1,-1,-1
1624,373,1465.057,457.2641,454.943,222.68304,1,-1,-1,-1
1621,373,1240.9471,479.25955,591.8034699999998,219.16494999999998,1,-1,-1,-1
924,1051,462.88644000000005,399.40372,156.29024999999996,118.499054,1,-1,-1,-1
1003,1051,98.125336,559.3915400000001,234.89551,208.10015999999973,1,-1,-1,-1
1515,373,557.61,223.03354,75.11139000000003,59.27169799999999,1,-1,-1,-1
73,1044,590.6502,29.081856,42.035889999999995,29.830116,1,-1,-1,-1
1600,373,448.32196,439.7088,231.30835000000002,185.53185999999982,1,-1,-1,-1
962,178,1061.0994,625.86035,422.8117699999998,229.93195000000014,1,-1,-1,-1
1037,1051,102.84297,560.0091,230.75923,207.20087,1,-1,-1,-1
1571,373,505.35028,345.86,133.67395,109.59231599999998,1,-1,-1,-1
1401,373,567.2168,26.420786,51.110657000000174,32.497887,1,-1,-1,-1
787,1028,309.06732,293.10864,81.81738000000001,50.52481,1,-1,-1,-1
908,1051,503.74532999999997,360.14276,124.23123000000021,95.80218500000001,1,-1,-1,-1
1060,1051,100.18111400000001,559.1146,232.55182,208.91095000000018,1,-1,-1,-1
72,1044,590.0446,27.685121999999996,42.84271200000012,30.090673,1,-1,-1,-1
50,1044,600.72253,18.07074,52.37994400000002,29.454589999999996,1,-1,-1,-1
856,1051,426.87274,292.53186,78.85565000000003,63.94311499999998,1,-1,-1,-1
1433,373,580.05133,58.372913,51.99523999999997,37.35712000000001,1,-1,-1,-1
771,1028,471.91574,287.9723,130.94626000000017,66.03412000000003,1,-1,-1,-1
953,178,853.0448,735.8206,379.8368999999999,302.9403699999998,1,-1,-1,-1
1586,373,465.36148,392.64062,173.32376000000005,143.12475999999992,1,-1,-1,-1
903,1051,501.76044,350.50125,118.68115,88.78973399999995,1,-1,-1,-1
988,1051,95.208885,559.7005,237.64038,207.68164000000002,1,-1,-1,-1
1552,373,528.0182,309.65567000000004,103.50214000000005,80.74193999999994,1,-1,-1,-1
937,1051,308.56253,440.36785999999995,202.07245,145.63054999999997,1,-1,-1,-1
123,1044,596.8203,66.68434,50.839540000000056,34.72345,1,-1,-1,-1
904,1051,502.6781,352.00485,118.59875499999998,89.9848,1,-1,-1,-1
493,1049,578.09906,816.7663,216.35297000000003,257.73260000000005,1,-1,-1,-1
161,1044,595.16565,106.44187,52.86578399999996,39.85393500000001,1,-1,-1,-1
693,1028,561.53503,433.59195,170.58954000000006,135.85000000000002,1,-1,-1,-1
1107,1051,150.88269,571.1996,338.84036000000003,219.52112,1,-1,-1,-1
731,1028,580.1815,333.15594,105.17627000000016,82.73743000000002,1,-1,-1,-1
1521,373,557.16425,241.83167999999998,77.58703600000001,61.59459000000007,1,-1,-1,-1
166,1044,592.5315,112.15659,54.72540300000014,41.20682500000001,1,-1,-1,-1
859,1051,429.60004000000004,296.47165,81.04064999999997,64.02853399999998,1,-1,-1,-1
676,1028,707.1012,501.3848,421.9196800000001,171.24124,1,-1,-1,-1
225,1044,521.5573,203.31935,79.39995999999996,55.589766999999995,1,-1,-1,-1
965,178,1223.7714,590.5093400000001,458.9006300000003,221.84881999999993,1,-1,-1,-1
885,1051,476.96722,324.86453,99.76488999999992,73.14621,1,-1,-1,-1
1598,373,441.1474,433.0304,218.43732000000017,179.26062000000002,1,-1,-1,-1
976,1051,97.5155,559.80475,233.20458999999997,207.38641000000018,1,-1,-1,-1
815,1051,312.4466,292.39633,104.29755,48.55032300000005,1,-1,-1,-1
654,1028,1697.3411,456.18325999999996,222.6589399999998,192.98056000000003,1,-1,-1,-1
1061,1051,100.74968,559.47217,232.1418,208.72777999999994,1,-1,-1,-1
1115,1051,388.4821,574.0448,615.8866,238.29706,1,-1,-1,-1
66,1044,584.78735,23.811317000000003,42.83203000000003,30.718451999999992,1,-1,-1,-1
783,1028,314.44016,294.55658,116.43893400000007,48.58544999999998,1,-1,-1,-1
1549,373,530.886,303.84555,100.63220000000001,78.87774999999999,1,-1,-1,-1
822,1051,376.30463,292.68532999999996,113.13656600000002,56.08111600000012,1,-1,-1,-1
960,178,974.8919699999999,641.5998,394.00647000000004,246.99816999999985,1,-1,-1,-1
968,1051,101.80051,552.88574,231.66833,206.68413999999996,1,-1,-1,-1
891,1051,487.02245999999997,332.77936,104.58758500000005,75.75881999999996,1,-1,-1,-1
1608,373,540.82794,458.36273,359.20385999999996,209.09546000000017,1,-1,-1,-1
497,1049,1168.8998,991.6421,89.38000500000021,85.88232399999993,1,-1,-1,-1
1131,1051,1828.4244,521.04926,91.57556,178.13531,1,-1,-1,-1
1578,373,488.79247999999995,364.10477000000003,149.47797000000003,126.86502000000002,1,-1,-1,-1
77,1044,591.6393400000001,31.738052000000003,42.31365999999991,30.059134999999998,1,-1,-1,-1
754,1028,590.7311,305.3169,83.33819600000004,66.01257000000004,1,-1,-1,-1
656,1028,1608.3192,457.8344,311.6808000000001,198.06805000000003,1,-1,-1,-1
68,1044,585.0159,24.972158,43.17065400000001,30.58878100000001,1,-1,-1,-1
1012,1051,99.32265500000001,559.59106,233.11963000000003,207.44237999999984,1,-1,-1,-1
985,1051,95.049324,559.85144,237.70165999999995,207.65233999999998,1,-1,-1,-1
1035,1051,100.78808599999999,560.07336,232.2438,206.60773000000006,1,-1,-1,-1
963,178,1100.4762,622.269,433.63915999999995,221.97388000000012,1,-1,-1,-1
138,1044,597.7692,80.208336,48.51629600000001,36.78838999999999,1,-1,-1,-1
722,1028,576.41394,350.58395,114.16845999999998,90.30117999999999,1,-1,-1,-1
1034,1051,98.80784,560.02704,234.00186000000002,206.55115000000012,1,-1,-1,-1
173,1044,587.855,122.1968,55.45184300000017,41.51630400000002,1,-1,-1,-1
772,1028,455.08657999999997,288.482,136.83712999999995,64.65722999999997,1,-1,-1,-1
1477,373,576.2214,122.74215,57.42437700000016,44.5989,1,-1,-1,-1
1555,373,525.3772,314.84418,106.92169000000001,84.99599999999998,1,-1,-1,-1
1446,373,577.75165,74.81654,58.349550000000136,37.225440000000006,1,-1,-1,-1
1040,1051,100.25166,559.83563,233.38634000000002,206.73650999999995,1,-1,-1,-1
1517,373,557.0980000000001,231.16154,72.70934999999974,57.49034,1,-1,-1,-1
855,1051,427.13385,290.97455,79.88098000000002,64.11508000000003,1,-1,-1,-1
39,1044,642.7026,18.221693,66.76868000000002,27.138391000000002,1,-1,-1,-1
917,1051,496.625,378.55795,139.06457999999998,108.9812,1,-1,-1,-1
1068,1051,100.82512,559.1071,232.35981999999998,208.17211999999995,1,-1,-1,-1
948,1051,202.74765,486.62765999999993,216.83789000000004,165.98038000000014,1,-1,-1,-1
651,1028,1864.8607,509.5963,55.139282000000094,114.69287000000003,1,-1,-1,-1
900,1051,499.27954000000005,345.15393,113.182434,85.26049999999998,1,-1,-1,-1
929,1051,409.36407,415.48752,172.27747000000016,127.22037,1,-1,-1,-1
1080,1051,95.87123000000001,558.99554,236.68864000000002,208.30219,1,-1,-1,-1
902,1051,501.39703,349.1933,118.21416999999985,87.85995499999996,1,-1,-1,-1
780,1028,332.95886,292.8561,142.01419000000004,56.44817999999998,1,-1,-1,-1
927,1051,433.26845999999995,406.84805,165.37399999999997,125.31716999999998,1,-1,-1,-1
825,1051,375.0081,290.18015,135.45327999999995,58.59451300000006,1,-1,-1,-1
1050,1051,98.825554,559.5414,233.86356,207.37799000000007,1,-1,-1,-1
1120,1051,806.1437,587.2180000000001,626.4619000000001,226.84466999999995,1,-1,-1,-1
1619,373,1083.105,482.72292999999996,581.9740999999999,221.63144000000005,1,-1,-1,-1
845,1051,426.14377,284.51605,116.70528999999999,64.06705,1,-1,-1,-1
854,1051,426.73717999999997,290.39612,81.35290500000002,64.13364000000001,1,-1,-1,-1
42,1044,628.7886,16.240084,65.07580599999983,30.987875000000006,1,-1,-1,-1
893,1051,491.17957,335.58162999999996,105.74901999999997,77.25745,1,-1,-1,-1
1541,373,540.0385,291.8969,91.00305000000003,71.92388999999997,1,-1,-1,-1
1570,373,505.9854,344.2052,134.16534000000001,109.26965000000001,1,-1,-1,-1
111,1044,598.6929,54.798935,47.32238799999993,34.587265,1,-1,-1,-1
1435,373,582.5514,60.746788,48.71112000000005,36.94945499999999,1,-1,-1,-1
236,1044,437.3803,210.14351000000002,109.31090999999998,60.02418500000002,1,-1,-1,-1
790,1028,308.66213999999997,293.6448,72.35107400000004,51.60739000000001,1,-1,-1,-1
1015,1051,99.60541500000001,559.7157599999999,233.06357000000003,207.26409999999998,1,-1,-1,-1
205,1044,557.7976,174.09138000000002,64.05542000000003,51.142409999999984,1,-1,-1,-1
1395,373,563.3548599999999,20.334857999999997,53.13232400000027,33.532170000000015,1,-1,-1,-1
84,1044,595.0862400000001,34.694523,42.76739499999974,30.558772999999995,1,-1,-1,-1
899,1051,497.9282,343.6106,113.55856,84.36929000000003,1,-1,-1,-1
1010,1051,98.328926,559.37634,234.19733,207.57696999999996,1,-1,-1,-1
959,1051,108.49348,529.1827,261.02654999999993,184.71636999999987,1,-1,-1,-1
942,1051,252.08015,460.1445,211.82462999999996,158.65865999999983,1,-1,-1,-1
213,1044,551.0828,186.5617,66.03026999999997,52.32155,1,-1,-1,-1
1062,1051,101.6551,559.57385,231.1719,208.58794999999998,1,-1,-1,-1
239,1044,414.1709,213.42886000000001,103.3927599999999,55.1156,1,-1,-1,-1
1056,1051,98.38566999999999,559.46704,234.66210999999998,207.60693000000003,1,-1,-1,-1
1421,373,575.9821,46.482414,57.826233000000116,33.61499799999998,1,-1,-1,-1
164,1044,593.6172,109.38406,54.63171399999999,42.020767000000006,1,-1,-1,-1
194,1044,564.9737,154.05165,62.31207300000017,48.522186000000005,1,-1,-1,-1
1400,373,568.91003,25.12613,49.09502999999995,32.159424000000016,1,-1,-1,-1
109,1044,598.97064,53.738556,46.84424000000001,33.97030600000002,1,-1,-1,-1
954,1051,162.7795,507.95535,223.06263999999996,182.19839999999994,1,-1,-1,-1
154,1044,596.8342,97.82271999999999,51.73742699999991,38.04213,1,-1,-1,-1
823,1051,381.50504,292.36264,114.32245,55.611999999999966,1,-1,-1,-1
1051,1051,98.982185,559.5661,233.8064,207.32007,1,-1,-1,-1
686,1028,570.543,457.6706,219.41973999999982,154.14032000000003,1,-1,-1,-1
1403,373,571.51996,28.263279999999998,48.56408699999986,33.15818,1,-1,-1,-1
809,1051,312.5452,292.22754,70.92327999999998,50.659880000000044,1,-1,-1,-1
732,1028,580.8342,331.86053,104.47802999999999,80.42270000000002,1,-1,-1,-1
704,1028,562.4322,397.74612,143.02215999999999,114.46695,1,-1,-1,-1
1467,373,579.845,103.97649399999999,57.111267,42.25797300000001,1,-1,-1,-1
1025,1051,91.94272600000001,558.9732,240.78656,207.94207999999992,1,-1,-1,-1
1508,373,557.0482,202.09468,72.93896500000005,55.23148999999998,1,-1,-1,-1
725,1028,577.03656,344.54315,111.25903000000005,86.19085999999993,1,-1,-1,-1
973,178,1852.7982,532.7791,67.2017800000001,130.72095000000002,1,-1,-1,-1
1458,373,582.6698,91.04335999999999,53.13165300000003,39.40126800000003,1,-1,-1,-1
52,1044,596.2881,19.34727,50.291138000000046,28.882620000000003,1,-1,-1,-1
1418,373,578.24835,43.0883,49.869019999999864,33.31046,1,-1,-1,-1
743,1028,584.4309,317.04736,93.73492399999986,71.45034999999996,1,-1,-1,-1
1076,1051,99.45448,559.1234,233.14723000000004,208.02411000000006,1,-1,-1,-1
1069,1051,100.16769000000001,558.7341,233.1341,208.41503999999998,1,-1,-1,-1
153,1044,596.7679400000001,96.49149,51.29607999999973,38.68680599999999,1,-1,-1,-1
744,1028,584.9254,315.2155,92.97797000000003,71.10909999999996,1,-1,-1,-1
874,1051,455.38217000000003,312.02443999999997,91.55972000000003,67.17850000000004,1,-1,-1,-1
677,1028,681.7933,495.83484000000004,395.47626000000037,171.14562999999993,1,-1,-1,-1
1478,373,575.6754,125.04046000000001,57.71014400000013,44.46388999999998,1,-1,-1,-1
984,1051,97.06813000000001,559.8545,236.22752000000003,207.23302999999999,1,-1,-1,-1
749,1028,586.7172,311.17065,86.20281999999997,67.21923999999996,1,-1,-1,-1
1123,1051,1083.3584,581.1607700000001,615.0801999999999,228.01422000000002,1,-1,-1,-1
685,1028,577.88586,462.9614,229.86621000000002,152.94723999999997,1,-1,-1,-1
211,1044,553.3844,182.83174,64.88518999999997,52.433716000000004,1,-1,-1,-1
779,1028,364.03842000000003,293.21695,127.51272599999999,57.30902000000003,1,-1,-1,-1
1525,373,557.4888,252.4525,79.02978499999995,64.36125000000004,1,-1,-1,-1
1083,1051,99.94167,558.4762,232.89130000000006,209.00103999999988,1,-1,-1,-1
231,1044,475.51013,207.00128,105.22089000000005,58.18258700000001,1,-1,-1,-1
1488,373,569.6408,144.97902,62.51702999999998,46.86656000000002,1,-1,-1,-1
935,1051,338.57473999999996,433.66265999999996,191.10641000000004,141.69525,1,-1,-1,-1
58,1044,587.52905,19.78138,42.18506000000002,30.402114999999995,1,-1,-1,-1
1550,373,529.6863,306.31023999999996,101.48962400000005,79.28705000000002,1,-1,-1,-1
955,178,870.1877400000001,705.1962,355.02649999999994,287.48101999999994,1,-1,-1,-1
115,1044,598.1312,58.2731,48.05657999999994,34.68132,1,-1,-1,-1
901,1051,500.4839,347.35907000000003,115.25597999999997,85.86373999999995,1,-1,-1,-1
821,1051,358.79025,293.51412999999997,119.34833000000009,55.28604000000013,1,-1,-1,-1
1579,373,486.6722,367.61444,153.32223999999985,127.66286999999994,1,-1,-1,-1
1626,373,1623.8676,439.7004,296.13245000000006,229.84023999999982,1,-1,-1,-1
909,1051,504.02385999999996,362.22513,125.6709600000001,96.48459000000003,1,-1,-1,-1
814,1051,299.84265,292.22495,100.59152,52.88549800000004,1,-1,-1,-1
1589,373,460.9175,405.35385,175.01217999999994,144.43252999999999,1,-1,-1,-1
1590,373,453.94995,406.68158,185.44012000000004,158.10309,1,-1,-1,-1
1032,1051,94.56834,559.3788,237.8886400000001,207.57512999999994,1,-1,-1,-1
709,1028,564.6659,382.0719,134.92694000000006,107.27102999999994,1,-1,-1,-1
811,1051,306.7214,292.83942,81.88442999999995,49.310913000000085,1,-1,-1,-1
1581,373,481.43917999999996,374.6106,159.11404000000005,134.93314000000004,1,-1,-1,-1
1052,1051,98.42635,559.4873,234.43798999999996,207.41852000000006,1,-1,-1,-1
110,1044,598.63354,54.35323,47.17931999999996,34.72035599999999,1,-1,-1,-1
1095,1051,99.03805,558.91345,234.43362000000002,208.84387000000004,1,-1,-1,-1
191,1044,568.1644,148.16095,61.29400599999997,47.86230499999999,1,-1,-1,-1
1047,1051,100.930984,559.9444599999999,232.23753000000002,206.76690000000008,1,-1,-1,-1
1103,1051,107.49655,564.6781,264.17847,214.91539999999998,1,-1,-1,-1
975,1051,96.76913,559.3654,234.45592999999997,207.79822000000001,1,-1,-1,-1
1031,1051,95.51146,559.4344,237.19096000000002,207.33234000000004,1,-1,-1,-1
699,1028,563.83734,415.2279,153.86523,122.52893000000006,1,-1,-1,-1
1046,1051,100.23031999999999,560.01184,233.02444000000008,206.66925000000003,1,-1,-1,-1
1413,373,575.95654,37.529297,50.03003000000001,32.673041999999995,1,-1,-1,-1
1407,373,563.0882,31.225689000000003,58.38482699999997,33.883663,1,-1,-1,-1
1509,373,556.70795,204.86595,71.23743000000002,55.362810000000025,1,-1,-1,-1
933,1051,359.45837,424.59435999999994,186.38330000000002,136.42542000000003,1,-1,-1,-1
35,1044,659.92926,17.377747,73.18047999999999,31.723644,1,-1,-1,-1
1039,1051,97.87669,559.47003,235.87944,207.45087,1,-1,-1,-1
1006,1051,98.40436600000001,559.77704,234.68024,207.5177,1,-1,-1,-1
200,1044,561.2854,164.3938,62.97088599999984,49.96006800000001,1,-1,-1,-1
69,1044,587.3733,25.3751,42.59918200000004,30.452797,1,-1,-1,-1
872,1051,450.29,310.18847999999997,91.32962000000003,66.30829000000006,1,-1,-1,-1
1391,373,573.2829,20.705673,44.26067999999998,30.159359,1,-1,-1,-1
209,1044,554.77576,180.66824,64.68529999999998,52.06654399999999,1,-1,-1,-1
1053,1051,97.80495,559.31464,234.97407999999996,207.57659999999998,1,-1,-1,-1
172,1044,588.7844,120.13403999999998,55.97278000000017,42.25217400000001,1,-1,-1,-1
1519,373,557.38965,235.07703999999998,77.35675000000003,61.66557300000002,1,-1,-1,-1
1528,373,554.7094,261.08005,82.03168000000005,65.11261000000007,1,-1,-1,-1
1495,373,564.3754,162.53603,64.84442000000001,49.63807699999998,1,-1,-1,-1
672,1028,846.7689999999999,513.47845,489.10175000000015,174.73291000000006,1,-1,-1,-1
1090,1051,98.67918399999999,558.2673,234.4073,208.49121000000002,1,-1,-1,-1
965,1051,87.21967,544.5638,257.25876,199.67504999999994,1,-1,-1,-1
707,1028,562.7652,386.55722000000003,137.44634999999994,111.61142000000001,1,-1,-1,-1
1483,373,573.8504,135.74976999999998,60.77648999999997,44.871871999999996,1,-1,-1,-1
1452,373,583.8475,82.10028,52.17553699999985,37.48883000000001,1,-1,-1,-1
1014,1051,99.041214,559.7633,233.52900000000002,207.21569999999986,1,-1,-1,-1
1543,373,537.9169999999999,295.10797,93.82532000000026,73.31673999999998,1,-1,-1,-1
1603,373,464.15225,447.57785,264.249,192.97591999999997,1,-1,-1,-1
1065,1051,101.606705,559.10657,231.58253,208.10326999999995,1,-1,-1,-1
995,1051,99.603714,560.0422,233.19264,207.12779999999998,1,-1,-1,-1
1527,373,555.6174,257.54184,81.31384000000003,65.522064,1,-1,-1,-1
778,1028,359.38635,292.45123,139.23862000000003,58.230407999999954,1,-1,-1,-1
724,1028,576.38586,347.0134,112.88922000000002,86.59457400000002,1,-1,-1,-1
914,1051,501.8477,373.04123,131.98141000000004,103.30655000000002,1,-1,-1,-1
1392,373,568.7121,20.710564,49.43859999999984,31.457286999999997,1,-1,-1,-1
839,1051,431.52454000000006,283.98456,120.87457000000012,64.76230000000004,1,-1,-1,-1
100,1044,599.10547,46.06084,43.17273,31.564000000000007,1,-1,-1,-1
864,1051,438.98322,302.4048,83.02545000000003,65.00732399999998,1,-1,-1,-1
234,1044,450.92157000000003,209.95195,110.24242999999996,59.06605499999995,1,-1,-1,-1
734,1028,582.1626,329.05447000000004,100.77038600000003,77.56744399999997,1,-1,-1,-1
719,1028,575.4576,357.1384,117.7749,93.12302000000005,1,-1,-1,-1
1101,1051,97.572624,561.3069,248.88034,214.93000000000006,1,-1,-1,-1
708,1028,563.4112,385.4792,137.16962,108.51980599999996,1,-1,-1,-1
89,1044,597.6076,37.886127,42.11944600000015,31.07963199999999,1,-1,-1,-1
905,1051,502.80734,354.2297,119.02774000000016,90.54004000000003,1,-1,-1,-1
1019,1051,97.86444,559.2654,235.06165,208.01355,1,-1,-1,-1
1601,373,449.2371,442.0205,244.68117999999998,186.60681000000017,1,-1,-1,-1
1489,373,569.11646,147.97691,62.47613500000011,47.508713,1,-1,-1,-1
1516,373,558.3837,226.87922999999998,72.48193000000003,57.76478600000004,1,-1,-1,-1
932,1051,372.50494,423.8355,183.28606999999982,134.83008000000018,1,-1,-1,-1
1096,1051,97.70224,559.2416,235.08812999999998,208.65355999999986,1,-1,-1,-1
1447,373,584.132,75.86905,48.7713,36.83049799999999,1,-1,-1,-1
1588,373,463.01764000000003,398.17426,173.36339999999996,146.70196999999996,1,-1,-1,-1
834,1051,426.23773,284.62387,122.55633500000005,64.0426,1,-1,-1,-1
1591,373,451.9865,408.58847000000003,186.70190000000002,157.85622999999998,1,-1,-1,-1
120,1044,595.83,63.278859999999995,53.017394999999965,35.77079400000001,1,-1,-1,-1
663,1028,1314.2667,490.1453,511.08167000000003,190.8281599999999,1,-1,-1,-1
1475,373,577.34155,119.14013,58.08477800000003,43.889915,1,-1,-1,-1
1575,373,494.7204,356.40967,146.19677999999982,119.63848999999993,1,-1,-1,-1
866,1051,442.04995999999994,304.12067,85.74576000000013,64.74535999999995,1,-1,-1,-1
204,1044,558.43164,172.16191,64.74719000000016,50.631729999999976,1,-1,-1,-1
1091,1051,99.24695600000001,558.4972,233.83875,208.33307000000002,1,-1,-1,-1
833,1051,423.8671,284.88156000000004,121.88772599999999,63.92465199999998,1,-1,-1,-1
773,1028,436.1426,289.14468,143.1019,63.67514,1,-1,-1,-1
435,10,1443.1147,827.1452,168.20276000000013,243.07074,1,-1,-1,-1
934,1051,345.38934,432.01334,192.42987,140.3145399999999,1,-1,-1,-1
701,1028,561.7101,406.20316,150.45983999999999,120.96096999999997,1,-1,-1,-1
964,178,1159.8845,610.1155,445.5295400000002,219.95428000000004,1,-1,-1,-1
1481,373,573.8179299999999,131.26543,59.705140000000256,45.29797400000004,1,-1,-1,-1
1465,373,580.3106,101.39439399999999,54.78381300000001,41.131090000000015,1,-1,-1,-1
1088,1051,99.70563,558.5817,233.34494,208.60766999999987,1,-1,-1,-1
227,1044,509.0639,202.70549,89.96234000000004,58.13377400000002,1,-1,-1,-1
1502,373,558.5743,183.25666999999999,69.72577000000001,52.843230000000005,1,-1,-1,-1
1063,1051,101.29177,559.3634599999999,231.32071000000002,208.65277000000026,1,-1,-1,-1
1612,373,667.922,476.68063,464.4000199999998,214.79422000000017,1,-1,-1,-1
665,1028,1198.8845,497.33005,520.3599999999999,190.59805000000017,1,-1,-1,-1
1422,373,581.9381,47.337803,52.28356999999994,33.29784,1,-1,-1,-1
829,1051,406.54294,287.1911,125.02871999999996,62.81197999999995,1,-1,-1,-1
1017,1051,99.10521,559.6878,233.46666000000005,207.22095000000002,1,-1,-1,-1
883,1051,474.01874000000004,321.903,97.55633499999993,71.83126999999996,1,-1,-1,-1
1597,373,440.99503,430.15982,213.11849999999998,177.92545,1,-1,-1,-1
1030,1051,96.20615,559.9008,236.78925000000004,207.00952000000007,1,-1,-1,-1
145,1044,597.7667,87.98844,48.42175299999997,36.85124200000001,1,-1,-1,-1
237,1044,446.47394,211.06332,91.20238999999998,58.51065000000003,1,-1,-1,-1
832,1051,421.7385,285.5612,121.65109000000001,63.173429999999996,1,-1,-1,-1
981,1051,97.25369,559.682,236.00374999999997,207.39660000000003,1,-1,-1,-1
1106,1051,145.64893,569.2301,308.472,218.66607999999997,1,-1,-1,-1
1583,373,476.60098,381.33693999999997,161.29184000000004,139.49881,1,-1,-1,-1
219,1044,545.4267,194.52512,69.57757600000002,55.69848600000003,1,-1,-1,-1
682,1028,594.3614,472.45184000000006,280.6781599999998,165.95165999999995,1,-1,-1,-1
926,1051,444.10748,404.18018,162.15033000000017,124.28735,1,-1,-1,-1
716,1028,571.5917,362.83383,123.18573000000004,99.15222,1,-1,-1,-1
55,1044,590.6315,20.165326999999998,45.624573000000055,28.640635000000003,1,-1,-1,-1
167,1044,592.2563,112.92613,54.75824,41.268249999999995,1,-1,-1,-1
1441,373,581.6957,68.06418000000001,54.77221699999984,37.45601699999999,1,-1,-1,-1
94,1044,598.1601,43.13632,43.224730000000136,30.443600000000004,1,-1,-1,-1
1617,373,952.8917,488.5067,561.0554000000001,215.33745999999996,1,-1,-1,-1
59,1044,587.4463,20.15265,41.38696300000004,30.473452,1,-1,-1,-1
951,1051,182.24492,498.31244000000004,218.42238,171.74468999999976,1,-1,-1,-1
852,1051,425.49707,288.74652000000003,89.93695000000002,64.48519999999996,1,-1,-1,-1
1504,373,556.99774,188.6191,71.0695199999999,54.54763799999998,1,-1,-1,-1
930,1051,397.33243,419.5002,179.64138999999983,130.58182000000005,1,-1,-1,-1
792,1028,306.26038,291.31924,74.34628000000004,53.37176500000004,1,-1,-1,-1
681,1028,611.9035,477.43015,297.2835,166.93917999999996,1,-1,-1,-1
214,1044,550.189,188.33087,66.92804000000012,52.22381599999997,1,-1,-1,-1
713,1028,568.0509,370.62903,129.33447,102.47378500000002,1,-1,-1,-1
1582,373,479.52025999999995,378.5312,159.77924000000002,137.72784000000001,1,-1,-1,-1
705,1028,561.207,394.16727000000003,141.49627999999996,112.72719999999998,1,-1,-1,-1
1402,373,569.0877,27.417551,50.45343000000014,33.48073600000001,1,-1,-1,-1
1623,373,1388.4048,464.88735999999994,531.5952,222.79421999999988,1,-1,-1,-1
1443,373,578.5194,69.33325,57.387084999999956,38.118087999999986,1,-1,-1,-1
892,1051,489.21893,334.77893,105.44439999999997,75.48016000000001,1,-1,-1,-1
756,1028,593.4785,303.74048,80.30615,65.26666,1,-1,-1,-1
1008,1051,99.3111,559.55585,233.67194,207.74017000000003,1,-1,-1,-1
1493,373,566.27875,157.42088,65.13225999999986,51.208619999999996,1,-1,-1,-1
753,1028,589.8057,306.47778,83.86865,65.74536,1,-1,-1,-1
1020,1051,95.49913000000001,559.1025400000001,237.85036,208.28942999999992,1,-1,-1,-1
868,1051,447.00473,305.6277,85.49721999999997,66.46303999999998,1,-1,-1,-1
923,1051,471.8478,395.3335,150.61739999999998,118.16332999999992,1,-1,-1,-1
113,1044,598.6202,56.793730000000004,47.305970000000116,33.69713599999999,1,-1,-1,-1
816,1051,315.14099999999996,293.33657999999997,108.37662000000006,47.796020000000055,1,-1,-1,-1
945,1051,224.51907000000003,476.89755,217.46349999999998,156.36612000000002,1,-1,-1,-1
87,1044,596.4417,37.0978,42.88445999999999,30.49027999999999,1,-1,-1,-1
1557,373,523.63666,318.31453999999997,109.34826999999996,87.50983000000002,1,-1,-1,-1
918,1051,493.6094,382.4059,143.23959999999983,109.74606,1,-1,-1,-1
916,1051,499.8064,376.88562,135.38732999999996,105.60293599999994,1,-1,-1,-1
1029,1051,95.72555,559.70074,237.07193,207.20087,1,-1,-1,-1
1566,373,514.1885,335.76886,125.33044399999983,100.78792999999996,1,-1,-1,-1
653,1028,1757.9495,452.5202,162.05053999999996,191.52929999999998,1,-1,-1,-1
718,1028,574.0879,359.13962000000004,120.35595999999998,95.10897999999997,1,-1,-1,-1
862,1051,435.76794,300.41504,82.49280000000005,65.47876000000002,1,-1,-1,-1
1547,373,533.8576,301.7008,98.15990999999997,76.405304,1,-1,-1,-1
1490,373,568.1013,149.60358,62.63867000000016,49.272903000000014,1,-1,-1,-1
44,1044,622.50714,17.975101000000002,62.726684999999975,28.882973,1,-1,-1,-1
776,1028,393.94156,289.6546,138.2391,62.03350999999998,1,-1,-1,-1
697,1028,562.7718,419.051,158.08185000000003,127.86129999999997,1,-1,-1,-1
1390,373,571.7909999999999,20.470348,45.50049000000024,29.706139,1,-1,-1,-1
1094,1051,99.574585,558.8197,233.50661999999994,208.48438,1,-1,-1,-1
1545,373,534.4496,300.3074,96.23785399999997,74.06198,1,-1,-1,-1
940,1051,276.21207000000004,452.68204000000003,206.75145999999995,155.2685899999998,1,-1,-1,-1
140,1044,598.01984,82.08980600000001,48.267517,36.74069999999999,1,-1,-1,-1
1102,1051,102.30582,563.7394400000001,254.26404000000002,210.81743999999992,1,-1,-1,-1
788,1028,311.25012000000004,294.25064,79.11892999999998,45.900513000000046,1,-1,-1,-1
1439,373,583.0922,66.41909,51.05480999999986,34.751580000000004,1,-1,-1,-1
1043,1051,103.49635,559.746,230.13670000000002,206.92711999999983,1,-1,-1,-1
1506,373,556.8324,196.1697,70.82556,53.529556000000014,1,-1,-1,-1
97,1044,598.16046,44.50862,43.327087000000006,31.513283000000023,1,-1,-1,-1
1468,373,578.85297,105.8447,57.63855000000001,42.18029,1,-1,-1,-1
90,1044,597.80176,38.740482,42.23803699999985,30.871601,1,-1,-1,-1
176,1044,584.63245,126.49277,56.99957299999994,41.52447500000001,1,-1,-1,-1
994,1051,100.0303,560.1340299999999,232.99212999999997,207.20673,1,-1,-1,-1
757,1028,594.7806400000001,302.26984,79.72893999999974,64.78339,1,-1,-1,-1
1556,373,524.03076,316.26205,109.42895500000009,86.93173000000002,1,-1,-1,-1
1074,1051,98.26586999999999,559.0547,234.14835,207.96691999999996,1,-1,-1,-1
1054,1051,97.92434,559.1929299999999,234.95941000000002,207.82208000000026,1,-1,-1,-1
1456,373,582.2454,86.64258000000001,51.86554000000001,38.12988299999999,1,-1,-1,-1
157,1044,596.2739,100.55149,52.48370399999999,39.861609999999985,1,-1,-1,-1
1470,373,578.98376,110.11845,56.123780000000124,43.154167,1,-1,-1,-1
1397,373,567.48663,22.314885999999998,51.06597999999997,33.20993800000001,1,-1,-1,-1
986,1051,97.22932,559.8646,235.51663,207.62604,1,-1,-1,-1
1449,373,584.95636,78.80906999999999,52.31133999999997,37.493700000000004,1,-1,-1,-1
782,1028,321.6674,294.4509,119.41669000000007,50.416472999999996,1,-1,-1,-1
1118,1051,636.8214,586.0326,631.2046,229.40630999999996,1,-1,-1,-1
999,1051,97.11445,559.8529,235.79937999999996,207.50811999999985,1,-1,-1,-1
197,1044,563.85205,159.99068,62.29821800000002,48.64681999999999,1,-1,-1,-1
34,1044,663.2231400000001,18.304047,69.21673599999974,30.380043000000004,1,-1,-1,-1
1436,373,582.55804,63.24403,50.16870000000017,35.239956,1,-1,-1,-1
1105,1051,138.89705,564.86914,282.26288,218.24811,1,-1,-1,-1
751,1028,587.2783,309.62512000000004,85.64435000000003,65.70623999999998,1,-1,-1,-1
1005,1051,98.75021,559.65704,234.19296000000003,207.62427000000014,1,-1,-1,-1
827,1051,393.93518,287.66837000000004,126.02014000000003,61.83428999999995,1,-1,-1,-1
1059,1051,99.534966,558.9582,233.0501700000001,209.03607,1,-1,-1,-1
781,1028,316.4538,292.82684,141.5969,55.245180000000005,1,-1,-1,-1
149,1044,597.78204,92.30273000000001,49.66497800000013,38.46518699999997,1,-1,-1,-1
1501,373,560.1958599999999,180.68575,70.08868400000017,53.087264999999974,1,-1,-1,-1
1110,1051,206.00569,567.44464,453.92584,233.97497999999996,1,-1,-1,-1
1411,373,572.9062,35.518295,54.37347399999999,33.056586999999986,1,-1,-1,-1
943,1051,245.89061,464.9375,211.63179,158.52649000000008,1,-1,-1,-1
1122,1051,995.96625,583.84045,625.8564000000001,225.9926099999999,1,-1,-1,-1
1082,1051,91.80091,558.0502299999999,240.93579,209.38263000000018,1,-1,-1,-1
1614,373,769.79755,480.66812000000004,518.4425699999999,223.86147999999991,1,-1,-1,-1
101,1044,598.7857700000001,47.425915,43.14239499999974,31.136882999999997,1,-1,-1,-1
107,1044,599.3944,51.339940000000006,45.693175999999994,34.024623999999996,1,-1,-1,-1
714,1028,569.39233,368.30392,127.26208500000007,100.83420000000001,1,-1,-1,-1
1457,373,582.1531,88.10633,51.44568000000004,40.195183,1,-1,-1,-1
983,1051,97.40343,559.5798,235.85965999999996,207.68706999999984,1,-1,-1,-1
865,1051,441.09995,303.3549,84.09921000000003,66.44272000000001,1,-1,-1,-1
1492,373,567.19556,155.00233,64.58678999999995,50.12434400000001,1,-1,-1,-1
232,1044,466.37732,207.52647,109.15564,58.72395300000002,1,-1,-1,-1
967,1051,95.45464,548.71454,241.79648000000003,208.31915000000015,1,-1,-1,-1
1393,373,561.8421599999999,20.278742,53.24255400000027,32.147163,1,-1,-1,-1
105,1044,599.19495,50.49762,45.05847000000006,32.934303,1,-1,-1,-1
1627,373,1685.6292,442.0344,234.37085000000002,220.25216999999998,1,-1,-1,-1
425,10,1654.6008,946.9087,178.70240000000013,131.21802000000002,1,-1,-1,-1
1548,373,531.85583,302.31737999999996,100.73706000000004,78.87182600000006,1,-1,-1,-1
1584,373,474.49228,385.29868,164.68832000000003,140.22573999999997,1,-1,-1,-1
426,10,1633.3024,948.307,173.30102999999986,130.76891999999998,1,-1,-1,-1
99,1044,598.45105,45.455032,43.76568600000007,31.608756999999997,1,-1,-1,-1
1462,373,580.6144,97.04196999999999,55.037169999999946,39.25654000000003,1,-1,-1,-1
163,1044,594.6062,107.90584,53.71801800000003,41.75887999999999,1,-1,-1,-1
1574,373,497.2048,355.52572999999995,143.35635000000002,116.63193000000001,1,-1,-1,-1
696,1028,560.68256,423.2744,164.34636999999998,128.77337999999997,1,-1,-1,-1
1389,373,564.7499,18.51778,50.954223999999954,31.095325,1,-1,-1,-1
996,1051,99.72944,559.9737,232.95346,207.20532000000003,1,-1,-1,-1
1512,373,556.2346,214.10877999999997,71.62572999999998,57.581894000000034,1,-1,-1,-1
694,1028,561.81757,429.85623,165.74243000000013,133.37106000000006,1,-1,-1,-1
703,1028,561.53534,399.76355,146.38043000000016,117.48205599999994,1,-1,-1,-1
746,1028,584.61914,312.30573,90.89850000000001,70.091095,1,-1,-1,-1
728,1028,580.021,339.16327,106.31763000000001,84.77499399999994,1,-1,-1,-1
691,1028,562.4011,441.5557,180.16339000000005,139.61685,1,-1,-1,-1
82,1044,594.0887,33.475770000000004,43.12750200000016,30.767295999999995,1,-1,-1,-1
1567,373,512.2313,337.25055,127.49292000000014,101.612976,1,-1,-1,-1
180,1044,581.63666,131.19316,56.78796399999999,43.674362,1,-1,-1,-1
1058,1051,100.35383,559.0221,232.29163,208.98090000000002,1,-1,-1,-1
1077,1051,99.19688000000001,559.32605,233.25747999999993,207.84045000000003,1,-1,-1,-1
1464,373,580.1844,99.99380500000001,56.16198699999984,40.741060000000004,1,-1,-1,-1
972,178,1759.0979,497.01395,160.90210000000002,189.23317999999995,1,-1,-1,-1
695,1028,560.87134,427.18503,166.68242999999995,130.70145000000002,1,-1,-1,-1
1533,373,549.2017,274.83127,83.12127999999984,65.57559000000003,1,-1,-1,-1
1523,373,553.6507,245.90855,82.70068000000015,62.48549000000003,1,-1,-1,-1
831,1051,416.66315,285.2814,123.01739499999985,64.35561999999999,1,-1,-1,-1
1081,1051,94.46783,558.1365,238.53485,209.19817999999987,1,-1,-1,-1
956,178,887.20557,690.952,361.28308000000004,276.4404300000001,1,-1,-1,-1
813,1051,306.9174,292.70746,85.60162000000003,52.168181999999945,1,-1,-1,-1
49,1044,604.1146,18.229958,53.225708000000054,29.789692,1,-1,-1,-1
494,1049,730.3968,833.79535,199.42078000000004,239.59918000000005,1,-1,-1,-1
88,1044,596.7199,37.313526,42.77588000000014,30.922199999999997,1,-1,-1,-1
1427,373,579.4554400000001,52.22834,55.73290999999983,35.65976000000002,1,-1,-1,-1
913,1051,502.17728,369.82312,130.74625000000003,102.01885999999996,1,-1,-1,-1
1112,1051,249.44032,572.5461,530.5236,229.58167000000003,1,-1,-1,-1
220,1044,543.11194,195.85896,70.24041999999997,56.105560000000025,1,-1,-1,-1
76,1044,591.4459,31.4132,42.37323000000015,30.117126000000003,1,-1,-1,-1
47,1044,612.51965,18.116518,51.74048000000005,28.258630000000004,1,-1,-1,-1
668,1028,1049.9086,509.10062,515.2173,181.92422000000005,1,-1,-1,-1
1067,1051,100.81591999999999,559.0273,232.35253999999998,208.21300999999983,1,-1,-1,-1
876,1051,462.65787,314.44858,88.74752999999998,68.12152000000003,1,-1,-1,-1
1572,373,502.32654,348.48947000000004,138.03204000000017,114.00674399999991,1,-1,-1,-1
190,1044,569.30566,146.64323000000002,61.14850000000001,46.108611999999994,1,-1,-1,-1
1546,373,533.60767,300.79828,97.48113999999998,75.74878000000001,1,-1,-1,-1
737,1028,583.46765,325.25647000000004,98.25214000000005,74.56011999999998,1,-1,-1,-1
840,1051,431.3575,283.96204,120.79024999999996,64.77048000000002,1,-1,-1,-1
875,1051,460.74185,312.90912000000003,88.32870500000001,67.76983999999999,1,-1,-1,-1
233,1044,457.34958,209.07939,111.013214,58.120987000000014,1,-1,-1,-1
124,1044,597.7036,66.70402,48.141296000000125,34.875443000000004,1,-1,-1,-1
1440,373,583.5715,67.11289000000001,53.06567400000006,36.506508,1,-1,-1,-1
1487,373,570.5907,143.32814,62.988647000000014,46.70770300000001,1,-1,-1,-1
1618,373,1024.3491,486.9822,584.6194,217.17659999999984,1,-1,-1,-1
664,1028,1264.3875,494.9465,520.9040499999999,190.52780000000018,1,-1,-1,-1
131,1044,598.3354,73.14520999999999,48.785582999999974,35.646225000000015,1,-1,-1,-1
1428,373,575.84247,53.181175,55.15881300000012,36.61486,1,-1,-1,-1
659,1028,1485.7029,476.30634000000003,434.29711999999995,184.30077999999997,1,-1,-1,-1
222,1044,537.3685,198.82675,72.66296399999987,55.61907999999997,1,-1,-1,-1
98,1044,598.3998,44.925564,43.152526999999964,31.516879999999993,1,-1,-1,-1
884,1051,475.32263,323.51282000000003,98.78766000000007,72.31646999999998,1,-1,-1,-1
207,1044,556.49536,177.86597,63.68700999999999,50.42283599999999,1,-1,-1,-1
1569,373,508.13812,341.66895,133.04955999999999,106.88843000000003,1,-1,-1,-1
698,1028,564.83075,416.6843,153.24529999999993,123.30385999999999,1,-1,-1,-1
863,1051,436.33957000000004,301.17807,82.90084999999993,65.49640000000005,1,-1,-1,-1
38,1044,645.86633,15.379092000000002,68.65448000000004,30.955269,1,-1,-1,-1
65,1044,584.9976,23.571645999999998,42.81897000000015,30.422243000000005,1,-1,-1,-1
201,1044,560.0292,166.4804,64.18060000000003,49.22116,1,-1,-1,-1
951,178,843.2719,772.3163,422.3559,301.42493000000013,1,-1,-1,-1
1098,1051,102.52552,559.7918,232.4067400000001,209.07397000000003,1,-1,-1,-1
1622,373,1320.7582,469.97137000000004,591.2744,224.91046,1,-1,-1,-1
969,1051,102.823654,554.91656,230.84425000000002,206.96551999999997,1,-1,-1,-1
1126,1051,1394.2325,552.1872599999999,525.76746,222.2421300000001,1,-1,-1,-1
1404,373,574.0273,30.559532,44.90594499999986,31.828197,1,-1,-1,-1
1430,373,568.3746,55.977036,63.066283999999996,37.840774999999994,1,-1,-1,-1
911,1051,503.23575,365.63614,129.71285999999992,99.05545000000001,1,-1,-1,-1
967,178,1351.3108,567.03094,463.7320600000003,216.03113000000008,1,-1,-1,-1
1498,373,562.34485,171.05373,67.23168999999984,52.425903000000005,1,-1,-1,-1
228,1044,500.40997000000004,204.51039,93.83373999999992,57.87867700000001,1,-1,-1,-1
112,1044,599.1713,55.392963,47.35925299999985,34.51506999999999,1,-1,-1,-1
765,1028,555.61914,293.9949,98.22656000000018,62.96963500000004,1,-1,-1,-1
229,1044,491.11517000000003,204.23286000000002,99.43883999999991,58.99376000000001,1,-1,-1,-1
955,1051,152.22388,509.7623,231.55304,184.19179999999983,1,-1,-1,-1
151,1044,597.2394,93.72129,50.33465599999988,39.347663999999995,1,-1,-1,-1
989,1051,96.87961999999999,560.0373,236.09962000000002,207.25854000000004,1,-1,-1,-1
971,178,1667.5889,498.1309,252.41113000000018,214.45834000000002,1,-1,-1,-1
74,1044,590.8373,29.4947,42.834716999999955,30.279424999999996,1,-1,-1,-1
953,1051,171.02223,502.17282,218.99204999999998,180.6871,1,-1,-1,-1
1497,373,562.8276400000001,168.9307,66.0334499999999,50.29458599999998,1,-1,-1,-1
1394,373,564.6924,20.66564,51.329834000000005,32.64353,1,-1,-1,-1
745,1028,584.9224,313.91364,92.26946999999996,70.31380999999999,1,-1,-1,-1
963,1051,100.99248,538.4549,248.12154000000004,199.60821999999985,1,-1,-1,-1
57,1044,588.3217,20.343708,44.50451699999985,30.587830000000004,1,-1,-1,-1
880,1051,467.99088,318.2945,94.52591000000001,70.80907999999994,1,-1,-1,-1
1048,1051,100.324326,559.8407,232.82018,206.9258400000001,1,-1,-1,-1
655,1028,1654.9203,454.71637000000004,265.0797,200.0997999999998,1,-1,-1,-1
1073,1051,98.35049000000001,559.0699,234.03673999999998,207.97028,1,-1,-1,-1
964,1051,90.162964,541.15295,255.00421000000006,201.20177999999999,1,-1,-1,-1
95,1044,598.0785,43.519882,43.526430000000005,30.823935999999996,1,-1,-1,-1
1000,1051,95.49925999999999,559.7641,237.39008,207.56128,1,-1,-1,-1
896,1051,495.77617999999995,340.03778,109.44592,80.25054999999998,1,-1,-1,-1
116,1044,598.4856599999999,58.99386,47.890380000000164,34.967224,1,-1,-1,-1
30,1044,681.8775,21.039667,57.220276000000126,28.768521999999997,1,-1,-1,-1
1474,373,577.4331,117.59621399999999,58.349915000000124,44.13791700000003,1,-1,-1,-1
958,1051,112.76462,523.66406,253.05167,189.12720000000002,1,-1,-1,-1
1119,1051,707.7412,586.8556,634.1057,225.24048000000005,1,-1,-1,-1
1628,373,1772.886,434.84424,147.11401000000023,215.84882000000016,1,-1,-1,-1
1461,373,581.32745,95.608315,54.55529799999999,39.09751,1,-1,-1,-1
80,1044,593.3784,32.713802,42.78625499999987,30.275589000000004,1,-1,-1,-1
1459,373,582.5908,90.904335,53.21045000000004,40.39951300000001,1,-1,-1,-1
1507,373,556.1128,198.5784,72.57257000000004,54.99962000000002,1,-1,-1,-1
117,1044,598.0623,60.549484,48.35015999999996,35.778534,1,-1,-1,-1
1538,373,542.64594,286.20162999999997,89.53478999999993,69.13226000000003,1,-1,-1,-1
1108,1051,183.98892,571.2724,351.82455000000004,223.79791,1,-1,-1,-1
114,1044,598.2454,57.769863,47.329162999999994,33.925724,1,-1,-1,-1
70,1044,588.4137,26.285753000000003,42.51446499999986,29.898236999999998,1,-1,-1,-1
818,1051,313.14767,293.72317999999996,132.5292,54.052580000000034,1,-1,-1,-1
1011,1051,99.13855,559.6958599999999,233.37219999999996,207.28894000000025,1,-1,-1,-1
970,1051,103.16019399999999,556.51086,229.52026,206.6080300000001,1,-1,-1,-1
1480,373,573.4321,127.40557,60.805541999999946,47.17978700000002,1,-1,-1,-1
1406,373,564.1296,30.578495,56.48632999999984,33.95742399999999,1,-1,-1,-1
674,1028,762.8417,511.82462000000004,461.01769999999965,168.5487399999999,1,-1,-1,-1
941,1051,265.68903,457.07735999999994,206.62372,155.64377000000007,1,-1,-1,-1
202,1044,559.6657,169.1452,63.40380999999991,48.46052599999999,1,-1,-1,-1
970,178,1603.7008,509.4812,316.2991999999999,217.68572999999998,1,-1,-1,-1
957,1051,116.33672,520.0381,255.57876999999996,187.22839999999997,1,-1,-1,-1
895,1051,494.4577,337.7343,107.25207500000005,79.92879999999997,1,-1,-1,-1
806,1051,308.036,291.14386,72.482574,53.86303700000008,1,-1,-1,-1
1534,373,548.6353,276.94806,82.82135000000017,65.87701400000003,1,-1,-1,-1
1049,1051,99.139786,559.62067,233.55420999999996,207.32323999999994,1,-1,-1,-1
735,1028,582.53345,327.08127,100.12334999999996,77.39794999999998,1,-1,-1,-1
1551,373,529.18427,308.1076,101.90002400000003,79.68588,1,-1,-1,-1
992,1051,96.67105,559.5207,236.32306000000005,208.27997000000016,1,-1,-1,-1
706,1028,562.5563,389.968,139.19226000000003,111.91289999999998,1,-1,-1,-1
1466,373,580.2604,102.46049000000001,56.040039999999976,42.039159999999995,1,-1,-1,-1
936,1051,320.21707000000004,436.27365,200.49850000000004,142.30246,1,-1,-1,-1
817,1051,316.2173,292.99106,118.77611999999999,51.13040000000001,1,-1,-1,-1
948,178,856.4154699999999,839.6416,491.20758,240.35839999999996,1,-1,-1,-1
33,1044,668.19604,19.498606,64.93670999999995,29.484724000000003,1,-1,-1,-1
1496,373,562.7786,165.88576,66.41052000000002,50.170210000000026,1,-1,-1,-1
947,178,882.2701400000001,865.21875,515.63354,214.78125,1,-1,-1,-1
218,1044,547.4876,192.58821,68.16265999999996,55.456604,1,-1,-1,-1
761,1028,583.0216,297.41742,85.91161999999997,64.46936,1,-1,-1,-1
64,1044,586.71606,22.854378,40.97216800000001,30.445900000000012,1,-1,-1,-1
29,1044,685.3695,20.378432999999998,49.57238800000016,28.977230000000002,1,-1,-1,-1
1412,373,570.8143299999999,36.566555,55.70166000000006,33.374255999999995,1,-1,-1,-1
1121,1051,899.6442,583.1875,630.8682000000001,226.33916999999997,1,-1,-1,-1
67,1044,584.7742,24.283504,42.755250000000046,30.526379,1,-1,-1,-1
1016,1051,98.370094,559.356,234.0474900000001,207.74254999999982,1,-1,-1,-1
1491,373,568.15436,152.63148,63.36096199999997,49.341796999999985,1,-1,-1,-1
678,1028,657.7331,494.57242,360.3100599999999,168.36118000000016,1,-1,-1,-1
847,1051,423.74094,286.04477,112.42361500000015,62.928986000000066,1,-1,-1,-1
48,1044,608.5128,18.916094,54.36071800000002,29.285666,1,-1,-1,-1
1587,373,464.7766,394.58673,174.09290000000004,144.4148,1,-1,-1,-1
1084,1051,98.68348,558.428,233.9444,209.09375,1,-1,-1,-1
770,1028,485.04815999999994,289.05062999999996,126.78705000000002,65.07599000000005,1,-1,-1,-1
1038,1051,98.63095,559.57166,234.98322000000002,207.50464,1,-1,-1,-1
86,1044,595.6046,36.912083,43.41870000000017,29.869235999999994,1,-1,-1,-1
32,1044,674.1984,20.117912,60.535889999999995,28.940647000000002,1,-1,-1,-1
888,1051,481.88727,329.47552,101.53808599999996,73.686554,1,-1,-1,-1
206,1044,557.27423,176.33301,63.65759300000002,50.64016699999999,1,-1,-1,-1
736,1028,583.2922,325.9836,99.30120999999997,76.20987000000008,1,-1,-1,-1
869,1051,448.44735999999995,306.02362,85.09219000000002,67.544464,1,-1,-1,-1
1434,373,581.0177,59.498474,52.38379000000009,37.714020000000005,1,-1,-1,-1
1013,1051,99.25575,559.7639,233.28426,207.19238000000007,1,-1,-1,-1
235,1044,445.53583,209.81922999999998,109.75622600000003,60.18464700000001,1,-1,-1,-1
126,1044,597.7085599999999,67.77280400000001,47.92407200000025,35.772902999999985,1,-1,-1,-1
1531,373,552.1904,269.4481,80.06317000000001,64.63909999999998,1,-1,-1,-1
118,1044,596.81036,61.594882999999996,49.18469200000004,35.09683000000001,1,-1,-1,-1
873,1051,454.5252,311.55862,88.61846999999983,65.85675000000003,1,-1,-1,-1
137,1044,597.9931,79.31019599999999,48.41681000000017,36.21015,1,-1,-1,-1
950,178,847.8054,790.2359,440.90845000000013,283.51030000000003,1,-1,-1,-1
434,10,1451.503,841.2738,174.11194,230.70434999999986,1,-1,-1,-1
774,1028,416.81476000000004,289.84256,144.58782999999977,61.750305000000026,1,-1,-1,-1
1125,1051,1281.1609,570.1631,576.75415,224.05768,1,-1,-1,-1
1007,1051,99.52835,559.7082,233.65668,207.63788,1,-1,-1,-1
119,1044,597.18066,62.27171,49.00250200000005,35.093258000000006,1,-1,-1,-1
1128,1051,1559.2606,529.6709,360.73938,216.91113000000007,1,-1,-1,-1
679,1028,644.94525,488.26455999999996,341.01995999999997,167.15231000000006,1,-1,-1,-1
146,1044,597.80145,89.660995,48.369507,36.68044999999999,1,-1,-1,-1
1405,373,566.73615,30.465677000000003,53.88684000000012,33.542632999999995,1,-1,-1,-1
215,1044,549.04016,189.45033,67.98071000000016,52.545242,1,-1,-1,-1
1087,1051,99.46598,558.7766,233.50592,208.52765,1,-1,-1,-1
1424,373,580.1818,48.053936,50.313477000000034,35.292133,1,-1,-1,-1
1484,373,572.624,137.24956,61.20788600000003,45.099181999999985,1,-1,-1,-1
959,178,941.91986,654.44543,379.76995999999986,254.62401999999997,1,-1,-1,-1
739,1028,584.1314,322.83057,94.875,73.605774,1,-1,-1,-1
1573,373,500.88922,351.93323,138.88775999999996,114.15634000000006,1,-1,-1,-1
28,1044,688.94763,20.631647,44.978880000000004,28.137392,1,-1,-1,-1
1455,373,583.0395,86.49014,50.95581000000004,37.359055,1,-1,-1,-1
1444,373,580.9452,71.25621,52.35479699999996,37.11187700000002,1,-1,-1,-1
1078,1051,100.31971999999999,559.1298,232.11751,208.1477,1,-1,-1,-1
1560,373,521.04895,324.26492,114.45410000000004,91.67678999999998,1,-1,-1,-1
775,1028,405.19748,288.02097000000003,143.97964000000007,64.58413999999999,1,-1,-1,-1
969,178,1515.726,533.99146,404.27405,209.73577999999986,1,-1,-1,-1
1099,1051,102.300545,561.2185,232.4691200000001,207.67962999999986,1,-1,-1,-1
1576,373,492.8695,359.07062,146.93957999999998,120.47528,1,-1,-1,-1
1553,373,527.6911,311.1566,104.05535999999995,82.451324,1,-1,-1,-1
1414,373,578.7186,38.964287,48.485412999999994,32.307266,1,-1,-1,-1
1396,373,567.2168,21.803879000000002,51.09258999999997,32.82867999999999,1,-1,-1,-1
433,10,1474.3888,859.2544,172.0269800000001,202.64782999999989,1,-1,-1,-1
1002,1051,98.314026,559.7344400000001,234.83459999999997,207.7390099999999,1,-1,-1,-1
1429,373,570.6664400000001,54.383385,60.42468299999973,37.68644700000001,1,-1,-1,-1
432,10,1496.4865,862.2541,169.70398,206.79791000000012,1,-1,-1,-1
1518,373,557.1377,233.68722999999997,74.44189500000005,59.49044799999999,1,-1,-1,-1
894,1051,493.23654000000005,336.55203,106.45638999999977,79.47710999999998,1,-1,-1,-1
192,1044,567.3397,150.10166999999998,61.978638000000046,47.63910000000001,1,-1,-1,-1
658,1028,1519.6024,468.5452,400.39758000000006,193.66605000000015,1,-1,-1,-1
1505,373,557.3321,192.59148000000002,70.78747599999986,53.91063,1,-1,-1,-1
702,1028,562.2012,403.09533999999996,145.52625,118.17926,1,-1,-1,-1
92,1044,597.9162,39.921402,42.58660999999995,31.796188,1,-1,-1,-1
203,1044,559.3841,169.8881,63.98517000000004,50.607939999999985,1,-1,-1,-1
183,1044,578.38715,136.25887,57.169250000000034,44.568985,1,-1,-1,-1
71,1044,589.3482700000001,26.949759999999998,42.40667699999983,29.858387000000015,1,-1,-1,-1
1611,373,626.0547,473.4321,439.94275000000005,214.0842,1,-1,-1,-1
673,1028,802.38306,512.4312,479.6933600000001,173.1409900000001,1,-1,-1,-1
1479,373,575.0438,125.94216999999999,58.261290000000145,45.38777000000006,1,-1,-1,-1
897,1051,496.46752999999995,341.93847999999997,111.00409000000008,81.34247000000005,1,-1,-1,-1
181,1044,580.85095,133.67412,56.838257,43.42396500000001,1,-1,-1,-1
1438,373,582.12354,65.44821999999999,51.85693400000014,35.00174700000002,1,-1,-1,-1
1536,373,545.0056,281.0299,86.74707000000001,68.33911,1,-1,-1,-1
1613,373,718.41583,480.70813,494.0771000000001,215.44781,1,-1,-1,-1
1041,1051,108.270226,559.8787,225.58249,207.14124000000004,1,-1,-1,-1
877,1051,464.22025,316.1379,90.65475499999997,68.34436,1,-1,-1,-1
1044,1051,101.462814,559.6675,231.89803,207.17010000000016,1,-1,-1,-1
846,1051,424.51834,285.632,114.77193999999992,63.270905000000084,1,-1,-1,-1
958,178,924.85455,665.6691,364.92499999999995,256.6120000000001,1,-1,-1,-1
759,1028,591.6786,299.53574,83.43469000000005,64.74216000000001,1,-1,-1,-1
102,1044,598.54065,48.571746999999995,43.813354000000004,30.76699000000003,1,-1,-1,-1
733,1028,582.3731,331.11044,100.9339,79.11950999999999,1,-1,-1,-1
1585,373,468.11105,389.9455,169.86014000000011,142.30127,1,-1,-1,-1
747,1028,585.58575,312.30402000000004,87.92480499999999,69.78673999999995,1,-1,-1,-1
193,1044,566.7268,152.05746000000002,61.28887999999995,48.35902399999998,1,-1,-1,-1
767,1028,533.65076,292.12555,107.52715999999998,63.838165000000004,1,-1,-1,-1
960,1051,114.14577,530.4519700000001,246.53617999999997,194.58159999999975,1,-1,-1,-1
171,1044,589.7174,118.14351,55.49017300000003,42.658812999999995,1,-1,-1,-1
148,1044,597.45276,91.66178000000001,49.726073999999926,38.21063999999997,1,-1,-1,-1
1599,373,443.68524,435.5754,222.98131999999998,180.67867999999993,1,-1,-1,-1
956,1051,123.641624,518.9082,255.83743000000004,180.5983900000001,1,-1,-1,-1
45,1044,616.8566,19.101389,57.330017,28.577902000000005,1,-1,-1,-1
710,1028,564.66583,378.154,134.63489000000015,105.85522500000002,1,-1,-1,-1
27,1044,693.0034,22.465242,42.11999500000013,27.600653000000005,1,-1,-1,-1
430,10,1540.9231,899.14734,165.7486600000002,171.17578000000003,1,-1,-1,-1
1610,373,599.7809,471.35195999999996,423.57452,212.1637300000001,1,-1,-1,-1
684,1028,584.717,465.2481,243.07196,157.51117,1,-1,-1,-1
162,1044,594.6699,107.68753000000001,53.469055000000026,39.82302999999999,1,-1,-1,-1
763,1028,572.4,296.3874,90.5913700000001,63.527100000000075,1,-1,-1,-1
982,1051,96.14180999999999,559.47644,237.17609000000002,207.64160000000015,1,-1,-1,-1
61,1044,586.2374,21.295473,40.77667199999985,30.400441999999998,1,-1,-1,-1
133,1044,598.18756,75.966576,49.23083499999984,36.107445,1,-1,-1,-1
966,1051,91.379234,546.3282,248.73089999999996,205.23004000000014,1,-1,-1,-1
79,1044,592.4266,32.438354,42.859069999999974,29.859798000000005,1,-1,-1,-1
700,1028,562.3634599999999,411.16317999999995,151.74371000000008,121.64499000000006,1,-1,-1,-1
939,1051,287.90424,448.01193,204.04953,153.14597000000003,1,-1,-1,-1
978,1051,97.49947,559.9546,235.69705000000002,207.22704999999996,1,-1,-1,-1
689,1028,563.6132,446.5212,193.94128,145.52553999999998,1,-1,-1,-1
1027,1051,94.34678000000001,559.1512,238.24993999999998,207.64672999999993,1,-1,-1,-1
721,1028,575.3664,351.6715,116.32104500000003,91.45184000000006,1,-1,-1,-1
946,1051,216.00192,479.57422,219.89316,160.58557000000002,1,-1,-1,-1
1009,1051,99.87355,559.5662,232.59917000000004,207.45862,1,-1,-1,-1
1561,373,520.0695,325.68967000000004,116.62286000000006,93.94277999999997,1,-1,-1,-1
156,1044,596.2788,99.19899000000001,52.38421600000015,39.785033999999996,1,-1,-1,-1
1129,1051,1659.1749,524.5815,260.8250700000001,211.37170000000003,1,-1,-1,-1
1514,373,557.09265,220.7613,71.93848000000014,58.44111600000002,1,-1,-1,-1
62,1044,586.82367,21.761786999999998,40.02410999999995,30.473042000000014,1,-1,-1,-1
738,1028,584.0768,324.02176000000003,96.25525000000016,73.60016000000002,1,-1,-1,-1
60,1044,586.8702,20.999592,40.47747800000002,30.33878,1,-1,-1,-1
907,1051,503.53287,356.8985,123.41189599999996,95.64220999999998,1,-1,-1,-1
652,1028,1807.1511,481.3284,112.84888000000001,151.28145999999992,1,-1,-1,-1
972,1051,98.730774,558.29395,233.66351000000003,207.83893,1,-1,-1,-1
857,1051,428.3516,294.54562000000004,78.168365,63.92107999999996,1,-1,-1,-1
1542,373,539.65393,293.24387,91.39654500000006,72.95047,1,-1,-1,-1
1109,1051,196.36504,569.79755,403.6249399999999,229.39824999999996,1,-1,-1,-1
740,1028,584.0077,321.19214,94.18828999999982,73.54845999999998,1,-1,-1,-1
1629,373,1855.9446,453.9948,64.05541999999991,159.50786999999997,1,-1,-1,-1
758,1028,593.61584,301.27744,80.78301999999996,64.137024,1,-1,-1,-1
1595,373,442.58527000000004,422.12476,203.2354099999999,167.0883800000001,1,-1,-1,-1
1520,373,557.6047,238.41472000000002,78.293274,61.937606999999986,1,-1,-1,-1
851,1051,423.09792999999996,288.70706,96.05051000000009,62.39266999999995,1,-1,-1,-1
170,1044,590.7132,117.375725,55.2713,41.833107,1,-1,-1,-1
165,1044,593.25586,110.84018999999999,54.51220699999999,41.22295400000006,1,-1,-1,-1
1476,373,577.2042,121.96615600000001,57.07836999999995,43.432143999999994,1,-1,-1,-1
990,1051,96.40988,559.62415,236.43973,207.96282999999994,1,-1,-1,-1
40,1044,637.6116,16.873962,66.91314999999986,29.742947,1,-1,-1,-1
46,1044,613.9462,17.990662,52.97295999999983,28.98713700000001,1,-1,-1,-1
826,1051,384.60607999999996,288.4222,132.8090200000001,60.47479199999992,1,-1,-1,-1
175,1044,586.27155,123.968414,56.27087400000005,41.855605999999995,1,-1,-1,-1
785,1028,306.2534,292.12994,97.82492000000002,53.128754000000015,1,-1,-1,-1
63,1044,586.68243,21.777493,40.47241199999985,30.658202999999993,1,-1,-1,-1
667,1028,1111.6598,504.1988,500.5368699999997,187.24774000000002,1,-1,-1,-1
178,1044,583.6177,128.72058,57.10564999999997,42.763626000000016,1,-1,-1,-1
998,1051,97.12035999999999,559.9617,235.80054,207.37279999999987,1,-1,-1,-1
75,1044,590.6894,30.323297999999998,42.93280000000004,30.766446999999996,1,-1,-1,-1
1607,373,520.4173599999999,457.89145,327.1923200000001,201.38950000000017,1,-1,-1,-1
1454,373,582.5559,84.923454,51.875,37.62907399999999,1,-1,-1,-1
769,1028,502.3236,291.0484,119.73369999999983,63.55475000000001,1,-1,-1,-1
1460,373,582.57776,93.90298,53.584716999999955,39.53023499999999,1,-1,-1,-1
920,1051,489.07584,386.6361,143.71688999999998,113.22842400000002,1,-1,-1,-1
1437,373,580.0776,64.36232,52.89910999999984,35.32119,1,-1,-1,-1
496,1049,987.2066699999999,899.1428,208.92590000000007,174.52904999999998,1,-1,-1,-1
1104,1051,117.3687,563.52734,274.36945000000003,217.81646999999998,1,-1,-1,-1
712,1028,566.952,373.7781,131.05377,104.48604999999998,1,-1,-1,-1
1127,1051,1457.9608,542.8787,462.03918,217.17010000000005,1,-1,-1,-1
179,1044,582.48425,129.57994,57.4809570000001,43.307556000000005,1,-1,-1,-1
106,1044,599.2590299999999,51.409386,45.443604000000164,33.414017,1,-1,-1,-1
661,1028,1394.5369,486.65805,507.80150000000003,189.43349999999998,1,-1,-1,-1
1524,373,557.06805,249.04431,77.55694600000004,62.64132699999999,1,-1,-1,-1
143,1044,597.2644,85.32939,48.91443000000015,37.30978399999999,1,-1,-1,-1
1503,373,557.6174,186.58345,69.30535999999984,52.18985000000001,1,-1,-1,-1
147,1044,597.3929400000001,90.130615,49.58733999999993,37.95582599999997,1,-1,-1,-1
670,1028,937.8055,514.18097,507.20354999999984,174.15088000000003,1,-1,-1,-1
777,1028,367.20316,289.3216,147.71103000000005,61.02276600000005,1,-1,-1,-1
849,1051,423.82516,287.79276,103.30417,61.794006000000024,1,-1,-1,-1
879,1051,466.41805999999997,317.95257999999995,92.74771000000021,69.76459000000006,1,-1,-1,-1
132,1044,598.53143,74.37204,48.70519999999999,36.54048,1,-1,-1,-1
1442,373,579.57965,69.12678000000001,55.7027599999999,37.60020399999999,1,-1,-1,-1
189,1044,571.3453400000001,144.89162,59.90575999999987,45.96281400000001,1,-1,-1,-1
1001,1051,99.43706999999999,559.72485,233.71033,207.82227000000012,1,-1,-1,-1
1117,1051,542.00653,575.3679,631.9132699999999,238.47284000000002,1,-1,-1,-1
1558,373,521.60144,320.32653999999997,112.68353000000002,88.69971000000004,1,-1,-1,-1
1510,373,556.2081,208.55993999999998,70.98688000000004,54.93097,1,-1,-1,-1
848,1051,423.68274,287.0182,106.73584,61.99395800000002,1,-1,-1,-1
41,1044,632.8558,16.92575,64.64282000000014,30.451988,1,-1,-1,-1
1023,1051,92.90095,558.6102,240.19565000000003,208.91156,1,-1,-1,-1
764,1028,565.4616,295.48932,92.46502999999984,63.81024000000008,1,-1,-1,-1
715,1028,570.0246,366.72534,125.10497999999984,98.96737999999999,1,-1,-1,-1
1024,1051,92.52892,558.8728,240.75446000000002,208.53278,1,-1,-1,-1
1500,373,559.9629,176.78659,70.67602499999998,53.053560000000004,1,-1,-1,-1
1482,373,573.8333,133.98773,60.906494000000066,45.296250000000015,1,-1,-1,-1
1420,373,581.2239,45.432957,47.73846400000002,32.72488,1,-1,-1,-1
135,1044,598.4201,78.2368,48.049987999999985,34.688559999999995,1,-1,-1,-1
784,1028,309.2512,292.20535,113.46832000000006,53.11007699999999,1,-1,-1,-1
666,1028,1152.402,500.90268,512.0774000000004,189.71616000000012,1,-1,-1,-1
961,178,1014.6521,634.5321700000001,407.81066999999985,238.33092999999974,1,-1,-1,-1
51,1044,598.8771,17.894061999999998,50.35620000000006,30.063183000000002,1,-1,-1,-1
1089,1051,100.58471999999999,558.34735,232.52945,208.32910000000004,1,-1,-1,-1
431,10,1524.5109,892.3606,166.46118,170.02954,1,-1,-1,-1
898,1051,497.0,342.7481,113.10852,83.36337000000003,1,-1,-1,-1
198,1044,563.1625,161.5563,62.08032199999991,48.910156,1,-1,-1,-1
104,1044,598.9672,49.609688,45.025024000000144,32.211684999999996,1,-1,-1,-1
886,1051,479.27512,326.17206,99.90798999999993,73.72519,1,-1,-1,-1
141,1044,597.73517,83.90333000000001,48.28747599999997,35.98290299999999,1,-1,-1,-1
945,178,912.7737,923.2779,523.6885,151.03264999999988,1,-1,-1,-1
1594,373,443.0945,420.67355,199.51010000000002,166.0145,1,-1,-1,-1
980,1051,97.0516,559.89215,236.23996,207.31830000000002,1,-1,-1,-1
128,1044,598.776,69.97567,47.80102499999987,35.470496999999995,1,-1,-1,-1
160,1044,594.8408,104.23231,53.638855000000035,40.61341,1,-1,-1,-1
947,1051,208.11676,479.9268,219.09215999999998,166.19144,1,-1,-1,-1
1004,1051,99.1551,559.5671,233.70111000000009,207.75451999999984,1,-1,-1,-1
1499,373,562.0091,174.61436,67.72375499999998,51.185760000000016,1,-1,-1,-1
1577,373,490.23852999999997,361.80704,148.71832000000006,124.72076400000003,1,-1,-1,-1
786,1028,307.47708,292.9133,85.64859000000001,52.91977000000003,1,-1,-1,-1
1423,373,580.61914,47.16619,50.53802500000006,34.95519999999998,1,-1,-1,-1
1399,373,566.3224,24.459554999999998,52.75079300000016,32.469719999999995,1,-1,-1,-1
1486,373,571.2221,141.21071,62.002807999999845,46.04607999999999,1,-1,-1,-1
208,1044,555.8385599999999,179.5206,63.64605700000027,51.48988299999999,1,-1,-1,-1
805,1051,304.38284,287.12616,77.45245,57.20358299999998,1,-1,-1,-1
36,1044,656.28125,17.216928,74.86706500000003,31.32321,1,-1,-1,-1
1410,373,560.0839,34.235447,62.69152999999983,33.82628300000001,1,-1,-1,-1
1544,373,536.53735,297.69714,94.38598999999988,73.40832499999999,1,-1,-1,-1
1511,373,556.33185,211.2883,70.54614000000015,56.353972999999996,1,-1,-1,-1
842,1051,431.02213,284.56046000000003,119.74959999999993,63.884919999999966,1,-1,-1,-1
835,1051,427.66452000000004,285.26328,122.68636999999978,62.95562699999999,1,-1,-1,-1
428,10,1591.6946,946.9615,160.20177999999987,128.83416999999997,1,-1,-1,-1
93,1044,598.015,41.608326,42.91576999999984,31.24777599999998,1,-1,-1,-1
957,178,905.0682400000001,677.7842400000001,354.23082999999997,265.8482,1,-1,-1,-1
1445,373,580.0968,72.76586999999999,52.909607000000165,37.17201200000001,1,-1,-1,-1
182,1044,579.6819,135.11813,56.89367700000014,44.05623,1,-1,-1,-1
750,1028,586.9495,310.37305,85.62463000000002,66.09042000000005,1,-1,-1,-1
31,1044,678.5577400000001,20.610231,60.52148399999999,28.982512,1,-1,-1,-1
150,1044,597.4253,93.00174,50.01172000000008,38.596817,1,-1,-1,-1
152,1044,597.2918,95.403885,50.81964000000005,38.98220999999998,1,-1,-1,-1
720,1028,575.155,353.98187,118.20489499999985,92.85573999999997,1,-1,-1,-1
1057,1051,100.18474,558.9269400000001,232.39845,209.13659999999982,1,-1,-1,-1
188,1044,572.7384,143.13066,58.36077999999986,46.03976399999999,1,-1,-1,-1
1124,1051,1180.5121,575.0182,604.1354000000001,232.08154000000002,1,-1,-1,-1
752,1028,589.0793,307.88956,84.79742399999998,65.83553999999998,1,-1,-1,-1
910,1051,503.63828,363.6804,128.13889000000017,98.88690000000008,1,-1,-1,-1
819,1051,334.8208,292.30414,122.11400999999995,54.14510999999999,1,-1,-1,-1
1116,1051,460.46304000000003,575.49725,625.5575999999999,237.47015,1,-1,-1,-1
1580,373,483.26807,370.06662,154.74688999999995,131.79727000000003,1,-1,-1,-1
53,1044,594.0937,19.587372,48.231934000000024,28.92509,1,-1,-1,-1
174,1044,587.1909,123.51716,55.85992399999998,41.450096000000045,1,-1,-1,-1
1419,373,581.1578,43.247845,47.49292000000003,33.56031399999998,1,-1,-1,-1
1448,373,583.9952,75.805145,49.300841999999875,38.394800000000004,1,-1,-1,-1
210,1044,554.0344,182.02736000000002,64.57519500000001,52.09101999999996,1,-1,-1,-1
973,1051,95.207115,558.6113,236.93130000000002,207.92194000000006,1,-1,-1,-1
121,1044,599.24774,65.05376,46.27648999999997,34.269059999999996,1,-1,-1,-1
867,1051,445.38457999999997,304.41348,84.02307000000002,65.66901000000001,1,-1,-1,-1
889,1051,483.94614,330.32703,102.70431499999995,74.95627000000002,1,-1,-1,-1
938,1051,298.05102999999997,441.3518,201.54266,153.28905999999995,1,-1,-1,-1
843,1051,429.47412,284.95592999999997,119.88268999999997,63.47339000000005,1,-1,-1,-1
949,178,852.8729,815.13715,459.56690000000015,264.86285,1,-1,-1,-1
187,1044,574.6585,141.38828999999998,57.20953399999996,45.99470500000001,1,-1,-1,-1
942,178,1048.5549,1017.96265,506.7267999999999,62.03735399999994,1,-1,-1,-1
1564,373,517.4851,331.3032,120.11450000000002,98.70760999999993,1,-1,-1,-1
1130,1051,1756.4569,515.78766,163.54309000000012,194.47735999999986,1,-1,-1,-1
766,1028,542.4165,293.0633,104.09191999999996,63.84964000000002,1,-1,-1,-1
130,1044,598.57605,72.2924,48.893249999999966,35.93411999999999,1,-1,-1,-1
968,178,1428.2874,547.31384,476.56177,214.9467199999999,1,-1,-1,-1
155,1044,596.5515,98.145935,52.03674299999989,38.894638,1,-1,-1,-1
944,178,917.8702,957.2742,551.8280599999999,107.33838000000003,1,-1,-1,-1
727,1028,579.98895,342.31424,107.11199999999997,84.74844000000002,1,-1,-1,-1
680,1028,630.3843400000001,482.64954000000006,316.56909999999993,166.93786999999992,1,-1,-1,-1
1097,1051,102.01811,559.32227,232.12431000000004,209.1852399999999,1,-1,-1,-1
168,1044,591.5859,114.95643000000001,54.65746999999999,41.153861999999975,1,-1,-1,-1
144,1044,597.19855,86.11635,49.29492000000005,37.61556200000001,1,-1,-1,-1
748,1028,585.9504400000001,311.69696,87.14550999999983,68.69290000000001,1,-1,-1,-1
966,178,1294.5101,576.9511,461.5213600000002,220.10608000000002,1,-1,-1,-1
1596,373,440.55322,426.92925999999994,206.96497,173.91235,1,-1,-1,-1
1113,1051,279.91956,574.5260599999999,575.0473,227.79926000000012,1,-1,-1,-1
922,1051,477.04578,392.94284,149.99786,117.77316000000002,1,-1,-1,-1
841,1051,431.59137000000004,284.422,120.05706999999978,63.969177,1,-1,-1,-1
683,1028,597.5198,469.27515,258.7517700000001,163.67492999999996,1,-1,-1,-1
830,1051,411.9043,285.23123,124.48907500000001,64.80981400000002,1,-1,-1,-1
915,1051,500.73132000000004,374.7402,134.32288,104.46038999999996,1,-1,-1,-1
1086,1051,95.67217,558.45325,236.96206999999998,208.72504000000015,1,-1,-1,-1
136,1044,598.04486,78.880486,48.07507300000009,35.07289,1,-1,-1,-1
890,1051,485.56035999999995,331.30408,104.61487,75.65395999999998,1,-1,-1,-1
212,1044,551.7345,184.99695,66.65759000000003,52.226410000000016,1,-1,-1,-1
81,1044,593.7207599999999,33.276340000000005,42.67157000000009,30.346603,1,-1,-1,-1
217,1044,548.6448,192.58723,68.296875,55.06879999999998,1,-1,-1,-1
129,1044,598.3447,71.55028,48.87353499999983,35.72545600000001,1,-1,-1,-1
195,1044,564.6252,155.42647,61.41839600000003,47.967163,1,-1,-1,-1
878,1051,465.1106,317.0652,92.12780999999984,69.144135,1,-1,-1,-1
906,1051,503.34042,356.22577,121.50374999999997,92.34210000000002,1,-1,-1,-1
961,1051,115.0279,534.2449,241.78159,194.95269999999994,1,-1,-1,-1
871,1051,450.64752000000004,308.6107,87.29235999999997,66.85949999999997,1,-1,-1,-1
1111,1051,234.02466,568.9876,477.48114,233.67345999999986,1,-1,-1,-1
762,1028,577.7760599999999,296.27985,87.95557000000008,64.64403999999996,1,-1,-1,-1
1562,373,519.1762,327.39026,118.848206,95.54941000000002,1,-1,-1,-1
1415,373,576.6158,40.501125,52.05413999999996,32.367335999999995,1,-1,-1,-1
1085,1051,93.84034,558.1419999999999,238.78015000000002,208.99670000000026,1,-1,-1,-1
96,1044,597.97375,43.081837,43.06262200000003,32.48113,1,-1,-1,-1
1022,1051,92.43674,558.4568,240.76172000000003,209.00603999999998,1,-1,-1,-1
1605,373,489.07892000000004,453.3715,299.34069999999997,198.31942999999995,1,-1,-1,-1
810,1051,312.34085,293.38552999999996,75.80349999999999,47.71014400000013,1,-1,-1,-1
196,1044,564.3325,157.84668,61.63604699999996,48.54889,1,-1,-1,-1
1451,373,583.79626,80.21504,49.5625,38.686462000000006,1,-1,-1,-1
768,1028,518.6076,292.08405,113.78521999999998,63.38668999999999,1,-1,-1,-1
1033,1051,98.67528,559.8443,234.06633000000005,206.68317000000002,1,-1,-1,-1
216,1044,549.1916,190.94751000000002,67.40630999999996,54.22437999999997,1,-1,-1,-1
1093,1051,98.80494,558.7063,234.13446,208.57758000000013,1,-1,-1,-1
804,1051,315.9492,272.6893,81.68295,63.454560000000015,1,-1,-1,-1
987,1051,97.33553,559.93463,235.52484000000004,207.49127,1,-1,-1,-1
997,1051,96.09609,559.89886,236.6496600000001,207.45678999999996,1,-1,-1,-1
1485,373,571.7719999999999,138.6259,62.44067400000017,46.527953999999994,1,-1,-1,-1
925,1051,454.82455,402.35754,158.7167,120.17822000000001,1,-1,-1,-1
726,1028,579.2588,343.264,108.17315999999994,84.50201399999997,1,-1,-1,-1
669,1028,989.22925,510.2331,518.06604,178.36884000000003,1,-1,-1,-1
1026,1051,93.79352,559.0894,238.87856999999997,207.73906999999986,1,-1,-1,-1
1602,373,458.59232000000003,444.88925,253.30892999999998,190.51614,1,-1,-1,-1
1522,373,556.40546,244.91772000000003,77.94153000000006,61.478027000000054,1,-1,-1,-1
1036,1051,103.54239,560.2888,229.85748,206.59082,1,-1,-1,-1
1469,373,578.74414,108.24651000000001,56.526977999999986,42.94740999999998,1,-1,-1,-1
730,1028,580.4284,334.90323,105.10699499999998,82.97858000000002,1,-1,-1,-1
223,1044,533.693,199.15749,74.86450000000002,56.22517400000001,1,-1,-1,-1
662,1028,1345.9281,489.38305999999994,507.5489499999999,191.48523000000006,1,-1,-1,-1
1539,373,541.7486,288.12762000000004,90.48950000000002,70.02022999999991,1,-1,-1,-1
1563,373,518.0381,329.65387000000004,119.70135500000004,95.65670999999998,1,-1,-1,-1
134,1044,598.5294,77.16385,48.43078600000001,35.2697,1,-1,-1,-1
657,1028,1565.3596,461.91675,354.64038000000005,198.73822000000007,1,-1,-1,-1
169,1044,591.3946,116.40947,55.07562299999984,41.21231,1,-1,-1,-1
1615,373,815.6188400000001,484.55548,532.9341400000001,222.56042000000002,1,-1,-1,-1
221,1044,541.27734,197.80293,70.71880999999996,55.342269999999985,1,-1,-1,-1
688,1028,566.6148,452.2067,199.8669400000001,144.65474999999998,1,-1,-1,-1
26,1044,694.4601,22.426029999999997,41.21747000000016,27.613708000000003,1,-1,-1,-1
824,1051,378.94897000000003,291.39847000000003,126.05877999999996,57.23330699999997,1,-1,-1,-1
912,1051,502.2116,367.30392,131.12225,100.625,1,-1,-1,-1
1540,373,540.28204,290.00165,92.09253000000012,70.94,1,-1,-1,-1
1593,373,446.59787,417.017,195.30898999999994,163.62454000000008,1,-1,-1,-1
1494,373,564.9010599999999,160.54039,65.28845000000001,50.69867000000002,1,-1,-1,-1
85,1044,595.2017,35.19178,43.23785399999986,30.677321999999997,1,-1,-1,-1
671,1028,899.95526,513.0324,502.8423499999999,175.22155999999995,1,-1,-1,-1
808,1051,311.62784,293.1344,70.07791000000003,52.01654000000002,1,-1,-1,-1
836,1051,429.86874000000006,284.79166000000004,121.81704999999994,63.471739999999954,1,-1,-1,-1
83,1044,594.1388,33.792118,43.291929999999866,30.875935,1,-1,-1,-1
1450,373,582.2128,80.31812,53.201233,37.56962,1,-1,-1,-1
789,1028,313.36438,290.86365,73.18927000000002,53.86096200000003,1,-1,-1,-1
37,1044,651.89764,16.43378,70.16290000000015,31.544746000000004,1,-1,-1,-1
1473,373,577.936,115.366455,57.219360000000165,43.691100000000006,1,-1,-1,-1
238,1044,431.51544,213.20082000000002,93.8089,55.23942599999998,1,-1,-1,-1
1398,373,564.4435,23.839388,54.43707299999983,32.477768000000005,1,-1,-1,-1
1064,1051,102.08966,559.6559,230.45422000000002,208.31500000000005,1,-1,-1,-1
919,1051,491.13504000000006,383.37814,144.13186999999988,110.92984000000001,1,-1,-1,-1
1066,1051,101.317375,559.1308,231.9302700000001,208.15729,1,-1,-1,-1
1426,373,575.95087,51.038445,54.32122800000002,35.4993,1,-1,-1,-1
711,1028,566.3448,376.97076,132.57947000000001,105.43414000000001,1,-1,-1,-1
1045,1051,98.902855,559.7325,234.46692000000002,206.89062,1,-1,-1,-1
103,1044,598.8659,49.20033,44.78216599999996,31.706959000000005,1,-1,-1,-1
