223,1133,580.2009886734468,801.4410412846765,87.19050563357246,58.148777288491374,1,-1,-1,-1
224,1133,591.6894951537172,803.072815547143,83.10178618510099,57.12163205818365,1,-1,-1,-1
225,1133,602.60329067126,803.4414254661658,81.32816577582298,56.9889064692984,1,-1,-1,-1
226,1133,611.449494065208,804.1041583119724,81.34524224503457,57.905624620768094,1,-1,-1,-1
227,1133,618.6237663520956,805.2633442817444,81.5253816035929,58.407460134877965,1,-1,-1,-1
228,1133,625.5917355868485,804.6055896769977,82.47375442858015,58.69609322077281,1,-1,-1,-1
229,1133,633.4593239033838,804.8651854522982,82.97936653071406,59.79814234816854,1,-1,-1,-1
230,1133,640.7788635155632,803.7159445041364,82.40109177814315,60.45385994474509,1,-1,-1,-1
231,1133,648.7637033173476,804.1705994871913,80.53342172200337,60.829007553049905,1,-1,-1,-1
232,1133,654.9928772784467,805.7260712229654,77.597042778189,60.68979059666117,1,-1,-1,-1
233,1133,669.569305176386,805.8924772747514,83.5029071906913,62.543352793356235,1,-1,-1,-1
234,1133,679.677837092186,807.3002853505742,87.80738336223521,63.16641646098833,1,-1,-1,-1
235,1133,689.0166478540136,804.8638858982109,91.4943810602283,65.08174190638465,1,-1,-1,-1
236,1133,698.1428956842766,803.5587653343495,94.0210144898499,67.12876036698754,1,-1,-1,-1
237,1133,705.2232142919404,803.0653420062349,98.29997673539287,69.27263207902752,1,-1,-1,-1
238,1133,710.951137243761,804.607086426189,104.5036771530556,71.41389980445479,1,-1,-1,-1
239,1133,717.8319079806826,806.2919836025882,109.85146874718521,73.54848220017766,1,-1,-1,-1
240,1133,724.7640946646936,807.1773883426158,115.96372868750314,75.88025431458277,1,-1,-1,-1
241,1133,738.885651728007,808.0994786922445,118.24788393692302,77.48607748109362,1,-1,-1,-1
242,1133,756.5591260544157,809.7378875387624,118.5921733499681,78.417804088725,1,-1,-1,-1
243,1133,770.6770376708165,810.4541737589085,119.66966294214126,80.92927077953118,1,-1,-1,-1
244,1133,783.5308887891913,810.2602526063891,121.98200973901612,84.19600716110085,1,-1,-1,-1
245,1133,796.6544018648958,811.20077467568,125.06454564145588,87.78083432963103,1,-1,-1,-1
246,1133,810.7069349054213,813.606342887282,128.86781105734576,91.42996985848436,1,-1,-1,-1
247,1133,825.17042064409,815.1703385336807,132.8846991779858,95.19653814110598,1,-1,-1,-1
248,1133,839.9033585307074,816.9632115223598,137.50655442230618,99.09919077735458,1,-1,-1,-1
249,1133,856.1920216634167,818.2773636671561,141.93512600021995,103.05382314226858,1,-1,-1,-1
250,1133,872.1360446449876,819.4515446034864,147.40399156205717,106.98665590391329,1,-1,-1,-1
251,1133,888.4523447238356,820.7997436954932,155.3929335803747,111.46246460006182,1,-1,-1,-1
252,1133,906.9087589587622,823.330635368148,161.65823341442035,116.33591120793699,1,-1,-1,-1
253,1133,927.2407584844109,826.1879074624513,170.36133880855346,120.39154085685482,1,-1,-1,-1
254,1133,948.8695714546878,828.0934515345983,178.89234332464082,126.59502146649265,1,-1,-1,-1
255,1133,973.2293669129647,832.154700433514,187.87029086382017,133.4689994081143,1,-1,-1,-1
256,1133,997.7312636253138,835.8332844941477,200.29382474908527,142.61804815526625,1,-1,-1,-1
257,1133,1025.7067861586593,838.5836063527427,213.00429684695064,151.8864117609687,1,-1,-1,-1
258,1133,1055.935448243703,843.9471704337946,228.8030611811614,162.124973615538,1,-1,-1,-1
259,1133,1089.8329751478725,848.6967596407319,245.62279603945626,173.65683297061787,1,-1,-1,-1
260,1133,1127.725927856463,857.3419645635112,266.67747805125373,185.69038509367954,1,-1,-1,-1
261,1133,1172.0752371175415,863.1136699988643,291.04160369228975,198.7136304715135,1,-1,-1,-1
262,1133,1226.568373806465,868.3438921534557,322.84208663149957,216.8113573870628,1,-1,-1,-1
263,1133,1285.3289165474266,881.2802035171082,363.9671061166232,239.40780300287702,1,-1,-1,-1
264,1133,1361.7854821660092,894.7884068906601,410.01019595150774,262.69350968923436,1,-1,-1,-1
265,1133,1449.982270855683,907.1250401813561,470.8718986840995,295.64624708483507,1,-1,-1,-1
266,1133,1563.6315712337705,919.4067577459132,550.326581384832,336.51443384416507,1,-1,-1,-1
267,1133,1701.9832074819928,943.8426042595155,652.3167569412603,389.7285607271182,1,-1,-1,-1
268,1133,1811.854708337676,977.58306545003,695.1052758917069,445.1918584676638,1,-1,-1,-1
269,1133,1953.1822713775377,998.8826835721347,651.2621402521581,454.4339697559335,1,-1,-1,-1
731,1174,2044.1745402076315,631.4594309466506,472.9772044661938,347.4054667923856,1,-1,-1,-1
732,1174,1920.6702612018582,636.72351138811,500.3984664156558,325.92644167812955,1,-1,-1,-1
733,1174,1808.8275778563832,644.5436681389788,489.2996467766618,298.9881279158765,1,-1,-1,-1
734,1174,1712.0576640272097,655.3472992456444,463.2411194802967,274.1731932145169,1,-1,-1,-1
735,1174,1633.4807595717173,661.6652732595898,433.34992578042215,253.32063843075662,1,-1,-1,-1
735,1177,512.3242232546072,771.3610640730881,106.27406386805183,71.39608356417466,1,-1,-1,-1
736,1174,1560.0539166618923,670.407427022059,403.98753028566216,232.8554722582178,1,-1,-1,-1
736,1177,516.7111688368527,771.6466722536787,105.53236564405438,71.90622431227416,1,-1,-1,-1
737,1174,1499.2655527936424,676.2249211059205,373.0785676718979,213.79115649900768,1,-1,-1,-1
737,1177,518.6449532982601,773.1546445447538,108.1736459024828,72.85427574056826,1,-1,-1,-1
738,1174,1448.9840749334805,683.1846729281922,341.71517118394877,197.7332312215617,1,-1,-1,-1
738,1177,523.3209304358704,774.5265035927589,108.61556525481069,72.56144447366796,1,-1,-1,-1
739,1174,1405.843152729654,689.867645445413,312.6389008104893,183.1051496828959,1,-1,-1,-1
739,1177,529.4405226218043,776.5015636488624,108.39070205154235,71.94248195006253,1,-1,-1,-1
740,1174,1362.3291442767024,693.2222119375776,288.1004708293008,171.10823559705295,1,-1,-1,-1
740,1177,534.4917626917759,777.6910556245722,109.74774228089768,71.50117238338157,1,-1,-1,-1
741,1174,1324.5997978636397,697.4021466750169,265.37611958174375,160.4288223877279,1,-1,-1,-1
741,1177,538.5281241655666,779.3304783910756,110.58219136677121,70.53183123766098,1,-1,-1,-1
742,1174,1292.0169743325896,701.1694187559849,245.3254864177029,149.2951623438173,1,-1,-1,-1
742,1177,548.2902201220675,780.9240540729279,108.40960414348524,69.1072784121368,1,-1,-1,-1
743,1174,1262.1325324331297,704.1751784148236,225.6936292139112,140.0601650962392,1,-1,-1,-1
743,1177,557.7129581790668,782.3155084662262,106.68509611241848,67.8112775595846,1,-1,-1,-1
744,1174,1234.1827576807561,709.1052738320772,208.08954753756734,129.79266006586,1,-1,-1,-1
744,1177,564.7507714758524,783.7208996337064,105.3392676830299,66.61622012526709,1,-1,-1,-1
745,1174,1208.2810522251102,714.7046227469388,192.41325009657385,120.22812899506198,1,-1,-1,-1
745,1177,583.3089572572537,784.8971171355877,99.63040696855387,65.72705002863586,1,-1,-1,-1
746,1174,1184.2335388957133,718.2833485022842,178.85774305829136,112.17899886877899,1,-1,-1,-1
746,1177,594.2235944383074,784.896874253832,95.83418536368458,65.50241101570396,1,-1,-1,-1
747,1174,1161.543863339192,722.8758851450509,165.2853106294615,104.22254195596747,1,-1,-1,-1
747,1177,601.9007886020024,784.8395484189186,93.91704538592558,65.82373190037447,1,-1,-1,-1
748,1174,1139.335734474338,726.5782619324004,153.48147057609594,96.94593790178556,1,-1,-1,-1
748,1177,609.1955716036484,784.500621037747,92.56262393037377,66.43171024296839,1,-1,-1,-1
749,1174,1120.180388192469,729.3206757301639,141.63829561391367,90.69630233901262,1,-1,-1,-1
749,1177,614.5625466396986,783.5432395901145,92.5504376412191,67.51508906563413,1,-1,-1,-1
750,1174,1103.0678486177849,733.7987814884737,130.62578344201438,82.97867261151646,1,-1,-1,-1
750,1177,619.6994367857586,782.8997048797203,91.06675012179994,68.16537319840222,1,-1,-1,-1
751,1174,1086.3455431137463,736.3514400253667,119.99317905386852,76.18390008539791,1,-1,-1,-1
751,1177,624.9448762242188,782.882421409541,89.1846008145751,68.66907562748179,1,-1,-1,-1
752,1174,1070.2823177670077,739.8090774328392,109.58073054841998,69.49277994589647,1,-1,-1,-1
752,1177,631.6036002110482,782.619983472121,89.1910793152299,69.55715818586077,1,-1,-1,-1
753,1174,1051.5149435971264,741.1027011007502,102.48831289700092,65.34442226689544,1,-1,-1,-1
753,1177,639.4210933338712,782.4916912314529,89.77639905643537,70.5096588284598,1,-1,-1,-1
754,1177,650.0975014722761,781.5084993452003,93.11146980666445,72.57351706140435,1,-1,-1,-1
755,1177,657.2889465332869,780.540321340279,95.52472146201808,74.33237816563428,1,-1,-1,-1
756,1177,665.2004715519735,779.4625772306676,96.95805165095476,74.65745353282728,1,-1,-1,-1
757,1177,673.0880513137229,776.5853538880519,100.20709525071311,76.23938367786855,1,-1,-1,-1
758,1177,679.9046710696634,773.4440525604462,103.84012685249331,77.73491570457554,1,-1,-1,-1
759,1177,686.4163416384836,770.1878906095474,107.39734747660168,79.81462656207214,1,-1,-1,-1
760,1177,691.9267974179727,768.9038299764799,111.745767892392,82.42121999845995,1,-1,-1,-1
761,1177,697.0559263848857,768.6489171727575,115.95084838624575,84.58049499367985,1,-1,-1,-1
762,1177,707.0742194155687,770.7441677633093,117.30109656757236,85.64521801041792,1,-1,-1,-1
763,1177,717.3767325331345,772.3759578938723,118.5574822726685,86.47125939642956,1,-1,-1,-1
764,1177,730.3320029012509,774.0666013907145,118.16924859075652,86.9917427447051,1,-1,-1,-1
765,1177,740.8818179690244,773.7226899138412,119.25433821519073,88.85321653455844,1,-1,-1,-1
766,1177,751.0714533100478,773.0411359026613,122.35615611404342,91.23097503054623,1,-1,-1,-1
767,1177,757.7534203597872,773.1318976334884,123.85521156974596,93.54470352999851,1,-1,-1,-1
768,1177,765.0279782723328,774.7063442363891,126.40281458056961,95.20108163377358,1,-1,-1,-1
768,1186,2063.502353585362,640.676872952196,454.5577528730537,309.09119155724306,1,-1,-1,-1
769,1177,772.672026828635,769.4827295388988,130.37379980980222,99.91794194247518,1,-1,-1,-1
769,1186,1960.3667725140801,639.7626076288204,528.2597758783465,301.1293826781782,1,-1,-1,-1
770,1177,780.0441024325497,766.4657345955496,133.63862661258145,103.99478118645447,1,-1,-1,-1
770,1186,1846.274737685685,641.9579596183847,541.0188719445514,284.1343288038245,1,-1,-1,-1
771,1177,788.1686322023671,765.155334818973,137.07310808445482,108.0700983133122,1,-1,-1,-1
771,1186,1744.6009313632574,644.8919700854212,528.6574122278973,267.23099959180877,1,-1,-1,-1
772,1177,797.3667638446057,767.5215809765627,139.51781359087795,109.86126104075538,1,-1,-1,-1
772,1186,1661.4614022627134,650.5514447749943,501.209986346139,249.00287120813778,1,-1,-1,-1
773,1177,806.4734712183243,769.7681934614138,141.43287503068996,111.50627258396844,1,-1,-1,-1
773,1186,1591.0199085858285,657.6941595696085,467.9644490087603,230.16942311717276,1,-1,-1,-1
774,1177,815.7825323655247,771.1325067408911,143.30565715544117,113.49145190563013,1,-1,-1,-1
774,1186,1526.152428380853,660.7880978459109,434.410242191414,216.27958037081794,1,-1,-1,-1
775,1177,826.1761625696726,772.5522905992844,144.89920335628835,115.06819840997082,1,-1,-1,-1
775,1186,1473.353887957743,664.6691447988065,401.54523063593297,202.74491283225234,1,-1,-1,-1
776,1177,834.3466234732768,774.2851914599297,147.8740093107508,116.73409042003391,1,-1,-1,-1
776,1186,1427.22926076783,669.7999672148461,370.54998397592544,190.11418363275516,1,-1,-1,-1
777,1177,842.7670515816378,774.9608698323841,152.44849295269114,119.46969596738245,1,-1,-1,-1
777,1186,1387.5988413472408,676.1553864023446,341.05912662688934,177.48857622942478,1,-1,-1,-1
778,1177,850.7597925309808,775.5484835659045,156.71762892136394,122.91156751870767,1,-1,-1,-1
778,1186,1350.6114275249374,678.5753681598342,312.4118871151859,167.43752575912072,1,-1,-1,-1
779,1177,860.2776654559061,775.7485239106861,161.769663937514,126.70780139671751,1,-1,-1,-1
779,1186,1316.3673284463312,683.365956788834,288.0487059371535,156.31674147460217,1,-1,-1,-1
780,1177,869.3559575986249,776.9565827889288,167.02769868962469,130.69279439597017,1,-1,-1,-1
780,1186,1286.2357362090793,687.305435540681,266.0109766744695,146.5683765690062,1,-1,-1,-1
781,1177,877.1721586470006,777.2499917215227,172.4956875043705,135.350557796085,1,-1,-1,-1
781,1186,1256.692154191771,690.4967045703773,245.04759808374456,137.9654057298685,1,-1,-1,-1
782,1177,885.2270976590858,775.9523081368951,176.88449733352013,140.4806381518747,1,-1,-1,-1
782,1186,1227.8046859933088,694.9250551347299,226.5523327075898,129.23755810849366,1,-1,-1,-1
783,1177,894.8050166086205,778.5396599282558,181.00236432609836,144.1179711842076,1,-1,-1,-1
783,1186,1200.7756204272976,699.7371945540159,211.51696359363905,121.53003028919943,1,-1,-1,-1
784,1177,904.7995513998883,779.8214443273649,185.2804803475242,147.21156423421962,1,-1,-1,-1
784,1186,1176.4894116945698,704.0510350372283,197.12946118647233,114.61598237342673,1,-1,-1,-1
785,1177,911.7462986058713,781.3933394711564,190.81498512510325,150.91078263478244,1,-1,-1,-1
785,1186,1153.194891464965,709.3246403862563,183.91152647332,107.02684002557339,1,-1,-1,-1
786,1177,921.2720836302587,784.6852023671373,197.90084899494036,155.41415013208052,1,-1,-1,-1
786,1186,1130.2353310940798,714.6204992035242,171.65221648563374,99.56059634910594,1,-1,-1,-1
787,1177,929.9158028715112,788.607541548992,203.52865881470734,159.39648982361678,1,-1,-1,-1
787,1186,1109.2565829267717,718.6593667019226,159.43580593056322,92.96025095593996,1,-1,-1,-1
788,1177,941.7826727361738,791.2256761271767,210.84447875350713,162.99179833349558,1,-1,-1,-1
788,1186,1089.1346347676472,722.4576980471865,146.930224034797,86.70734038856267,1,-1,-1,-1
789,1177,949.7912588484379,793.9829374564192,221.87627586671204,166.56880913206555,1,-1,-1,-1
789,1186,1069.286877770024,727.9970785898188,136.1602252289008,80.17043581596386,1,-1,-1,-1
790,1177,961.9754808351807,795.3516033678427,230.24476626891885,171.9057818648314,1,-1,-1,-1
790,1186,1049.8006560769657,730.7808259957885,128.0577134114178,74.39984392960037,1,-1,-1,-1
791,1177,972.002929016451,796.9484431443229,240.2190288742123,178.41388263294948,1,-1,-1,-1
791,1186,1030.950720460142,732.6209693388837,119.64305743434124,67.84552389038436,1,-1,-1,-1
792,1177,986.8469486332461,800.627373172304,250.3586043834158,186.09033832925456,1,-1,-1,-1
792,1186,1015.710520278051,737.857427791029,110.61446015131332,63.29969303166786,1,-1,-1,-1
793,1177,1000.866996951842,801.9835117247248,261.5117863942809,191.96862405073944,1,-1,-1,-1
793,1186,996.3311829862535,740.401790698688,104.33478821135395,60.496487907477785,1,-1,-1,-1
794,1177,1018.3227092059409,804.032339596652,273.8241568374307,201.93153308244678,1,-1,-1,-1
794,1186,980.2894877379523,744.674274786866,97.35375001294335,56.39692178652285,1,-1,-1,-1
795,1177,1034.7448041667608,805.76059085553,288.7229608272628,211.28956967695694,1,-1,-1,-1
796,1177,1051.4455994374111,805.8202023367026,305.8306533891832,221.94580469749053,1,-1,-1,-1
797,1177,1066.9095010477447,806.7803264080004,324.5448512045182,234.07472027604206,1,-1,-1,-1
798,1177,1091.7727072889982,808.5931792358294,340.4498264375261,246.50135129425644,1,-1,-1,-1
799,1177,1114.810196080158,810.5112431767791,360.78072149720265,261.57969001326524,1,-1,-1,-1
800,1177,1135.7409777866844,812.610729739722,386.9881385039198,275.8578572361557,1,-1,-1,-1
801,1177,1161.186767386104,815.070595661059,413.9557629893766,288.7079975723674,1,-1,-1,-1
802,1177,1188.9022643227916,816.0510722557992,445.97342747107814,306.0856421736803,1,-1,-1,-1
803,1177,1222.9705928212777,818.8177843228524,480.5032733541525,323.7219422868519,1,-1,-1,-1
804,1177,1260.4897202355396,822.4380424205647,518.49679538398,342.8185366271332,1,-1,-1,-1
805,1177,1299.0866236542872,824.9981831335708,561.083336526317,362.8120847583516,1,-1,-1,-1
806,1177,1345.491057621772,823.467927381033,612.7917770229574,389.2099620776935,1,-1,-1,-1
807,1177,1397.7600029573139,826.461467166052,669.6669954826832,419.2743805438354,1,-1,-1,-1
808,1177,1454.3452048786799,826.8293988679501,738.7695250979555,453.01056619009194,1,-1,-1,-1
808,1194,1994.1368310255216,642.8507816083916,527.1547656648509,323.55554167557875,1,-1,-1,-1
809,1177,1522.1698921427762,828.7103330651402,821.3624517886844,491.80351131015925,1,-1,-1,-1
809,1194,1892.9414217884664,640.4372819078916,553.4788391443071,298.8088097136051,1,-1,-1,-1
810,1177,1580.5491547468957,840.7193055896871,887.5142078796769,528.4872829964311,1,-1,-1,-1
810,1194,1790.958164789651,643.781851185309,540.3060388459746,261.62654185173346,1,-1,-1,-1
811,1177,1627.2187453306371,853.3679092418661,914.7420078544753,571.405291873396,1,-1,-1,-1
811,1194,1698.498628751287,657.9080625641078,513.686181992286,243.554458088008,1,-1,-1,-1
812,1177,1686.9786111352487,850.6057674998808,901.9662141282706,591.6573786062695,1,-1,-1,-1
812,1194,1622.0240286173362,666.1059535237961,484.5646083452102,229.4687539459751,1,-1,-1,-1
813,1177,1756.0101237223075,849.7649467109004,864.3212925325033,597.4576391138289,1,-1,-1,-1
813,1194,1555.586351301191,671.940075169832,449.18833123163404,215.57700324445136,1,-1,-1,-1
814,1177,1847.4930334228848,863.3412432161131,801.164866663943,586.1100470028478,1,-1,-1,-1
814,1194,1496.0021195506517,676.8088161117524,414.4758289619517,202.15908842645376,1,-1,-1,-1
815,1177,1958.414280749928,889.0712462619404,714.9817827060097,583.4620684698762,1,-1,-1,-1
815,1194,1446.8205400913193,680.251925775716,378.83636190332254,189.81214514748467,1,-1,-1,-1
816,1177,2103.6482610596213,914.751447251381,598.7254694599196,582.434652004657,1,-1,-1,-1
816,1194,1400.9390451022393,686.191052120353,345.4758783257507,177.87322235636816,1,-1,-1,-1
817,1194,1361.9090329654623,688.5597504716642,317.85055426415283,167.66146919914922,1,-1,-1,-1
818,1194,1324.8073358961938,690.9063116560113,292.95289111805323,159.0361966964822,1,-1,-1,-1
819,1194,1291.856544007355,693.38830906743,269.6844171320886,149.7649047819757,1,-1,-1,-1
820,1194,1261.5123539980802,696.1028743618494,248.21731648143532,140.868159967039,1,-1,-1,-1
821,1194,1233.8891824424436,700.3662047925367,227.6367199580668,131.77397486093923,1,-1,-1,-1
822,1194,1206.0927476089596,704.8079095654485,211.0044661640968,123.5961421291006,1,-1,-1,-1
823,1194,1182.1453594596294,708.9541986486225,195.23600654257143,115.84708327862836,1,-1,-1,-1
824,1194,1158.7319408502144,714.2703269007692,180.70566040472295,107.6717425808099,1,-1,-1,-1
825,1194,1136.7876321703557,718.6382966386942,167.14764720899166,100.05540073319344,1,-1,-1,-1
826,1194,1115.6450891539337,723.119571506324,154.49851678128744,92.79498585680926,1,-1,-1,-1
827,1194,1096.3482886963911,726.6550895404602,142.82231619531467,86.72595766197082,1,-1,-1,-1
828,1194,1078.5596898048016,731.4585294072876,130.8921972863318,80.30095114451683,1,-1,-1,-1
829,1194,1059.836540940811,735.533198068971,119.64600410479443,72.85879118252114,1,-1,-1,-1
830,1194,1040.6840729278156,739.1379761745759,111.41864516366923,67.45798951232905,1,-1,-1,-1
931,1214,8.666243923252622,1301.8156559163174,171.17658378033082,201.45273837447803,1,-1,-1,-1
932,1214,11.409279564194804,1291.4208347668864,200.4127323170423,212.1638491293079,1,-1,-1,-1
933,1214,14.55454740048026,1281.9289322871266,229.19090858008445,221.01152175969492,1,-1,-1,-1
934,1214,15.225383665189014,1272.7092229774794,258.9375430338042,227.76418697974805,1,-1,-1,-1
935,1214,17.13799699606014,1263.3826235024633,289.96304305591025,230.04537066304874,1,-1,-1,-1
936,1214,17.878204825519106,1254.276515793318,321.0760656959159,233.195782533287,1,-1,-1,-1
937,1214,16.67794598205782,1242.2512761836006,351.0732797884143,241.00098540903537,1,-1,-1,-1
938,1214,15.484168180514615,1232.180776619361,378.53292223551114,247.03392475874443,1,-1,-1,-1
939,1214,12.283767083341843,1224.518925293819,398.2879169546655,249.68308111725173,1,-1,-1,-1
940,1214,11.791319138448529,1222.3691016749835,416.6563601789743,256.97521141241714,1,-1,-1,-1
941,1214,22.292077410074654,1211.250490856026,455.3251812081013,268.355525592925,1,-1,-1,-1
942,1214,25.0830034523824,1204.2487827082512,483.2976437426498,274.8649797226758,1,-1,-1,-1
943,1214,26.2552067252293,1199.6437845998387,507.8554487832936,277.75845296019816,1,-1,-1,-1
944,1214,24.565360298334838,1200.358282556853,527.0015871292035,278.1773455999978,1,-1,-1,-1
945,1214,21.57026909885593,1201.246027929382,528.8818149365868,275.42090873671714,1,-1,-1,-1
946,1214,31.29925002966786,1198.4037077243481,526.8356867184998,273.5157284719362,1,-1,-1,-1
947,1214,52.582492126754744,1193.268749214737,528.2453016295547,272.6884778048111,1,-1,-1,-1
947,1218,220.1056859037849,1188.0503788509675,420.7669111821069,194.52562800128817,1,-1,-1,-1
948,1214,88.71325103648962,1181.7851244191872,536.5350858704267,272.4997895330521,1,-1,-1,-1
948,1218,250.47936187688808,1175.6704485089801,416.39922351446955,199.08456430356273,1,-1,-1,-1
949,1214,105.10088104899307,1179.4774847650892,535.0343489811148,270.91483127527545,1,-1,-1,-1
949,1218,310.77807980888457,1169.5232203903754,395.52100584627254,197.17336276123115,1,-1,-1,-1
950,1214,98.31566713238104,1190.9945515029983,498.88495916460784,262.27351365238064,1,-1,-1,-1
950,1218,255.23684010980628,1167.5087449667299,446.48885560022154,213.95155066357802,1,-1,-1,-1
951,1214,107.38204822599641,1197.8557533749165,467.4202852208749,253.37184286000866,1,-1,-1,-1
951,1218,233.19644497257923,1161.1365058650993,479.8363024409016,221.5977413521855,1,-1,-1,-1
952,1214,111.80585876386576,1200.2448596980105,425.22427359491076,246.92803809232328,1,-1,-1,-1
952,1218,213.70104417331947,1156.836756833038,515.3208145586724,229.89361460449754,1,-1,-1,-1
953,1214,151.42482665579448,1198.3836174787514,410.25204541258324,241.8923414333608,1,-1,-1,-1
953,1218,211.32912121238087,1153.1135861269688,542.3516746759627,237.73935501212372,1,-1,-1,-1
954,1214,174.90199057696444,1200.1158655190254,397.09769546905386,235.2330082637077,1,-1,-1,-1
954,1218,216.1890298194187,1148.7492543864598,560.2681149740896,243.69619335080006,1,-1,-1,-1
955,1218,224.75462284568772,1143.614188317072,573.2295018716932,247.9784077568952,1,-1,-1,-1
956,1218,228.72931088124625,1137.659458037484,586.9913811925951,254.442875929411,1,-1,-1,-1
957,1218,238.80481212402816,1132.3302219769046,596.6013147275444,257.83550550376685,1,-1,-1,-1
958,1218,247.84039499276594,1128.0034731675769,604.2231003961438,260.3400188994019,1,-1,-1,-1
959,1218,257.9802488639965,1124.7118853895035,612.6578877345173,262.0875354399509,1,-1,-1,-1
960,1218,271.93696432498655,1116.5469609754175,614.4983418382119,262.292379763569,1,-1,-1,-1
961,1218,287.2312762527308,1111.5723676125097,611.7721885406306,260.86314579200234,1,-1,-1,-1
962,1218,302.30525140846055,1108.4822611626246,608.4485736124136,259.66552316206617,1,-1,-1,-1
963,1218,329.9062161089964,1106.2732309492558,598.7532662812946,257.9543279532327,1,-1,-1,-1
964,1218,349.34741097550744,1104.1303024568565,588.1305186498378,257.4461760736199,1,-1,-1,-1
965,1218,367.66147070435477,1103.014726709156,578.1548261513458,258.18807193764724,1,-1,-1,-1
966,1218,387.1150080474984,1101.7394515639526,569.8041700265958,258.61675154374234,1,-1,-1,-1
967,1218,399.50724576824587,1099.440896106819,565.1715901640141,260.07513820301165,1,-1,-1,-1
968,1218,406.8093922533571,1097.7821306004528,564.2582630911343,262.47070823576314,1,-1,-1,-1
969,1218,411.56586602190566,1096.8925494857663,566.557318451559,265.1898925548676,1,-1,-1,-1
970,1218,417.99227123851654,1094.2284622019474,568.2976650507685,267.3093532842413,1,-1,-1,-1
971,1218,423.9503842291386,1092.203972334459,569.5528602648862,269.17581203835243,1,-1,-1,-1
972,1218,427.667503405036,1087.9697776355044,576.5441960397256,270.83349624630046,1,-1,-1,-1
973,1218,430.27681153083745,1084.0824232968198,584.8127913022424,272.12222783845755,1,-1,-1,-1
974,1218,438.9797419920521,1081.1334195998525,589.0118560311703,273.31934706862876,1,-1,-1,-1
975,1218,453.3305117543944,1075.6772705822711,592.5413642356468,274.53618754937224,1,-1,-1,-1
976,1218,472.4950274637539,1071.0520010622574,595.7369629895962,275.7877203258222,1,-1,-1,-1
977,1218,492.67645092310903,1064.0507964209137,602.7144415603548,274.4651037577387,1,-1,-1,-1
978,1218,517.2639952072853,1058.895079262029,606.3579313088973,274.559207590215,1,-1,-1,-1
979,1218,542.2092758136571,1053.5916520836615,607.6254587596372,274.7288760868437,1,-1,-1,-1
980,1218,568.102999175271,1043.0638301618192,607.5062312174398,275.7085366469846,1,-1,-1,-1
981,1218,594.0835801310084,1037.3507760063212,608.6415239408384,276.0617770580302,1,-1,-1,-1
982,1218,621.6577454038888,1031.1059557653161,605.117849186669,277.1057166399446,1,-1,-1,-1
983,1218,651.6113767691888,1021.7612104738182,607.1310132271019,276.30617218891985,1,-1,-1,-1
984,1218,682.688668063402,1017.0037533792562,610.4569768430979,275.7202760141057,1,-1,-1,-1
985,1218,714.7097273433899,1007.7975087343614,613.401166204618,276.88092529511096,1,-1,-1,-1
986,1218,746.7447968224137,1000.9901729823001,619.052971754651,278.07943271784177,1,-1,-1,-1
987,1218,780.62656934691,998.2361515829455,621.5755901513407,279.6164205047571,1,-1,-1,-1
988,1218,813.6526437473929,993.241856013447,625.590379411542,278.6235391106152,1,-1,-1,-1
989,1218,847.1379661071694,990.8209812541638,627.2194229913025,279.1852650574988,1,-1,-1,-1
990,1218,883.0106951249666,981.2736029227652,632.006770016314,283.97238294277315,1,-1,-1,-1
991,1218,915.9249032167629,977.5786550053798,640.231257955661,284.7971971231251,1,-1,-1,-1
992,1218,950.5506801591071,973.8670893148064,647.2591055262419,286.8305374145725,1,-1,-1,-1
993,1218,985.707461341779,968.1372314303399,655.2989025871861,291.399537508104,1,-1,-1,-1
994,1218,1023.2470013270213,964.6055216940686,663.4636173540648,297.1312615890697,1,-1,-1,-1
995,1218,1061.80181891559,964.4725611629343,671.5029629282958,301.6086922019364,1,-1,-1,-1
996,1218,1100.3663648258785,965.1865819728744,680.7380962379134,307.10047488064174,1,-1,-1,-1
997,1218,1142.3219699376336,965.7753285761311,690.8805875457069,314.8057197969207,1,-1,-1,-1
998,1218,1182.9057267615458,968.6369889923093,704.2734261521337,325.87579189788823,1,-1,-1,-1
999,1218,1223.4279189549661,969.287044738703,723.3709770617415,344.0810548594478,1,-1,-1,-1
1000,1218,1269.8737606933637,970.9481875397965,745.8174319072582,360.7002133228699,1,-1,-1,-1
1001,1218,1315.3987276126202,972.5117279455478,771.0649286286082,378.9337299332319,1,-1,-1,-1
1002,1218,1363.2269716872715,976.0292572405103,801.2822010896234,402.8614649101705,1,-1,-1,-1
1003,1218,1417.1909011846842,981.7214059179973,832.0725234874135,425.908496964204,1,-1,-1,-1
1004,1218,1473.4129443931333,987.912682336349,873.5459963607109,451.04360614507414,1,-1,-1,-1
1005,1218,1535.6365757113786,998.8204654929448,921.5443208376369,477.2080178447245,1,-1,-1,-1
1006,1218,1585.5549040687501,1007.0946791045536,948.549366682877,505.0196507068971,1,-1,-1,-1
1007,1218,1619.0340730919625,1017.7157489810772,956.5587744567702,537.2447134938311,1,-1,-1,-1
1008,1218,1663.306385101983,1030.1796306380115,941.5206824925092,569.0791701321086,1,-1,-1,-1
1009,1218,1725.6976810352085,1027.8631886420803,901.5345555020594,585.4617937427543,1,-1,-1,-1
1010,1218,1797.5147562361235,1038.1479281535385,845.961020374074,585.9765238385685,1,-1,-1,-1
1011,1218,1880.0256090810956,1031.103652112814,777.3572293499558,587.9729446916022,1,-1,-1,-1
1012,1218,1970.9327405083818,1042.2811063161996,698.0415297604395,582.3232177069394,1,-1,-1,-1
1013,1218,2077.1921459947785,1067.7875598675728,604.7126105068719,580.4101409503519,1,-1,-1,-1
1092,1228,2096.2865898375567,554.9820289745121,435.79899869328347,420.1135033934054,1,-1,-1,-1
1093,1228,2013.021704572661,548.0804917973098,514.170654283141,441.3860699198947,1,-1,-1,-1
1094,1228,1938.778601059811,550.6348948072448,583.3871601534147,437.08248985983846,1,-1,-1,-1
1095,1228,1873.7276325377275,555.4322143851464,646.4149716567126,422.8261374509052,1,-1,-1,-1
1096,1228,1797.8771081516884,562.6314655840872,673.3668439274043,402.84151454716607,1,-1,-1,-1
1097,1228,1722.0172511520184,574.651550221059,669.8842959614956,378.70310749159125,1,-1,-1,-1
1098,1228,1654.9650635233588,587.4439334859591,650.082328899844,354.2061632964667,1,-1,-1,-1
1099,1228,1596.9333751033807,595.8404862309928,620.4046459357708,333.11082058673196,1,-1,-1,-1
1100,1228,1547.4993788461443,605.742682895417,586.5596272010262,311.52480683295767,1,-1,-1,-1
1101,1228,1503.118011080825,616.3989053021968,553.3328640212953,290.55544595369247,1,-1,-1,-1
1102,1228,1463.567128640323,620.5383536967051,518.7932795313563,274.7898356842654,1,-1,-1,-1
1103,1228,1429.884351989708,624.9663993941947,485.0037073309886,260.19062929580855,1,-1,-1,-1
1104,1228,1405.6401128977682,632.243461513999,451.6312220501859,243.5881641951362,1,-1,-1,-1
1105,1228,1375.21754187413,638.3289594839655,423.9292015375395,228.3627433911688,1,-1,-1,-1
1106,1228,1346.2379792149388,643.4354295672015,398.4263595966763,214.6547283342877,1,-1,-1,-1
1107,1228,1325.161977794808,648.8138185688069,371.5767349678449,203.19601041118995,1,-1,-1,-1
1108,1228,1303.2883604889196,651.6706943157442,348.0718503396538,194.13071967126348,1,-1,-1,-1
1109,1228,1279.7272715974948,655.4844970034301,328.02799550997725,185.79703001428425,1,-1,-1,-1
1110,1228,1261.113111931099,660.1517401876147,307.84236537269635,177.65442117258317,1,-1,-1,-1
1111,1228,1240.7376555620458,665.9138202572699,291.02350444474814,168.97383266502015,1,-1,-1,-1
1112,1228,1219.1138123353076,669.7509927263683,276.14593151188,161.61281316555778,1,-1,-1,-1
1113,1228,1200.5133514603945,673.4335415024166,262.87448318424094,155.16852698689104,1,-1,-1,-1
1114,1228,1182.7798234168993,674.3123928361941,249.84877831680933,150.00901063475908,1,-1,-1,-1
1115,1228,1167.826485781196,679.4256371277365,236.7543129474816,144.11975897493403,1,-1,-1,-1
1116,1228,1151.7684498005863,683.1091564477479,225.79483473869595,138.89814096687928,1,-1,-1,-1
1117,1228,1138.1448292700757,685.6934724782058,215.03834721032035,133.6595414636488,1,-1,-1,-1
1118,1228,1123.609018761274,687.6552842057142,204.7223920744318,129.39424614036943,1,-1,-1,-1
1119,1228,1107.857664175223,689.3943156405182,194.05042105275515,125.3840726004255,1,-1,-1,-1
1120,1228,1094.8605074167529,691.7606177656305,186.54899681767938,121.38491126660529,1,-1,-1,-1
1121,1228,1081.0698436200335,695.0338138476908,179.55435365441008,116.64740324260333,1,-1,-1,-1
1122,1228,1067.8576763592807,698.4554423765846,172.313357049366,111.8820179107654,1,-1,-1,-1
1123,1228,1054.8863440699392,701.5183251915228,165.54364593787932,107.30726583486603,1,-1,-1,-1
1124,1228,1041.650313819781,702.9180901783237,159.48376187038457,104.05751779315551,1,-1,-1,-1
1125,1228,1029.222332776341,704.818049497338,153.81141590155767,100.88417755682121,1,-1,-1,-1
1126,1228,1016.5504628557262,707.0164510654191,149.48517501261495,98.15922011349721,1,-1,-1,-1
1127,1228,1003.1219198575566,709.141070304458,142.72275795170026,95.00496942648488,1,-1,-1,-1
1128,1228,992.56150102271,710.4146661192276,137.12812319412342,92.42977280082414,1,-1,-1,-1
1129,1228,981.193301216505,711.7597515064992,133.46912806066393,90.78025417683193,1,-1,-1,-1
1130,1228,969.9880741093377,712.550875725181,128.53205237465727,89.10393145808553,1,-1,-1,-1
1131,1228,959.6242570736781,713.0800713185172,126.17792172439113,88.21878515407616,1,-1,-1,-1
1132,1228,948.8068331209881,713.7252193614004,122.94558628403934,87.0608945397064,1,-1,-1,-1
1133,1228,938.4072071931076,714.862637982646,119.28519419557131,85.82325439713463,1,-1,-1,-1
1134,1228,927.8413131871536,718.027739831983,115.70176227167542,83.59065311528843,1,-1,-1,-1
1135,1228,917.7497034239741,720.5058669866432,112.50365326970609,81.01289408820776,1,-1,-1,-1
1136,1228,907.7165220557475,723.1598898177986,109.14130437275935,78.80189166745095,1,-1,-1,-1
1137,1228,897.49487811935,724.598727867984,105.13282792594669,76.67517894048592,1,-1,-1,-1
1138,1228,888.1298883056868,725.3159332946259,103.02418884304006,75.20728414289692,1,-1,-1,-1
1139,1228,878.9832349668569,726.312000443891,101.07638924188313,74.50429964827958,1,-1,-1,-1
1140,1228,869.198127439953,728.563265612341,99.96970021170887,73.51237030581865,1,-1,-1,-1
1141,1228,860.3429313231957,729.5516787156823,98.23751941196178,72.28798143412087,1,-1,-1,-1
1142,1228,851.6160300943664,731.5697709590454,95.28710565597135,70.56170879275919,1,-1,-1,-1
1143,1228,843.8599820052157,733.636014258261,93.06370187063544,69.28282426033661,1,-1,-1,-1
1144,1228,834.418344203124,735.6715253625412,92.20910906301674,68.5655949217446,1,-1,-1,-1
1144,1233,2064.5258529158464,663.2979255873349,469.4821271142655,326.0464847657638,1,-1,-1,-1
1145,1228,825.3942587592055,738.5542715319275,91.03575766871836,66.77301203586853,1,-1,-1,-1
1145,1233,1986.7762784499714,660.1401513236923,539.4804785940578,324.66093455412965,1,-1,-1,-1
1146,1228,817.3558453425874,741.9812750336233,88.96890728282074,64.46665956455581,1,-1,-1,-1
1146,1233,1905.480060462206,655.8588285215958,587.6559511024361,318.45398464017944,1,-1,-1,-1
1147,1228,810.715496715179,746.6670499700645,86.56150432794584,61.05347512721232,1,-1,-1,-1
1147,1233,1818.5675596413946,661.2987251546482,593.4018746572794,303.03477153543304,1,-1,-1,-1
1148,1228,802.8570167724276,749.163747287557,84.29573895978979,57.68488104169546,1,-1,-1,-1
1148,1233,1739.5019193320957,666.4486689416918,577.6942095610741,285.97128919055035,1,-1,-1,-1
1149,1233,1672.3576369064117,671.2595920073294,551.5201278346094,269.6158551293522,1,-1,-1,-1
1150,1233,1613.3196408753424,676.7811839646881,522.3760505430623,254.33636005654057,1,-1,-1,-1
1151,1233,1562.6692504121388,681.8572366105441,490.37611370273726,239.08219661432668,1,-1,-1,-1
1152,1233,1524.6572114847038,686.166693825638,457.3295518257164,223.36247715855302,1,-1,-1,-1
1153,1233,1488.1352143370354,688.7412465308245,424.5769603479521,211.49828650188942,1,-1,-1,-1
1154,1233,1452.6658313564853,694.2193271123857,397.62557346593076,199.06707086984466,1,-1,-1,-1
1155,1233,1418.9019756617681,697.6471256249517,370.7353310319886,188.79550233513282,1,-1,-1,-1
1156,1233,1390.677997589118,701.4445507778283,345.8056743063403,179.2527031660079,1,-1,-1,-1
1157,1233,1364.523742799072,706.4337682360824,323.9405591333125,169.2398020031858,1,-1,-1,-1
1158,1233,1340.3700534872455,709.1690220465235,304.50017310525345,160.52404757781687,1,-1,-1,-1
1159,1233,1318.466008058315,711.0091321345205,286.55166635619526,153.51735164244155,1,-1,-1,-1
1160,1233,1296.4746235315106,710.1478385939549,269.85408209808656,147.9934712371546,1,-1,-1,-1
1161,1233,1276.464870993454,713.7463875359296,253.79604740972536,141.35048399731613,1,-1,-1,-1
1162,1233,1260.118031635141,715.6837073427636,238.03884951140935,135.4746383149693,1,-1,-1,-1
1163,1233,1245.9381823661688,717.3673062694767,222.24892520451886,129.75731257154666,1,-1,-1,-1
1164,1233,1233.2567092563581,719.3338581112271,208.11641576556804,123.59367056771202,1,-1,-1,-1
1165,1233,1221.4224304271343,719.7081584280194,196.62309280634372,118.33110723875211,1,-1,-1,-1
1166,1233,1211.2870574055198,718.8965133816546,185.34062503295763,113.51501089387239,1,-1,-1,-1
1167,1233,1206.081731145431,718.2441825432326,172.73138685607228,109.19965190186304,1,-1,-1,-1
1168,1233,1202.6486225659505,717.6104250975895,160.7814696722503,104.75006356578047,1,-1,-1,-1
1169,1233,1198.5561991102775,716.2430677807412,150.15299764162455,100.86949850917199,1,-1,-1,-1
1170,1233,1196.4953753192337,714.761823565613,139.82993710237952,96.88549403644765,1,-1,-1,-1
1171,1233,1196.2526085619638,713.6833082204901,130.19426249203525,92.99741259161692,1,-1,-1,-1
1172,1233,1198.9583410785588,712.6003720345337,119.61779784413784,89.16909024920642,1,-1,-1,-1
1173,1233,1202.978433181169,710.5824634211035,110.03709448762538,85.62044538601572,1,-1,-1,-1
1174,1233,1205.598993562568,706.5833489235692,102.52734415841451,82.71967317374401,1,-1,-1,-1
1175,1233,1210.004891265571,703.1932218381731,96.91785012435184,79.80792419027807,1,-1,-1,-1
1176,1233,1215.9295362029634,699.7603227461469,91.61906353369977,76.65939771024182,1,-1,-1,-1
1177,1233,1222.2823747895143,696.2740576073378,87.49923693766323,73.55485785412498,1,-1,-1,-1
1181,1237,1241.3964518941495,658.1441483979883,119.51261285915461,97.40901875420218,1,-1,-1,-1
1182,1237,1252.4077720202197,651.8705530434398,119.51645953778825,95.03339822109933,1,-1,-1,-1
1183,1237,1263.220681225584,644.6530335911524,123.67093603765989,93.69111109657274,1,-1,-1,-1
1184,1237,1272.6558996876279,638.4388584211449,122.60732838773038,91.81985095761456,1,-1,-1,-1
1185,1237,1282.3310874570777,632.6931893466583,120.2305012945917,89.90275599388542,1,-1,-1,-1
1186,1237,1293.3789324796096,627.6794727297269,117.30704300922616,87.03132222734098,1,-1,-1,-1
1187,1237,1306.4300845974515,622.0549619494984,114.77912564545295,84.53891394430025,1,-1,-1,-1
1188,1237,1323.5386360908847,614.1593042707218,120.88349312391074,84.25486937931419,1,-1,-1,-1
1189,1237,1341.3174230170403,604.3557235063396,124.5152484696464,83.33883274511982,1,-1,-1,-1
1190,1237,1356.7098683983402,596.1879045632205,126.95083118984303,81.5912774992621,1,-1,-1,-1
1191,1237,1372.3222522356748,589.4661875338223,129.10213941269967,80.79177709247688,1,-1,-1,-1
1192,1237,1385.937357836596,582.0329757584163,130.47600707038873,78.69324138682191,1,-1,-1,-1
1193,1237,1406.116301271547,576.273270948166,127.04919810713864,77.99487925616745,1,-1,-1,-1
1194,1237,1422.785055446075,570.7014903041702,125.0130064396958,77.06264259660952,1,-1,-1,-1
1195,1237,1434.1760320151275,562.7945040082694,127.81917703457975,78.23035264075224,1,-1,-1,-1
1196,1237,1447.0113443236849,556.455839212715,127.64131893888725,77.58228571803738,1,-1,-1,-1
1197,1237,1458.3177748667563,548.1821962734326,129.60401725188012,78.74151384171614,1,-1,-1,-1
1198,1237,1471.5420725657657,539.7775393195194,128.76017927205385,80.55070774306478,1,-1,-1,-1
1199,1237,1484.8354912903264,533.8170854599642,125.76717555644018,79.71173030320574,1,-1,-1,-1
1200,1237,1497.4281506066002,529.3032635613987,120.07148779083582,78.21828445432129,1,-1,-1,-1
1201,1237,1507.5120872053822,525.6242237961338,111.28417948933065,75.79854582199528,1,-1,-1,-1
1202,1237,1521.3563191582768,525.6373418864812,105.00077879251103,70.09784861869343,1,-1,-1,-1
1214,1245,2185.716521150395,617.0093519530332,343.24987167232575,360.2264473566281,1,-1,-1,-1
1215,1245,2096.8282582928755,604.7883623758751,426.69392866914495,384.9040104081671,1,-1,-1,-1
1216,1245,2020.6872497384347,582.1230029639639,501.87323088138874,402.34784314198987,1,-1,-1,-1
1217,1245,1946.844395470987,581.8523805157091,562.9685288512792,393.6945997694115,1,-1,-1,-1
1218,1245,1862.4100236789418,590.0359693198172,583.1318568384031,375.82412922303024,1,-1,-1,-1
1219,1245,1783.3204435683333,601.2291905227517,578.0159722029302,356.9556456861899,1,-1,-1,-1
1220,1245,1711.940299490499,610.6031354414089,561.2218475790455,338.9930292087852,1,-1,-1,-1
1221,1245,1653.3904387424323,616.419540756016,536.5586072023243,321.329937111273,1,-1,-1,-1
1222,1245,1598.8626754508232,623.9729556919057,510.43234935759347,303.35764945874917,1,-1,-1,-1
1223,1245,1551.1335238902132,629.4969481103469,482.22735980556536,286.3822100563789,1,-1,-1,-1
1224,1245,1507.074761235747,635.8860145321424,455.9790014234668,271.7027630554146,1,-1,-1,-1
1225,1245,1468.0732380318798,643.3187369413794,431.3638459194776,256.4679031529836,1,-1,-1,-1
1226,1245,1436.949506687127,649.4981222469429,403.588779134428,242.70675402439883,1,-1,-1,-1
1227,1245,1402.527644022936,654.4576139091793,376.595825951646,230.9037467027349,1,-1,-1,-1
1228,1245,1373.3055440530927,659.4883263565699,351.9381337112827,219.19252637923955,1,-1,-1,-1
1229,1245,1342.4069286454942,663.6614515989992,330.3245959027972,208.48978028478177,1,-1,-1,-1
1230,1245,1316.9818981649012,667.8369464715281,309.17891894909326,198.3431715748195,1,-1,-1,-1
1231,1245,1293.4533799922915,670.0539242605572,289.307179952415,189.929812684848,1,-1,-1,-1
1232,1245,1272.0701729166994,673.8946946399981,272.47694744825685,181.54123319605014,1,-1,-1,-1
1233,1245,1251.684222942034,676.7877142761708,256.07170145915643,174.53746654023803,1,-1,-1,-1
1234,1245,1228.4482010280872,680.0138951556448,241.81944149661922,167.56865617689027,1,-1,-1,-1
1235,1245,1207.4027483537882,683.6296389894109,228.99889483571087,161.26918423405846,1,-1,-1,-1
1235,1248,519.6984525799224,773.158030966275,103.11563298601664,80.44153673287997,1,-1,-1,-1
1236,1245,1187.3579926651491,686.517316414296,217.89698581646007,155.79688266741823,1,-1,-1,-1
1236,1248,526.3420038172773,774.8845037035069,100.64713722276042,79.22078142266832,1,-1,-1,-1
1237,1245,1168.614128734811,690.6442469211117,208.1467344520529,148.62544967904137,1,-1,-1,-1
1237,1248,533.1923144652321,777.108010616199,100.15175200427166,78.39411360727718,1,-1,-1,-1
1238,1245,1150.3890824883442,692.7399822315435,198.6854876644902,142.7953465927551,1,-1,-1,-1
1238,1248,540.4233335317596,781.6167280029645,100.26799351139744,76.13705342623689,1,-1,-1,-1
1239,1245,1133.983466412118,695.2799182456315,188.3901699794974,136.4873268385552,1,-1,-1,-1
1239,1248,552.4034560472306,785.7964960833277,96.98528565729453,72.17606389367643,1,-1,-1,-1
1240,1245,1117.0121691855175,697.6995401954422,180.48439358460564,132.06516529873375,1,-1,-1,-1
1240,1248,563.6363333084961,788.3678654490955,93.87956343935048,69.45162823235546,1,-1,-1,-1
1241,1245,1099.4640557488572,701.2374199427744,172.35295586551592,126.4448987643857,1,-1,-1,-1
1241,1248,574.5829601022753,790.8761344767458,91.89005384012057,68.07113586642117,1,-1,-1,-1
1242,1245,1083.1629596386417,706.177250883071,165.66002303194455,120.74396385644172,1,-1,-1,-1
1242,1248,582.9962318299512,792.2282962604204,89.17214866289737,66.52734221450442,1,-1,-1,-1
1243,1245,1067.4657742397014,710.8023101724192,158.17464935122052,114.59396020124632,1,-1,-1,-1
1243,1248,590.8113170359525,793.2166895543244,87.54306118777026,64.96719534753015,1,-1,-1,-1
1244,1245,1052.6702847005893,713.5366522671047,151.10026658494826,109.14016327023819,1,-1,-1,-1
1244,1248,597.6155762749202,793.1773206516834,86.5073101990265,64.7072674414785,1,-1,-1,-1
1245,1245,1037.8983267213207,717.9401549055724,144.35603304589404,103.78284898940615,1,-1,-1,-1
1245,1248,603.495780821056,792.8377965865554,86.61255144366282,64.98493309533706,1,-1,-1,-1
1246,1245,1024.4208379358063,720.9676091232719,137.55123433592098,98.35912369707466,1,-1,-1,-1
1246,1248,608.7568940215576,792.4534686116635,87.10453622676778,65.41274261972376,1,-1,-1,-1
1247,1245,1010.7409498380428,722.6425191142313,131.74279053005102,94.01770567486074,1,-1,-1,-1
1247,1248,614.2020768349688,792.7175784972968,89.15786322367694,66.45357373824368,1,-1,-1,-1
1248,1245,996.7490989456235,723.8457357954327,126.92119214535523,89.97827649418309,1,-1,-1,-1
1248,1248,619.323948988411,793.7905485130472,89.8583152179749,66.435910343474,1,-1,-1,-1
1249,1245,982.9088425029279,725.2446035409262,122.29859224572647,86.80606946615171,1,-1,-1,-1
1249,1248,623.5648828493396,792.861192850883,90.0177500038485,67.30540344875703,1,-1,-1,-1
1250,1245,970.4688727730129,726.6742438929517,117.96636465882784,84.4245168826626,1,-1,-1,-1
1250,1248,628.7378476960308,793.956773250364,89.31553269483311,67.33106937930665,1,-1,-1,-1
1251,1245,957.6796469996561,728.3021286975868,113.60020445670307,81.473356303949,1,-1,-1,-1
1251,1248,634.0945475956819,794.3227684426615,89.15737854605595,67.36314999315232,1,-1,-1,-1
1252,1245,945.8367674221037,731.8765397426071,108.9473086519007,78.50608280005736,1,-1,-1,-1
1252,1248,638.7158374501396,794.6957569558573,87.47468161209531,67.04747149492414,1,-1,-1,-1
1253,1245,934.3144710125968,733.8092527963645,104.93294688908702,75.79470406899213,1,-1,-1,-1
1253,1248,643.8974970036726,796.7043494179485,84.61747758779165,66.09133574662269,1,-1,-1,-1
1254,1245,922.1240828731882,735.3561329677331,101.24682242825565,73.1637340166485,1,-1,-1,-1
1254,1248,656.971208577208,795.90984420986,89.25420650478054,67.94155446402374,1,-1,-1,-1
1255,1245,910.1243970564875,737.1268608491931,97.78828154779353,71.08790023538927,1,-1,-1,-1
1255,1248,665.7015359240561,794.9522452687016,93.61863948023824,69.10681312546717,1,-1,-1,-1
1256,1245,899.8176441070085,739.6257273833021,94.52457441114893,68.59320567294435,1,-1,-1,-1
1256,1248,672.6095174820734,794.0838484192195,97.96860514134733,69.75774917469016,1,-1,-1,-1
1257,1245,890.5214984196097,742.5325713723113,89.37598330964965,65.65498488897606,1,-1,-1,-1
1257,1248,679.8451517235666,792.9693881900492,101.66625005219771,71.20606330232522,1,-1,-1,-1
1258,1245,878.7015937536931,744.2820428607142,87.36371487222527,64.12272511022661,1,-1,-1,-1
1258,1248,685.911788971567,789.315783960072,106.04355687812586,75.05091410209866,1,-1,-1,-1
1259,1245,866.3029835604814,746.2392016176809,84.62384680847936,62.58363685947688,1,-1,-1,-1
1259,1248,691.1748396181788,787.6025654873295,110.18357125076886,78.33590624911517,1,-1,-1,-1
1260,1245,854.383469269669,747.8042243737656,82.209503885098,60.88904311092324,1,-1,-1,-1
1260,1248,696.4041774173804,786.9155811747883,113.53114765106602,80.13026151739496,1,-1,-1,-1
1261,1245,845.4958126497968,749.6520606140105,78.99940484595936,58.43562504779311,1,-1,-1,-1
1261,1248,704.9657954336745,787.5343855530157,114.41311832110478,81.47986522190081,1,-1,-1,-1
1262,1245,836.1830413548018,753.1034040248024,75.16714552563712,55.51757459008809,1,-1,-1,-1
1262,1248,715.3037283761828,788.9607093884621,116.0296360288828,83.18705771037344,1,-1,-1,-1
1263,1245,825.3417776387727,755.5852932009021,72.32082512549732,53.34814154925948,1,-1,-1,-1
1263,1248,725.0132058645637,789.5055898488571,118.44807730699836,85.80511347918355,1,-1,-1,-1
1264,1245,817.0915667264328,758.0334141929045,68.36670565227655,50.29207481463936,1,-1,-1,-1
1264,1248,729.4503487599122,788.2836578816336,122.82427758632343,88.84139707362237,1,-1,-1,-1
1265,1248,734.5167516824439,789.868544378663,127.20933185687204,89.59079146946988,1,-1,-1,-1
1266,1248,744.5934733911387,791.4055283917804,129.43822614463602,90.78025665016935,1,-1,-1,-1
1267,1248,757.1350134964864,789.8210975627318,131.09052533073623,93.1492660150634,1,-1,-1,-1
1268,1248,765.3507091168362,788.9216289465729,133.93927350005674,94.95816886944112,1,-1,-1,-1
1269,1248,774.3640475944347,788.8569740108842,137.92939077622805,96.89443593978717,1,-1,-1,-1
1270,1248,784.8380815984109,789.6665632670754,140.5517038652199,99.89108159529655,1,-1,-1,-1
1271,1248,795.2335829872634,790.3260597302512,142.81256645036024,102.19632247870072,1,-1,-1,-1
1272,1248,806.3248532867858,791.7334688674902,145.9356273363776,106.0460101278718,1,-1,-1,-1
1273,1248,816.9313340690196,791.8166071986134,149.61257699073008,109.65072928156474,1,-1,-1,-1
1274,1248,828.9373077588907,791.9477999684667,153.4553182508439,113.02226796478999,1,-1,-1,-1
1275,1248,839.503849124026,790.9962136639376,158.36410974860837,117.05083131383276,1,-1,-1,-1
1276,1248,851.395035447902,790.3922415701333,163.50894814104163,121.45371500640931,1,-1,-1,-1
1277,1248,863.1945078350086,791.253565466073,168.9153181908889,125.39972876266029,1,-1,-1,-1
1278,1248,875.3119243622352,790.6463809645957,174.03007303461686,129.8744339877278,1,-1,-1,-1
1279,1248,887.5079088290428,790.1683262602307,179.69888118150413,134.65910904207658,1,-1,-1,-1
1280,1248,900.2366823481191,789.8797502054293,185.02703921582156,139.17203225733533,1,-1,-1,-1
1281,1248,912.7187263826534,790.7047403553553,191.65119107419332,144.27918808239906,1,-1,-1,-1
1282,1248,925.7690213160728,790.6991761064394,198.48414647210768,149.4833164728277,1,-1,-1,-1
1283,1248,940.4340484134785,792.5471391204974,205.02453559115463,154.99344634892668,1,-1,-1,-1
1284,1248,955.6967225464862,794.2567188376746,213.41359452075721,161.69234161413942,1,-1,-1,-1
1285,1248,973.4673302730819,794.9368690617443,223.12755867986698,168.06740783941564,1,-1,-1,-1
1286,1248,990.5280107352437,796.8210006320949,232.14985245021307,174.74432602363436,1,-1,-1,-1
1287,1248,1008.6408191273811,798.82475104355,241.20741241685528,181.45105704370258,1,-1,-1,-1
1288,1248,1030.3327144602754,802.8204368994047,251.20462971023426,189.32867006041351,1,-1,-1,-1
1289,1248,1051.000198805308,806.7792784405239,263.27256829668386,197.60524441060238,1,-1,-1,-1
1290,1248,1072.6243135356262,809.6779561248654,277.7283225360011,207.00274485398904,1,-1,-1,-1
1291,1248,1097.232513822481,811.4300789975117,293.99093815064634,218.2898785142603,1,-1,-1,-1
1292,1248,1123.1698933041341,815.2037347229957,310.61153052711916,232.30812413290005,1,-1,-1,-1
1293,1248,1152.9818605460925,817.8592863174855,331.60001312972236,248.0112419948681,1,-1,-1,-1
1294,1248,1182.7113187748373,822.3539714852931,356.17240890668745,264.63831198324067,1,-1,-1,-1
1295,1248,1218.7945944869934,826.7364893940731,385.588675362952,282.594987937572,1,-1,-1,-1
1296,1248,1257.9876430024979,835.3134716403871,419.6361404358772,302.8226242643235,1,-1,-1,-1
1297,1248,1305.8140571259294,841.480036795283,461.0690511878779,325.8500584067715,1,-1,-1,-1
1298,1248,1359.5768441669868,849.8667232482645,508.04265673538794,350.83384647740024,1,-1,-1,-1
1299,1248,1422.609013315238,854.5812894279243,566.3434660044227,386.15170382758106,1,-1,-1,-1
1300,1248,1494.3087143285804,866.5403728771345,635.0637990281618,421.8514445694192,1,-1,-1,-1
1301,1248,1579.0964789948464,878.4767542951078,719.6537634016688,466.982277137928,1,-1,-1,-1
1302,1248,1658.12716589101,893.8595232401146,794.3393597517843,517.7225312528576,1,-1,-1,-1
1303,1248,1726.950508571318,920.7445464489667,817.9846899453469,571.7985553889157,1,-1,-1,-1
1304,1248,1810.9308316077845,917.617363975018,792.3401988345186,602.0514576971559,1,-1,-1,-1
1305,1248,1925.1111112682906,916.0330744497462,724.0586107423405,611.7506409342509,1,-1,-1,-1
1306,1248,2077.0328812644575,939.9136572689921,615.6685528320322,622.3069124062628,1,-1,-1,-1
1465,1270,2031.4305630763245,717.926699919252,486.5399660186665,383.2799083944359,1,-1,-1,-1
1466,1270,1910.038877604982,712.9352721743215,597.2615684359537,393.6991945099427,1,-1,-1,-1
1467,1270,1798.261207584891,717.3608129967051,695.8787116272915,392.21590629902266,1,-1,-1,-1
1468,1270,1667.718641916993,735.1652398665319,731.2892287914515,374.6142089288794,1,-1,-1,-1
1469,1270,1541.6235614239622,752.8760054167936,736.2689267089086,356.81014650544205,1,-1,-1,-1
1470,1270,1432.3576920692092,775.2373909117507,721.169485122836,337.2819837672912,1,-1,-1,-1
1471,1270,1326.9677871148574,796.5159138109345,697.8444619450324,322.2807881037602,1,-1,-1,-1
1472,1270,1113.1394575977556,837.3691734548975,656.1270092372597,306.6780391386603,1,-1,-1,-1
1473,1270,988.2219289263477,865.6095665106812,620.8370796817129,295.10064947020635,1,-1,-1,-1
1474,1270,896.1460798211838,892.7337872784519,591.3953389603712,282.9990601877744,1,-1,-1,-1
1475,1270,818.5713840297799,918.0406541580044,564.5984964838071,273.1328634774504,1,-1,-1,-1
1476,1270,747.3308064808126,939.1634704281848,540.3890840993544,264.52095565577883,1,-1,-1,-1
1477,1270,676.7400689974066,964.787368260057,518.5012128667967,258.2617158230786,1,-1,-1,-1
1478,1270,604.7399958453441,986.6831080217696,504.0578688435228,251.2541161338595,1,-1,-1,-1
1479,1270,529.9405883598722,1010.6425454908249,493.1356796669727,247.1802957963082,1,-1,-1,-1
1480,1270,456.29689294423696,1029.2388968810346,482.2117975158238,244.929999344934,1,-1,-1,-1
1481,1270,388.239396093951,1050.6283978567492,470.5867254913112,240.29358101633852,1,-1,-1,-1
1482,1270,341.5246625598983,1065.3138982802473,445.95669300988743,230.04496655806224,1,-1,-1,-1
1483,1270,275.93030792984064,1085.1463925115684,428.49294043973885,219.1639145476256,1,-1,-1,-1
1484,1270,205.5997651890468,1107.5001379957164,413.45357775158743,212.81036654600757,1,-1,-1,-1
1485,1270,138.36351142571903,1122.8317951449988,403.0665553823494,190.6363484325243,1,-1,-1,-1
1621,1279,525.5719781372835,774.983561734835,99.66179770082363,75.27938069764946,1,-1,-1,-1
1622,1279,529.1808746638415,775.7570250935605,101.23425986393545,75.68243419184978,1,-1,-1,-1
1623,1279,538.2444700253293,780.8167391076812,100.56388863249913,72.98761277387348,1,-1,-1,-1
1624,1279,551.7259086777161,786.0021206913892,98.23527189787569,69.3064743592713,1,-1,-1,-1
1625,1279,564.1030896365543,789.7982701921667,95.8748982979148,66.17679031077068,1,-1,-1,-1
1626,1279,573.2324837914035,793.0704979755526,93.87608405149422,63.38206391154267,1,-1,-1,-1
1627,1279,592.0123237916983,795.1249393103453,89.01254946475706,60.901585516920704,1,-1,-1,-1
1628,1279,603.3336321584247,795.1976678053612,85.41433830721303,59.97534593541582,1,-1,-1,-1
1629,1279,612.8834096143071,795.4823383959543,84.85514396829126,59.80643008795619,1,-1,-1,-1
1630,1279,621.4289623012762,795.3426385027371,84.97213263238518,60.058475604281966,1,-1,-1,-1
1631,1279,629.0541066435544,795.59815523209,83.89440368113583,60.28399849610719,1,-1,-1,-1
1632,1279,636.0281870392097,795.1668723792282,81.66410060682756,60.5237361991899,1,-1,-1,-1
1633,1279,645.1494152675465,793.9869617675861,81.37373600282376,61.394719948797956,1,-1,-1,-1
1634,1279,654.5032505617476,793.9362774383396,80.12873100453407,61.96746138948629,1,-1,-1,-1
1635,1279,666.2666262764784,791.3836668165583,84.71480293942932,63.97867657576444,1,-1,-1,-1
1636,1279,676.3860849229515,788.0192790500652,87.91846506706679,66.51419470313567,1,-1,-1,-1
1637,1279,685.7589694521542,787.5355211875185,92.27316522476872,67.39496652502703,1,-1,-1,-1
1638,1279,695.1642768724831,786.4528844844277,95.19630589379813,66.8457871692392,1,-1,-1,-1
1639,1279,704.0407928978385,785.3534980479965,97.89189937750143,67.54992958061325,1,-1,-1,-1
1640,1279,710.0705998294101,785.6295341782883,101.60637700749112,70.05751772457438,1,-1,-1,-1
1641,1279,717.6273875134711,785.9841598442234,106.4196299927346,72.13410590750891,1,-1,-1,-1
1642,1279,731.7935291670022,787.3130536007951,108.0521549033283,73.28940487201908,1,-1,-1,-1
1643,1279,745.8117902120955,788.5818041859291,109.28786177810252,75.71274687564232,1,-1,-1,-1
1644,1279,759.0292797177855,789.5008123382017,110.73060845548684,78.01316123629567,1,-1,-1,-1
1645,1279,770.4277654792924,788.70660319541,113.27369298877807,80.82937374881476,1,-1,-1,-1
1646,1279,780.3853362430401,788.554890842718,116.17030688569184,83.91300097896874,1,-1,-1,-1
1647,1279,790.1076087678653,788.0507902543964,119.20964581239127,86.69683704764839,1,-1,-1,-1
1648,1279,801.4345828574883,789.4753697735819,121.90157502798343,89.55972857665756,1,-1,-1,-1
1649,1279,811.8832022541255,790.8025883630071,124.31727339204349,91.66049337912887,1,-1,-1,-1
1650,1279,821.3016198215706,791.6785722793127,127.98841395632803,94.92454834780278,1,-1,-1,-1
1651,1279,833.1826799875864,793.8459511264516,130.86057553927049,97.34148509094734,1,-1,-1,-1
1652,1279,843.691506609092,794.7802784081551,133.50294556045696,99.5379289463749,1,-1,-1,-1
1653,1279,855.1723605765782,795.1053526492742,139.07869731641267,105.68733591217938,1,-1,-1,-1
1654,1279,868.896442861324,797.387877259299,144.19879919202026,109.97649422928725,1,-1,-1,-1
1655,1279,882.6151486144254,798.6363615564545,149.93433961117717,114.86312169128496,1,-1,-1,-1
1656,1279,895.8025033408564,798.6896508473778,157.2616002445718,120.98938739226082,1,-1,-1,-1
1657,1279,911.5242238720123,800.9634246527991,163.89017371109458,125.11944772102834,1,-1,-1,-1
1658,1279,927.9284616719066,803.4381851756422,170.59051162802518,129.59092425552967,1,-1,-1,-1
1659,1279,944.7047588435973,804.3825552022555,178.3317173535629,134.91322249808945,1,-1,-1,-1
1660,1279,962.3421784253319,806.3212534177557,187.97092493975242,141.68125585306143,1,-1,-1,-1
1661,1279,984.7117618984098,808.551914373883,199.6047566379093,148.3802745917153,1,-1,-1,-1
1662,1279,1005.1857567657106,811.8709602555465,211.49792807868664,155.9821691924567,1,-1,-1,-1
1663,1279,1029.7504749349837,813.914743362722,224.4421529280885,165.87166435414974,1,-1,-1,-1
1664,1279,1059.4863679294983,816.5464536742111,238.80573893788733,175.13260554371482,1,-1,-1,-1
1665,1279,1090.6202916685297,819.2659188412567,257.4765187357789,185.95462567662912,1,-1,-1,-1
1666,1279,1127.3123345897461,820.5200324354021,276.79484450332984,197.78646631509946,1,-1,-1,-1
1667,1279,1163.5780672834965,827.4646565333683,303.4422264800687,212.41298278293834,1,-1,-1,-1
1668,1279,1209.026788481588,834.6200138686612,330.7751340626992,227.34240011282134,1,-1,-1,-1
1669,1279,1260.4132905391727,837.2513261217572,362.7196727968403,247.84420108946495,1,-1,-1,-1
1670,1279,1321.396520241828,843.780614929579,404.4110234031268,271.6695827020743,1,-1,-1,-1
1671,1279,1394.9254234794826,850.5726469690924,452.002116034173,298.34392323304655,1,-1,-1,-1
1672,1279,1481.1033882734546,858.1470945230101,511.73053161126427,329.30896388811334,1,-1,-1,-1
1673,1279,1589.51195201292,869.7265805484877,587.6804978810799,368.92644059105885,1,-1,-1,-1
1674,1279,1714.8850017984958,882.412164030477,683.7370908431092,419.7371583030226,1,-1,-1,-1
1675,1279,1810.8759960544585,903.7520414613168,714.1962627495986,468.83017757788275,1,-1,-1,-1
1676,1279,1935.7427112661112,909.418932187054,671.6842171251046,470.27770452637196,1,-1,-1,-1
1677,1279,2106.126469594835,941.5883199970442,570.8050191897291,479.7819588312568,1,-1,-1,-1
1773,1283,525.5207379286976,775.6539951260302,98.60478041671035,74.7833130432191,1,-1,-1,-1
1774,1283,532.7417457678715,778.460522550995,97.86960324648498,74.69769473145152,1,-1,-1,-1
1775,1283,543.2452466204855,783.4090610377493,95.8302174786229,72.03187154041348,1,-1,-1,-1
1776,1283,548.1964913268794,786.1135709989728,97.02633941504678,70.87115365273417,1,-1,-1,-1
1777,1283,556.051151151652,788.1795060688406,96.59936116152949,69.687203451301,1,-1,-1,-1
1778,1283,574.0055953984917,791.1026657104574,91.17183077207937,67.05725087708561,1,-1,-1,-1
1779,1283,588.4777118940036,793.520456528672,86.70859284899393,64.82993176097193,1,-1,-1,-1
1780,1283,598.794221714625,794.3217679929219,83.87289709520155,64.04583330295418,1,-1,-1,-1
1781,1283,606.8032909184717,794.3106962582543,83.28249009296746,63.93167952355816,1,-1,-1,-1
1782,1283,614.4021083418752,794.8363445940498,82.75549739360895,63.90068503049906,1,-1,-1,-1
1783,1283,621.9592747001034,793.96239025876,83.17967687851797,64.79103011784105,1,-1,-1,-1
1784,1283,627.9933341088265,793.4105267730966,83.76588856063495,65.925051733489,1,-1,-1,-1
1785,1283,634.359795269543,792.7990292588279,84.57383593890472,67.0820305799732,1,-1,-1,-1
1786,1283,641.9198761055051,792.6375545472941,84.29189499528911,67.68493212545218,1,-1,-1,-1
1787,1283,647.9900234346168,794.1527346769228,82.06484468055282,67.88833739728534,1,-1,-1,-1
1788,1283,658.5262401081736,794.7999680588218,82.26447409022558,68.44721145298809,1,-1,-1,-1
1789,1283,668.4155063699446,789.769615195732,87.12783276392793,71.3112437172199,1,-1,-1,-1
1790,1283,677.238619999177,788.7433362243496,90.22837687171273,73.26898792942484,1,-1,-1,-1
1791,1283,685.378307871457,786.7342403592128,93.96638446274392,75.619117858555,1,-1,-1,-1
1792,1283,692.5784804130305,784.9209194101816,97.34638971225172,77.46210268875825,1,-1,-1,-1
1793,1283,699.6994872380561,785.4374839958494,100.08092534757225,78.21295644611996,1,-1,-1,-1
1794,1283,705.8892241673849,785.7752474766062,104.01717229863357,79.77103113149815,1,-1,-1,-1
1795,1283,711.0709328975802,786.0338218901162,109.51308488118593,83.06405548632847,1,-1,-1,-1
1796,1283,717.4577572815778,786.0652461609012,115.35068074474725,86.89761826560039,1,-1,-1,-1
1797,1283,727.9604079898581,787.5122289401266,118.95232274041314,90.0943119280746,1,-1,-1,-1
1798,1283,740.8641434576538,788.575124964327,120.48307082306496,93.16001712655066,1,-1,-1,-1
1799,1283,754.1785810669509,788.7248988280185,121.76806704293313,95.80111906947559,1,-1,-1,-1
1800,1283,766.8393919259555,790.5088478444184,123.41817403903315,97.90196016953928,1,-1,-1,-1
1801,1283,777.9421448914396,791.1617377017873,125.4004811466018,100.58438136305199,1,-1,-1,-1
1802,1283,788.6644568924945,791.3805121511601,128.49113477660444,103.37247710087922,1,-1,-1,-1
1803,1283,800.7099706146989,793.0137442295867,131.22860677436984,105.98834820894285,1,-1,-1,-1
1804,1283,813.2871330136962,796.2815267711135,134.69807310777583,109.57205383697374,1,-1,-1,-1
1805,1283,825.5770587109113,797.3902875634229,138.73980262280907,114.16530144713329,1,-1,-1,-1
1806,1283,838.9391027858845,797.9778115619954,144.0924901474018,119.3182645992249,1,-1,-1,-1
1807,1283,852.6786732012023,799.0714311797306,149.94008362916134,123.8877929462617,1,-1,-1,-1
1808,1283,866.665535076797,799.561213338444,156.95305235963133,128.82226887377465,1,-1,-1,-1
1809,1283,880.4500374362033,799.6850837293426,164.23189953812903,134.91277120383143,1,-1,-1,-1
1810,1283,895.0972082291885,799.9701653755135,171.21941341120396,140.35158275912204,1,-1,-1,-1
1811,1283,910.0312900414732,801.2028644178066,178.4061063745272,145.56811776197605,1,-1,-1,-1
1812,1283,927.345231833962,804.2109671137505,187.29188345830778,152.40826249977454,1,-1,-1,-1
1813,1283,944.6250545980862,805.3921511274982,197.5076691985479,160.04659549003736,1,-1,-1,-1
1814,1283,964.9235383513534,808.2321295131316,207.59426505909835,167.99042806536136,1,-1,-1,-1
1815,1283,987.9435855323545,811.4709232601502,219.392120787174,176.7758035429224,1,-1,-1,-1
1816,1283,1012.1848019245065,814.105087617517,233.00516038240585,187.29608476958265,1,-1,-1,-1
1817,1283,1039.805878901013,817.7573739219163,249.8484777570061,199.18448669938516,1,-1,-1,-1
1818,1283,1074.2173337176878,823.0063073843875,265.42799679653353,210.10375424461984,1,-1,-1,-1
1819,1283,1110.1529869290362,826.4673579885955,285.88968240635086,226.38126829385737,1,-1,-1,-1
1820,1283,1149.2625793397517,829.6616578548201,310.52538817925733,244.65946088423766,1,-1,-1,-1
1821,1283,1195.8397684475954,834.388753294433,338.4995496111633,264.19094096571894,1,-1,-1,-1
1822,1283,1248.3603005675877,841.0709344376114,374.62717331942576,288.1080772082162,1,-1,-1,-1
1823,1283,1306.9684287588145,849.5202316097437,423.69769627873575,316.91778873129977,1,-1,-1,-1
1824,1283,1383.9141229878283,860.4888738667696,477.8392580403638,347.41863339937845,1,-1,-1,-1
1825,1283,1479.1170508930559,870.9159907830381,544.3550296250205,386.61378045305946,1,-1,-1,-1
1826,1283,1589.9725744690206,881.2998780242543,638.2094136920525,442.32898845480906,1,-1,-1,-1
1827,1283,1708.4713138023035,904.9960332658454,720.9893229193603,505.2627117689635,1,-1,-1,-1
1828,1283,1820.9408800298727,909.2383348997037,725.1771660333359,536.4748033988099,1,-1,-1,-1
1829,1283,1960.9294336674345,922.3011877317052,666.7052732642812,553.1109288295889,1,-1,-1,-1
2128,1298,2088.567543425077,609.6243646891816,439.1465556338662,369.58370920085827,1,-1,-1,-1
2129,1298,2013.9070407858467,576.9887704800209,513.7457442957757,390.86939710052,1,-1,-1,-1
2130,1298,1944.9463946777869,575.6799741186721,574.7670471102365,387.66764449415246,1,-1,-1,-1
2131,1298,1861.0073342899736,582.52286926561,593.2499850266695,374.35604296669044,1,-1,-1,-1
2132,1298,1783.097269354958,594.6153463913425,584.6510127824176,354.51499730711066,1,-1,-1,-1
2133,1298,1716.199496436168,603.7665979754668,562.6961962424716,335.51505091684976,1,-1,-1,-1
2134,1298,1655.7337190724095,611.5671560436508,536.5040589336993,314.259133067746,1,-1,-1,-1
2135,1298,1603.7481989287596,618.6708104029132,508.9697218515696,295.18243277206807,1,-1,-1,-1
2136,1298,1559.4776957158026,625.8227311828442,478.0671769147334,276.28933773518725,1,-1,-1,-1
2137,1298,1517.5861670959166,632.9389842817923,448.2707407846028,260.7715231343452,1,-1,-1,-1
2138,1298,1481.9219236142287,639.6478024392985,421.26017831981017,245.00789953437788,1,-1,-1,-1
2139,1298,1448.6731111198644,645.4802223813684,392.2985034439862,229.56716076328257,1,-1,-1,-1
2140,1298,1417.798484451435,649.8354104030007,366.2220626063495,216.00013623673203,1,-1,-1,-1
2141,1298,1388.7944980288382,655.2934648109072,343.01472116556124,204.23648675821892,1,-1,-1,-1
2142,1298,1362.4250762924255,660.1111897291314,321.3234633933557,193.5194622130084,1,-1,-1,-1
2143,1298,1337.224801807248,665.0783519422062,301.35329930090575,183.8762044641278,1,-1,-1,-1
2144,1298,1315.7678182397037,669.2619525324078,283.12321548169666,175.33788671338402,1,-1,-1,-1
2145,1298,1294.3400960746437,671.3875706252866,266.42234428691336,168.45145162574886,1,-1,-1,-1
2146,1298,1275.0814943467676,673.7045045017178,249.36538583126594,162.42982417783514,1,-1,-1,-1
2147,1298,1256.3648817497444,675.9924546928135,234.02730843027712,156.45544171405413,1,-1,-1,-1
2148,1298,1234.679060010231,679.3820232194497,221.86886210970624,151.49740993818,1,-1,-1,-1
2149,1298,1215.7519597352493,681.1178437076599,211.0478419450692,145.76499652075313,1,-1,-1,-1
2150,1298,1197.1901561575685,683.3255284326633,201.2057074701579,141.4086806578855,1,-1,-1,-1
2151,1298,1179.8433658663582,687.2119664510831,191.86228692118902,137.15268744066248,1,-1,-1,-1
2152,1298,1164.5198274266943,689.4869163482715,183.2348006527891,132.1843731874451,1,-1,-1,-1
2153,1298,1150.106507842801,693.0385018524719,174.4102170185579,126.35154309988093,1,-1,-1,-1
2154,1298,1134.5481494212052,695.840910852185,166.18808279647237,121.10295576974681,1,-1,-1,-1
2155,1298,1121.3896015355256,697.4729509350304,157.79126906842976,116.13847976274906,1,-1,-1,-1
2156,1298,1106.6051390170078,698.840227398847,151.70814827064396,112.18322483802854,1,-1,-1,-1
2157,1298,1092.863930433682,699.7315513050986,145.9988605743588,109.01558272806324,1,-1,-1,-1
2158,1298,1079.4380532803689,703.4292416333892,140.27076805783054,104.5715801712638,1,-1,-1,-1
2159,1298,1068.2217792042672,709.0072056574836,133.02091576622888,98.10170857267781,1,-1,-1,-1
2160,1298,1055.0340730825687,712.8140624007915,126.69549032373743,92.96949251669935,1,-1,-1,-1
2161,1298,1041.0338399224172,714.5059389047822,122.0959958770959,89.21452277560388,1,-1,-1,-1
2162,1298,1028.7969405174958,716.334095911849,117.57972178185264,85.81163720417794,1,-1,-1,-1
2163,1298,1016.4589677994595,718.344920814886,113.50571920071525,83.07584571252164,1,-1,-1,-1
2164,1298,1002.4515923770772,718.4594929939074,110.66565419393112,81.29250012497323,1,-1,-1,-1
2165,1298,991.435363388046,719.9409658879104,107.18100826154159,78.98070854711818,1,-1,-1,-1
2166,1298,980.7455989356902,721.8446265490539,103.8180457998078,76.94016568643292,1,-1,-1,-1
2167,1298,971.4743655067649,725.1483272154924,100.00244700366022,73.84721371701903,1,-1,-1,-1
2168,1298,959.1443249715682,726.2136952635698,97.66371054406284,71.91048170676504,1,-1,-1,-1
2169,1298,948.1763692262775,729.1304533052521,95.56053074905981,69.75043884711249,1,-1,-1,-1
2170,1298,937.3579783467078,730.941942585806,92.50073393527691,67.46434185211251,1,-1,-1,-1
2171,1298,928.2273053713243,733.4637965824818,88.6222276964902,64.52630667810081,1,-1,-1,-1
2172,1298,917.533130814376,736.9421860885527,86.1481776319099,61.89859251933217,1,-1,-1,-1
2249,1306,534.3270190857459,783.7024052234638,89.82928243734091,77.70578344772775,1,-1,-1,-1
2250,1306,536.7397491093291,780.7700227877369,93.28008776017555,81.27470554647562,1,-1,-1,-1
2251,1306,561.8161094058939,797.5167966510759,84.0521089273011,69.95655088869398,1,-1,-1,-1
2252,1306,572.0741794477123,804.6606862675341,80.45283168789865,63.80400197124504,1,-1,-1,-1
2253,1306,582.3542260518004,808.8897255540778,77.65909214578824,60.726642685287516,1,-1,-1,-1
2254,1306,592.24880645699,810.7891991890012,75.26491423344669,59.52595576963154,1,-1,-1,-1
2255,1306,599.8172980866264,811.2743859265569,74.20560384467785,58.94676946090294,1,-1,-1,-1
2256,1306,606.134658043168,810.9811226369754,74.2908213671285,59.121749436401615,1,-1,-1,-1
2257,1306,613.2706764588735,810.4360794413608,74.35103394952625,59.311613816345016,1,-1,-1,-1
2258,1306,621.0288681359756,810.5584121926986,75.28179831572015,59.818274486432074,1,-1,-1,-1
2259,1306,627.7695123353399,810.2300240225009,76.81897521431938,60.56594696335833,1,-1,-1,-1
2260,1306,633.538991106573,808.8087360826634,78.73784270918372,62.4522889576067,1,-1,-1,-1
2261,1306,639.7442446218419,808.1529582340899,80.23181644296642,64.14250373662003,1,-1,-1,-1
2262,1306,646.1510633325453,806.6808258431745,80.57836957710538,66.43469357401159,1,-1,-1,-1
2263,1306,654.7424727179714,808.5840228238457,80.96536474681011,66.63217896700803,1,-1,-1,-1
2264,1306,663.0008635586909,810.3389111408155,82.49682923134492,67.41466532824643,1,-1,-1,-1
2265,1306,674.271263224429,809.418353578946,85.99903481286583,68.31515012592877,1,-1,-1,-1
2266,1306,683.1854495556905,807.7623556042106,89.75083918480118,69.43355112204927,1,-1,-1,-1
2270,1306,702.378430726275,803.3056171809471,106.95815024977674,76.564003684324,1,-1,-1,-1
2271,1306,707.5261575548204,805.1056349983161,112.5513364247231,78.01143149375639,1,-1,-1,-1
2272,1306,715.8122242322853,806.592867931352,116.74291907269867,80.71111957286894,1,-1,-1,-1
2273,1306,727.8314269170104,807.6044605389213,119.75993403845564,83.8743740204934,1,-1,-1,-1
2274,1306,747.0462257734878,810.2751820540557,117.8613089666585,84.96511178128617,1,-1,-1,-1
2275,1306,761.6206020980308,811.2279255194087,117.84590652767815,87.10782164424381,1,-1,-1,-1
2276,1306,773.5589969385092,812.3855714533972,119.77932852892923,89.71982872946796,1,-1,-1,-1
2277,1306,785.1195738932275,814.315649933012,122.00029523377384,93.69653555210516,1,-1,-1,-1
2278,1306,797.2815051419803,816.9833007921715,124.47688322241129,97.14338820526427,1,-1,-1,-1
2279,1306,810.1641564883612,819.0623942195347,127.58028202965806,100.64841470921601,1,-1,-1,-1
2280,1306,821.5952892244736,820.056655482354,130.8290487441784,104.97376551167144,1,-1,-1,-1
2281,1306,834.236705885373,821.2969903170736,134.1691256299364,108.35440951645501,1,-1,-1,-1
2282,1306,846.9749382013586,821.8188477855526,138.20116675275904,113.07685257355297,1,-1,-1,-1
2283,1306,862.2155444614508,825.2972461822075,142.859469708,116.7950619515309,1,-1,-1,-1
2284,1306,875.584227154778,828.7398211780575,147.9660118678123,120.35732436830494,1,-1,-1,-1
2285,1306,891.2122370437962,830.5216894224753,154.37824430568503,125.09219659390601,1,-1,-1,-1
2286,1306,907.9381213623291,834.6957511700106,160.14170442366492,129.65386671593023,1,-1,-1,-1
2287,1306,925.7904137305576,840.0074282633155,166.7213329830962,134.72880116146007,1,-1,-1,-1
2288,1306,945.5572151143488,842.2386573185514,175.18973210957074,142.30514046194594,1,-1,-1,-1
2289,1306,963.3140408125354,847.7544561899249,185.0522589437088,149.79591784111153,1,-1,-1,-1
2290,1306,983.8018477879523,854.6337618576096,196.48819525725867,158.49160452317506,1,-1,-1,-1
2291,1306,1007.9795631121954,860.8883323860568,208.73681839296933,167.02675406482558,1,-1,-1,-1
2292,1306,1037.738305679975,869.2511215660749,223.58782254649986,176.16178972407658,1,-1,-1,-1
2293,1306,1068.5632740133021,876.2409344933561,238.76213976387726,187.24727578122508,1,-1,-1,-1
2294,1306,1101.4518569461598,884.6081867971848,258.073524734682,200.19739051337206,1,-1,-1,-1
2295,1306,1137.194723469137,889.800800064942,282.06156629370116,214.38204344633277,1,-1,-1,-1
2296,1306,1184.2823349845878,897.0328886623554,309.0570048691475,234.80993691944968,1,-1,-1,-1
2297,1306,1238.0565870245625,909.9975997578966,343.0760066362059,257.30449418474416,1,-1,-1,-1
2298,1306,1302.4258981210144,921.8262737854079,387.25828891660785,286.9035920868878,1,-1,-1,-1
2299,1306,1381.6438111990683,934.789019585707,440.1560286195145,318.91054064118873,1,-1,-1,-1
2300,1306,1473.8945061866953,951.6363366604555,505.71114091687105,356.4869782106821,1,-1,-1,-1
2301,1306,1597.1058311458294,968.8658953580817,588.3956548129333,407.02369167444374,1,-1,-1,-1
2302,1306,1729.7598664494521,998.2609730798408,679.7631654448005,470.98561916659264,1,-1,-1,-1
2303,1306,1847.134353111482,1038.2068841863063,692.6429966090593,519.6347427724331,1,-1,-1,-1
2304,1306,2008.4663147960239,1044.442647867573,623.7029465889716,528.8109362247751,1,-1,-1,-1
2367,1317,600.5138243559168,795.1275870925841,83.55839983311967,65.43375367239719,1,-1,-1,-1
2368,1317,604.7743362111948,794.1447925442387,84.4460323573719,66.26904778011885,1,-1,-1,-1
2369,1317,609.6153828990754,794.7552920081401,85.93212293971646,66.60795223962259,1,-1,-1,-1
2369,1319,1456.8077073586737,699.7571277547148,333.45684959329947,173.70791157456915,1,-1,-1,-1
2370,1317,614.5529164089672,794.712079676088,87.4860672286411,67.4798906791143,1,-1,-1,-1
2370,1319,1406.7209418979023,703.8980113168013,304.1572562327474,163.0714500701938,1,-1,-1,-1
2371,1317,619.7438473923085,794.0965706724589,87.9785022992121,68.06702329981476,1,-1,-1,-1
2371,1319,1361.461316213809,707.9644239268281,278.4392565100834,152.70881485533846,1,-1,-1,-1
2372,1317,625.7388117712497,793.8811721267784,88.95176767355906,69.34882043398989,1,-1,-1,-1
2372,1319,1325.2137635794318,710.3641825439191,254.2623977387193,142.8476385156839,1,-1,-1,-1
2373,1317,629.8672597155545,793.2287475512221,88.32948691319893,69.66282701440628,1,-1,-1,-1
2373,1319,1291.787846856671,712.1432555075262,232.81737479615867,134.20467632286204,1,-1,-1,-1
2374,1317,635.1778968408311,793.1517561602984,87.8318244034349,69.69253259147558,1,-1,-1,-1
2374,1319,1261.2212761245012,713.1574136494011,213.9810020344744,126.43786626529686,1,-1,-1,-1
2375,1317,640.6406518543314,793.6028299849095,85.91987192508782,69.43732384177838,1,-1,-1,-1
2375,1319,1233.8922431885644,715.6933905062994,197.22670043115068,118.12414348489733,1,-1,-1,-1
2376,1317,646.2137915050164,795.3247218691921,82.80426294008976,68.59841223035733,1,-1,-1,-1
2376,1319,1210.498980691198,718.8211099282228,181.7452609697816,109.56601401592593,1,-1,-1,-1
2377,1317,657.4001531050618,796.080540524603,85.1735718870732,69.34114867494895,1,-1,-1,-1
2377,1319,1187.2588171162583,720.7411768295705,168.9864939713907,103.15340509522298,1,-1,-1,-1
2378,1317,666.6346613836412,793.5102695973034,88.90070300498246,70.86679408696546,1,-1,-1,-1
2378,1319,1166.5219894664772,723.1504894854223,157.5093885457395,96.82548833281089,1,-1,-1,-1
2379,1317,674.1043653744592,792.2674505612583,92.50182004225371,72.134643153134,1,-1,-1,-1
2379,1319,1147.1464601694684,725.044954215344,145.82191560219098,90.12838822527601,1,-1,-1,-1
2380,1317,681.5015036817606,791.424999064655,96.50320189666331,73.12571817333605,1,-1,-1,-1
2380,1319,1129.0502026235915,727.3506390930862,136.09645684986435,84.98365301826993,1,-1,-1,-1
2381,1317,688.7674689335081,790.299129560026,99.72393973668841,74.30506319576034,1,-1,-1,-1
2381,1319,1112.5664493783718,729.3500250214765,127.04133181797397,79.67606390347646,1,-1,-1,-1
2382,1317,696.150371249434,789.8161856538538,101.58062668337448,74.86357226027872,1,-1,-1,-1
2382,1319,1097.1039748219882,731.6616261423981,117.47027073175195,74.35323182769525,1,-1,-1,-1
2383,1317,701.8301384668068,789.9773237542922,104.2621319622881,75.55279257169309,1,-1,-1,-1
2384,1317,707.1929714707356,790.1179368050517,107.3705838195599,77.01012433478923,1,-1,-1,-1
2385,1317,713.0080957918395,790.0382040898519,110.79746325656879,79.02615617190645,1,-1,-1,-1
2386,1317,725.11254743874,791.1401944625085,111.4983853153069,81.3583007659779,1,-1,-1,-1
2386,1320,1022.8511401970479,725.0331084960246,139.4140495890383,88.36777457892458,1,-1,-1,-1
2387,1317,735.3015460688272,791.7872795346599,112.60807291018182,83.78073343912229,1,-1,-1,-1
2387,1320,1006.7576248971366,725.6960534621428,136.51353396568356,87.0369339468607,1,-1,-1,-1
2388,1317,743.3144443687704,792.0657716380587,114.04829064445926,85.97336431344115,1,-1,-1,-1
2388,1320,989.6724678962454,726.2650519215124,135.32356404466088,85.60754936926332,1,-1,-1,-1
2389,1317,752.713143019303,792.9036110852285,116.16599624973605,88.23603619946812,1,-1,-1,-1
2389,1320,976.1410249181786,727.5969571657151,132.06011255167687,83.8669337242593,1,-1,-1,-1
2390,1317,761.8227354913864,793.7773203666554,118.50540009350448,90.73418047314067,1,-1,-1,-1
2390,1320,966.5631899568756,729.9235391430465,126.21516900791323,81.29421932510581,1,-1,-1,-1
2391,1317,772.126607746767,793.227302338084,121.45543503885597,93.54022252037839,1,-1,-1,-1
2391,1320,952.4454832966106,732.6778058088837,124.21416925011306,78.78923903916211,1,-1,-1,-1
2392,1317,780.7876340052409,792.8587168412743,124.27268742145316,96.06761434971895,1,-1,-1,-1
2392,1320,938.6621914438206,733.6652559638493,120.58775788150774,76.7363160843247,1,-1,-1,-1
2393,1317,789.3620834299222,792.5662665355607,127.75088422096314,98.74282098028289,1,-1,-1,-1
2393,1320,926.6311316950729,735.8926629052402,118.97909988887011,75.29053248975038,1,-1,-1,-1
2394,1317,799.6483526398008,793.1950213385373,130.7091083705052,100.39038419205076,1,-1,-1,-1
2394,1320,918.0074206976423,736.8489645892674,112.83678816921213,73.27802445578686,1,-1,-1,-1
2395,1317,810.5372664198464,794.4385618563122,133.54177207076145,102.66340745296156,1,-1,-1,-1
2395,1320,904.6754826175841,739.5043281440032,111.3605130516089,71.56561673479655,1,-1,-1,-1
2396,1317,820.0177238120739,795.1178535270783,137.12541813167763,105.59678732783914,1,-1,-1,-1
2396,1320,893.2356321842972,740.7378157547139,109.62964953849837,70.09845122096885,1,-1,-1,-1
2397,1317,831.2943096403868,796.2433055957924,139.9814451982288,108.77263652072861,1,-1,-1,-1
2397,1320,883.4332582024643,740.7715340779342,107.06576686861831,68.85893774171245,1,-1,-1,-1
2398,1317,842.0308755632872,796.5625096673776,144.08945664287103,112.75118915009512,1,-1,-1,-1
2398,1320,869.5610054547006,742.056738933349,105.53760934744514,67.24648075181244,1,-1,-1,-1
2399,1317,852.5049836714956,795.5963300883002,148.15530893918412,117.4432606235323,1,-1,-1,-1
2399,1320,856.7330362897189,745.5380070920322,104.38172152981338,68.92800624021334,1,-1,-1,-1
2400,1317,864.6176621534686,798.037499698657,152.45954755522143,120.84856081679254,1,-1,-1,-1
2400,1320,848.3732958009729,747.5033045384364,101.01568558426015,67.8060128480472,1,-1,-1,-1
2401,1317,875.9563464037501,800.6997280384691,156.7482314494348,123.92692927673988,1,-1,-1,-1
2401,1320,837.0430282043808,748.9132760002163,100.18758966809696,66.22667564207563,1,-1,-1,-1
2402,1317,888.2536607862694,802.1350766469566,161.87169912889317,128.19764296758103,1,-1,-1,-1
2402,1320,826.587154259771,751.2667943822516,99.32835460861338,64.38351446809088,1,-1,-1,-1
2403,1317,901.0132739008162,803.2381728243995,166.8174741107042,132.4339987908122,1,-1,-1,-1
2403,1320,815.9910904453513,752.7000895573233,98.02840961853849,63.13115847192307,1,-1,-1,-1
2404,1317,913.7563364947359,804.4077038993679,171.81444809271807,136.08671805361587,1,-1,-1,-1
2404,1320,805.8198385183488,754.3843994072511,97.41355789290287,61.88106725213038,1,-1,-1,-1
2405,1317,928.1839770741384,807.2906540927482,177.96210973273185,139.9547123745108,1,-1,-1,-1
2405,1320,796.048982229802,755.3366527510044,96.70597301755333,60.90587495056775,1,-1,-1,-1
2406,1317,941.2604908378521,809.9122209511389,184.35217887232375,144.73850966523287,1,-1,-1,-1
2406,1320,787.3521227354146,755.2080289966727,94.60397687374643,60.62869250320523,1,-1,-1,-1
2407,1317,954.5833511527579,811.042934999591,191.6499038787539,150.38831197824106,1,-1,-1,-1
2407,1320,777.3347324546336,754.3187883048623,93.73972820955646,60.81620188524994,1,-1,-1,-1
2408,1317,971.3521730758937,813.3441682809129,199.86785622258094,156.60909368205648,1,-1,-1,-1
2408,1320,769.4305046002839,755.8885029125112,91.8255185839555,60.05577248335294,1,-1,-1,-1
2409,1317,989.9879665193807,817.1489498370167,209.64562054831003,164.35220938861266,1,-1,-1,-1
2409,1320,761.3873558067735,758.027515431619,90.74706914964099,58.73010042053511,1,-1,-1,-1
2410,1317,1008.073115473504,822.3816760750201,219.79634774161286,171.88359657668593,1,-1,-1,-1
2410,1320,752.6683642494312,760.0530907684874,89.6749979179192,57.71680608483575,1,-1,-1,-1
2411,1317,1027.6286958808275,825.394811826759,232.11258650386935,181.59481586323977,1,-1,-1,-1
2411,1320,744.5452372992718,762.0203920568946,88.28950636329046,56.87743024206566,1,-1,-1,-1
2412,1317,1052.1012907444663,829.7362166112521,245.3756237859643,190.81268077938716,1,-1,-1,-1
2412,1320,737.8751901807932,762.7714085910728,85.60345503297958,56.299845933700226,1,-1,-1,-1
2413,1317,1078.2649372510664,829.8061530315026,258.9373634016006,200.30522142721816,1,-1,-1,-1
2413,1320,732.2892530279781,763.6433421269228,82.94791299707299,55.57283569883498,1,-1,-1,-1
2414,1317,1104.1838623663828,834.9888994217924,275.5686548280328,214.4556187948533,1,-1,-1,-1
2414,1320,727.9384091538134,763.2837282905028,79.50806293428673,54.91620334690833,1,-1,-1,-1
2415,1317,1137.4642131496648,841.4915958395629,294.20954063946374,227.9932677093218,1,-1,-1,-1
2415,1320,725.8922053068854,764.2292228647595,75.31129094311177,54.18197971212976,1,-1,-1,-1
