11,-1,1255,800,66,62,1,-1,-1,-1
12,-1,1255,802,66,57,1,-1,-1,-1
13,-1,1256,802,76,57,1,-1,-1,-1
14,-1,1260,801,71,61,1,-1,-1,-1
190,-1,0,1193,735,594,1,-1,-1,-1
191,-1,0,1186,947,515,1,-1,-1,-1
197,-1,1176,1143,370,244,1,-1,-1,-1
198,-1,1262,1142,329,220,1,-1,-1,-1
201,-1,1449,1122,248,177,1,-1,-1,-1
202,-1,1497,1114,226,169,1,-1,-1,-1
203,-1,1534,1169,192,99,1,-1,-1,-1
203,-1,1557,1112,188,96,1,-1,-1,-1
204,-1,1570,1161,174,93,1,-1,-1,-1
204,-1,1589,1107,175,90,1,-1,-1,-1
205,-1,1594,1153,166,89,1,-1,-1,-1
205,-1,1617,1102,163,85,1,-1,-1,-1
206,-1,1622,1146,152,84,1,-1,-1,-1
206,-1,1642,1097,151,82,1,-1,-1,-1
207,-1,1642,1140,144,78,1,-1,-1,-1
207,-1,1663,1091,141,79,1,-1,-1,-1
208,-1,1661,1132,136,76,1,-1,-1,-1
208,-1,1681,1086,133,76,1,-1,-1,-1
209,-1,1678,1081,145,117,1,-1,-1,-1
210,-1,1691,1077,137,111,1,-1,-1,-1
211,-1,1702,1073,133,106,1,-1,-1,-1
212,-1,1716,1068,125,102,1,-1,-1,-1
213,-1,1721,1064,123,98,1,-1,-1,-1
214,-1,1735,1060,113,94,1,-1,-1,-1
215,-1,1742,1057,109,90,1,-1,-1,-1
216,-1,1749,1053,103,88,1,-1,-1,-1
217,-1,1754,1049,100,86,1,-1,-1,-1
218,-1,1759,1046,96,83,1,-1,-1,-1
219,-1,1763,1042,90,81,1,-1,-1,-1
220,-1,1766,1039,88,78,1,-1,-1,-1
221,-1,1769,1036,83,76,1,-1,-1,-1
222,-1,1771,1033,82,73,1,-1,-1,-1
223,-1,1773,1030,81,71,1,-1,-1,-1
224,-1,1774,1027,78,69,1,-1,-1,-1
225,-1,1776,1025,73,66,1,-1,-1,-1
226,-1,1776,1021,72,66,1,-1,-1,-1
227,-1,1777,1018,70,64,1,-1,-1,-1
228,-1,1777,1016,69,62,1,-1,-1,-1
229,-1,1777,1012,65,61,1,-1,-1,-1
230,-1,1776,1010,64,60,1,-1,-1,-1
231,-1,1775,1007,64,58,1,-1,-1,-1
232,-1,1774,1004,64,57,1,-1,-1,-1
233,-1,1772,1001,63,57,1,-1,-1,-1
234,-1,1770,999,62,55,1,-1,-1,-1
235,-1,1769,997,60,53,1,-1,-1,-1
236,-1,1768,994,55,53,1,-1,-1,-1
237,-1,1766,993,54,50,1,-1,-1,-1
351,-1,519,837,171,202,1,-1,-1,-1
352,-1,487,833,179,205,1,-1,-1,-1
353,-1,456,828,179,209,1,-1,-1,-1
357,-1,322,809,198,225,1,-1,-1,-1
358,-1,281,805,203,228,1,-1,-1,-1
359,-1,239,801,215,231,1,-1,-1,-1
360,-1,198,794,221,237,1,-1,-1,-1
361,-1,157,788,226,241,1,-1,-1,-1
363,-1,69,774,239,253,1,-1,-1,-1
364,-1,20,767,248,258,1,-1,-1,-1
365,-1,0,762,225,261,1,-1,-1,-1
577,-1,422,514,71,75,1,-1,-1,-1
578,-1,1679,956,59,52,1,-1,-1,-1
578,-1,422,513,68,67,1,-1,-1,-1
579,-1,1676,959,60,50,1,-1,-1,-1
579,-1,422,514,65,66,1,-1,-1,-1
580,-1,1675,951,63,60,1,-1,-1,-1
580,-1,422,514,61,65,1,-1,-1,-1
581,-1,1673,952,65,60,1,-1,-1,-1
581,-1,423,514,53,59,1,-1,-1,-1
582,-1,1671,952,67,62,1,-1,-1,-1
582,-1,423,514,50,60,1,-1,-1,-1
583,-1,1668,952,69,64,1,-1,-1,-1
584,-1,1664,952,74,66,1,-1,-1,-1
585,-1,1662,953,76,67,1,-1,-1,-1
586,-1,1660,953,77,69,1,-1,-1,-1
587,-1,1657,953,81,71,1,-1,-1,-1
588,-1,423,514,50,58,1,-1,-1,-1
589,-1,423,513,50,59,1,-1,-1,-1
590,-1,1645,974,72,58,1,-1,-1,-1
591,-1,1640,974,75,60,1,-1,-1,-1
592,-1,1636,977,76,60,1,-1,-1,-1
593,-1,1632,978,77,61,1,-1,-1,-1
594,-1,1627,979,79,63,1,-1,-1,-1
595,-1,1621,980,83,64,1,-1,-1,-1
596,-1,1616,982,84,64,1,-1,-1,-1
596,-1,425,515,50,58,1,-1,-1,-1
597,-1,1610,983,86,66,1,-1,-1,-1
597,-1,425,521,50,52,1,-1,-1,-1
598,-1,1603,984,89,68,1,-1,-1,-1
598,-1,425,514,50,59,1,-1,-1,-1
599,-1,1597,986,90,68,1,-1,-1,-1
600,-1,1589,987,94,70,1,-1,-1,-1
601,-1,1581,982,96,78,1,-1,-1,-1
602,-1,1571,984,100,79,1,-1,-1,-1
603,-1,1561,985,104,81,1,-1,-1,-1
604,-1,1551,985,107,84,1,-1,-1,-1
605,-1,1539,983,111,89,1,-1,-1,-1
606,-1,1527,984,115,91,1,-1,-1,-1
606,-1,424,516,51,56,1,-1,-1,-1
607,-1,1513,990,120,89,1,-1,-1,-1
607,-1,424,516,51,56,1,-1,-1,-1
608,-1,1498,995,126,87,1,-1,-1,-1
608,-1,424,516,51,56,1,-1,-1,-1
609,-1,1482,996,130,89,1,-1,-1,-1
609,-1,424,516,51,56,1,-1,-1,-1
610,-1,1465,998,136,91,1,-1,-1,-1
611,-1,1446,992,142,100,1,-1,-1,-1
612,-1,1426,999,148,97,1,-1,-1,-1
612,-1,424,517,51,54,1,-1,-1,-1
613,-1,1404,1001,155,98,1,-1,-1,-1
613,-1,419,516,55,54,1,-1,-1,-1
614,-1,1380,986,162,117,1,-1,-1,-1
614,-1,1687,952,79,51,1,-1,-1,-1
614,-1,420,516,54,54,1,-1,-1,-1
615,-1,1354,985,170,123,1,-1,-1,-1
615,-1,1685,950,80,54,1,-1,-1,-1
615,-1,420,517,52,54,1,-1,-1,-1
616,-1,1325,984,181,128,1,-1,-1,-1
616,-1,1685,950,77,56,1,-1,-1,-1
616,-1,420,509,52,62,1,-1,-1,-1
617,-1,1293,983,191,133,1,-1,-1,-1
617,-1,1683,950,76,58,1,-1,-1,-1
617,-1,420,509,52,62,1,-1,-1,-1
618,-1,1257,982,204,139,1,-1,-1,-1
618,-1,1680,952,77,57,1,-1,-1,-1
618,-1,420,518,52,53,1,-1,-1,-1
619,-1,1218,978,218,147,1,-1,-1,-1
619,-1,1678,954,77,57,1,-1,-1,-1
620,-1,1171,977,234,152,1,-1,-1,-1
620,-1,1675,954,78,59,1,-1,-1,-1
621,-1,1125,977,248,157,1,-1,-1,-1
621,-1,1673,954,78,61,1,-1,-1,-1
622,-1,1070,974,267,164,1,-1,-1,-1
622,-1,1670,953,79,64,1,-1,-1,-1
623,-1,1012,970,287,173,1,-1,-1,-1
623,-1,1667,953,80,66,1,-1,-1,-1
624,-1,943,965,312,182,1,-1,-1,-1
624,-1,1664,953,82,68,1,-1,-1,-1
625,-1,867,958,336,194,1,-1,-1,-1
625,-1,1661,952,83,70,1,-1,-1,-1
626,-1,1657,969,68,55,1,-1,-1,-1
626,-1,782,953,365,204,1,-1,-1,-1
627,-1,1653,970,70,57,1,-1,-1,-1
627,-1,685,946,398,216,1,-1,-1,-1
628,-1,1649,972,72,58,1,-1,-1,-1
628,-1,569,937,442,230,1,-1,-1,-1
629,-1,1644,972,74,60,1,-1,-1,-1
629,-1,444,927,485,245,1,-1,-1,-1
630,-1,1640,973,76,62,1,-1,-1,-1
631,-1,1634,975,79,63,1,-1,-1,-1
631,-1,112,899,611,283,1,-1,-1,-1
632,-1,1629,976,81,64,1,-1,-1,-1
632,-1,0,881,594,307,1,-1,-1,-1
633,-1,1621,977,85,65,1,-1,-1,-1
633,-1,0,859,442,322,1,-1,-1,-1
634,-1,1616,978,88,67,1,-1,-1,-1
635,-1,1603,979,97,69,1,-1,-1,-1
636,-1,1599,980,96,70,1,-1,-1,-1
637,-1,1597,980,93,73,1,-1,-1,-1
638,-1,1589,982,96,74,1,-1,-1,-1
639,-1,1580,983,99,76,1,-1,-1,-1
640,-1,1570,985,104,77,1,-1,-1,-1
641,-1,1554,987,113,78,1,-1,-1,-1
642,-1,1547,987,112,81,1,-1,-1,-1
643,-1,1537,986,114,85,1,-1,-1,-1
644,-1,1521,986,122,88,1,-1,-1,-1
645,-1,1508,982,126,96,1,-1,-1,-1
646,-1,1492,983,132,98,1,-1,-1,-1
647,-1,1477,985,135,100,1,-1,-1,-1
648,-1,1458,1003,142,86,1,-1,-1,-1
649,-1,1438,1004,149,88,1,-1,-1,-1
650,-1,1416,988,157,108,1,-1,-1,-1
651,-1,1391,985,170,115,1,-1,-1,-1
652,-1,1366,985,178,120,1,-1,-1,-1
653,-1,1338,984,186,125,1,-1,-1,-1
654,-1,1297,982,207,132,1,-1,-1,-1
655,-1,1267,981,214,136,1,-1,-1,-1
655,-1,1668,954,59,50,1,-1,-1,-1
656,-1,1225,981,231,141,1,-1,-1,-1
656,-1,1666,955,60,50,1,-1,-1,-1
657,-1,1180,978,248,148,1,-1,-1,-1
657,-1,1665,955,60,52,1,-1,-1,-1
658,-1,1130,976,267,155,1,-1,-1,-1
658,-1,1663,955,61,54,1,-1,-1,-1
659,-1,1075,974,287,161,1,-1,-1,-1
659,-1,1660,956,63,54,1,-1,-1,-1
660,-1,1010,968,313,172,1,-1,-1,-1
660,-1,1658,957,64,55,1,-1,-1,-1
661,-1,938,964,341,180,1,-1,-1,-1
661,-1,1652,957,69,57,1,-1,-1,-1
662,-1,857,960,372,189,1,-1,-1,-1
662,-1,1646,959,74,57,1,-1,-1,-1
663,-1,1643,960,75,59,1,-1,-1,-1
663,-1,766,950,407,203,1,-1,-1,-1
664,-1,1639,961,78,59,1,-1,-1,-1
664,-1,659,942,450,215,1,-1,-1,-1
665,-1,1636,962,79,61,1,-1,-1,-1
665,-1,537,932,500,228,1,-1,-1,-1
666,-1,1633,964,80,61,1,-1,-1,-1
666,-1,393,920,561,244,1,-1,-1,-1
667,-1,1628,965,83,63,1,-1,-1,-1
667,-1,230,906,630,261,1,-1,-1,-1
668,-1,1625,967,84,64,1,-1,-1,-1
668,-1,35,889,715,281,1,-1,-1,-1
669,-1,1625,968,82,65,1,-1,-1,-1
669,-1,0,868,623,306,1,-1,-1,-1
670,-1,1615,969,89,67,1,-1,-1,-1
670,-1,0,845,474,323,1,-1,-1,-1
671,-1,1615,969,86,69,1,-1,-1,-1
671,-1,0,850,296,322,1,-1,-1,-1
672,-1,1606,970,92,71,1,-1,-1,-1
673,-1,1601,971,93,72,1,-1,-1,-1
674,-1,1597,972,94,74,1,-1,-1,-1
675,-1,1592,976,94,72,1,-1,-1,-1
676,-1,1584,976,97,75,1,-1,-1,-1
677,-1,1576,978,100,76,1,-1,-1,-1
678,-1,1566,979,105,77,1,-1,-1,-1
679,-1,1556,979,109,81,1,-1,-1,-1
680,-1,1545,981,113,82,1,-1,-1,-1
681,-1,1533,983,117,83,1,-1,-1,-1
682,-1,1521,978,121,91,1,-1,-1,-1
683,-1,1507,974,126,98,1,-1,-1,-1
684,-1,1493,979,131,96,1,-1,-1,-1
685,-1,1477,980,137,98,1,-1,-1,-1
686,-1,1459,986,143,96,1,-1,-1,-1
687,-1,1440,986,150,99,1,-1,-1,-1
688,-1,1413,986,163,103,1,-1,-1,-1
689,-1,1397,988,165,104,1,-1,-1,-1
690,-1,1370,977,176,119,1,-1,-1,-1
691,-1,1345,978,184,122,1,-1,-1,-1
692,-1,1313,977,198,127,1,-1,-1,-1
693,-1,1279,974,211,135,1,-1,-1,-1
694,-1,1249,972,218,140,1,-1,-1,-1
695,-1,1203,970,239,147,1,-1,-1,-1
696,-1,1161,967,254,154,1,-1,-1,-1
697,-1,1113,965,272,160,1,-1,-1,-1
698,-1,1060,965,291,165,1,-1,-1,-1
699,-1,1001,961,313,173,1,-1,-1,-1
700,-1,931,954,341,184,1,-1,-1,-1
701,-1,860,949,366,194,1,-1,-1,-1
702,-1,772,942,401,205,1,-1,-1,-1
703,-1,676,935,440,217,1,-1,-1,-1
704,-1,567,926,483,231,1,-1,-1,-1
705,-1,439,914,538,247,1,-1,-1,-1
706,-1,295,904,597,263,1,-1,-1,-1
707,-1,122,889,673,283,1,-1,-1,-1
708,-1,0,873,682,304,1,-1,-1,-1
709,-1,0,852,552,326,1,-1,-1,-1
710,-1,0,833,398,341,1,-1,-1,-1
738,-1,0,989,636,690,1,-1,-1,-1
739,-1,0,986,771,671,1,-1,-1,-1
740,-1,0,992,885,699,1,-1,-1,-1
741,-1,0,1003,989,628,1,-1,-1,-1
742,-1,0,1017,1078,565,1,-1,-1,-1
743,-1,171,1024,982,516,1,-1,-1,-1
744,-1,342,1028,881,477,1,-1,-1,-1
745,-1,490,1033,795,466,1,-1,-1,-1
746,-1,618,1037,720,411,1,-1,-1,-1
747,-1,730,1038,657,387,1,-1,-1,-1
748,-1,828,1041,603,364,1,-1,-1,-1
749,-1,916,1045,555,342,1,-1,-1,-1
750,-1,993,1042,514,328,1,-1,-1,-1
751,-1,1063,1049,478,307,1,-1,-1,-1
752,-1,1127,1050,443,292,1,-1,-1,-1
753,-1,1184,1051,413,279,1,-1,-1,-1
753,-1,420,515,54,56,1,-1,-1,-1
754,-1,1236,1052,388,266,1,-1,-1,-1
754,-1,422,516,54,56,1,-1,-1,-1
755,-1,1278,1053,370,253,1,-1,-1,-1
756,-1,1323,1051,347,245,1,-1,-1,-1
757,-1,1362,1053,327,234,1,-1,-1,-1
758,-1,1395,1053,312,225,1,-1,-1,-1
758,-1,424,515,54,57,1,-1,-1,-1
759,-1,1423,1051,300,218,1,-1,-1,-1
759,-1,421,517,62,56,1,-1,-1,-1
760,-1,1452,1050,285,211,1,-1,-1,-1
760,-1,422,516,63,62,1,-1,-1,-1
761,-1,1478,1049,272,204,1,-1,-1,-1
761,-1,423,516,67,62,1,-1,-1,-1
762,-1,1503,1046,258,200,1,-1,-1,-1
762,-1,423,517,75,67,1,-1,-1,-1
763,-1,1524,1048,247,191,1,-1,-1,-1
763,-1,423,517,84,72,1,-1,-1,-1
764,-1,1548,1046,229,186,1,-1,-1,-1
765,-1,1558,1045,232,181,1,-1,-1,-1
766,-1,1579,1045,215,174,1,-1,-1,-1
767,-1,1595,1042,210,170,1,-1,-1,-1
768,-1,1605,1041,205,165,1,-1,-1,-1
769,-1,1622,1039,194,161,1,-1,-1,-1
769,-1,423,516,50,56,1,-1,-1,-1
770,-1,1631,1037,190,157,1,-1,-1,-1
770,-1,422,520,51,52,1,-1,-1,-1
771,-1,1641,1036,184,152,1,-1,-1,-1
772,-1,1650,1033,178,149,1,-1,-1,-1
773,-1,1658,1031,173,146,1,-1,-1,-1
774,-1,1667,1030,167,141,1,-1,-1,-1
775,-1,1674,1028,163,138,1,-1,-1,-1
776,-1,1681,1026,158,135,1,-1,-1,-1
777,-1,1689,1025,153,131,1,-1,-1,-1
778,-1,1697,1023,146,128,1,-1,-1,-1
779,-1,1702,1022,143,125,1,-1,-1,-1
780,-1,1708,1020,139,122,1,-1,-1,-1
781,-1,1713,1018,135,120,1,-1,-1,-1
782,-1,1717,1017,132,117,1,-1,-1,-1
783,-1,1721,1016,129,114,1,-1,-1,-1
784,-1,1725,1014,127,113,1,-1,-1,-1
785,-1,1728,1013,124,110,1,-1,-1,-1
786,-1,1730,1011,121,109,1,-1,-1,-1
787,-1,1734,1009,117,107,1,-1,-1,-1
788,-1,1738,1008,114,104,1,-1,-1,-1
789,-1,1739,1008,113,101,1,-1,-1,-1
790,-1,1741,1008,111,98,1,-1,-1,-1
791,-1,1740,1004,112,99,1,-1,-1,-1
792,-1,1741,1003,111,97,1,-1,-1,-1
793,-1,1747,1002,104,95,1,-1,-1,-1
794,-1,1749,1001,102,93,1,-1,-1,-1
795,-1,1749,1001,100,90,1,-1,-1,-1
796,-1,1753,1000,96,88,1,-1,-1,-1
797,-1,1754,997,89,88,1,-1,-1,-1
798,-1,1755,996,93,86,1,-1,-1,-1
799,-1,1756,993,92,86,1,-1,-1,-1
800,-1,1756,993,90,83,1,-1,-1,-1
801,-1,1757,991,89,83,1,-1,-1,-1
802,-1,1743,988,102,83,1,-1,-1,-1
803,-1,1758,987,85,81,1,-1,-1,-1
804,-1,1750,986,92,80,1,-1,-1,-1
805,-1,1758,985,83,79,1,-1,-1,-1
806,-1,1758,984,78,77,1,-1,-1,-1
807,-1,1753,982,80,77,1,-1,-1,-1
808,-1,1750,980,78,76,1,-1,-1,-1
809,-1,1751,978,78,76,1,-1,-1,-1
810,-1,1751,977,83,75,1,-1,-1,-1
811,-1,1751,976,82,74,1,-1,-1,-1
812,-1,1751,975,80,73,1,-1,-1,-1
812,-1,721,636,60,62,1,-1,-1,-1
813,-1,1751,974,78,72,1,-1,-1,-1
813,-1,730,635,51,63,1,-1,-1,-1
814,-1,1753,973,74,70,1,-1,-1,-1
815,-1,1751,972,75,69,1,-1,-1,-1
816,-1,1750,971,74,69,1,-1,-1,-1
817,-1,1750,970,72,68,1,-1,-1,-1
818,-1,1751,969,70,67,1,-1,-1,-1
819,-1,1751,968,70,66,1,-1,-1,-1
820,-1,1751,967,65,65,1,-1,-1,-1
821,-1,1750,969,66,62,1,-1,-1,-1
822,-1,1749,966,65,63,1,-1,-1,-1
823,-1,1750,965,63,62,1,-1,-1,-1
824,-1,1750,964,62,61,1,-1,-1,-1
825,-1,1749,963,62,61,1,-1,-1,-1
826,-1,1748,962,62,60,1,-1,-1,-1
827,-1,1748,963,61,58,1,-1,-1,-1
828,-1,1748,963,60,57,1,-1,-1,-1
829,-1,1748,962,60,56,1,-1,-1,-1
830,-1,1749,962,58,55,1,-1,-1,-1
831,-1,1749,962,58,54,1,-1,-1,-1
832,-1,1749,960,57,55,1,-1,-1,-1
833,-1,1749,960,57,54,1,-1,-1,-1
834,-1,1749,960,56,53,1,-1,-1,-1
835,-1,1749,959,56,53,1,-1,-1,-1
836,-1,1749,959,55,51,1,-1,-1,-1
837,-1,1749,958,54,51,1,-1,-1,-1
838,-1,1749,958,53,51,1,-1,-1,-1
839,-1,1749,958,53,50,1,-1,-1,-1
840,-1,1748,957,53,50,1,-1,-1,-1
844,-1,1747,954,51,50,1,-1,-1,-1
845,-1,1747,953,50,50,1,-1,-1,-1
861,-1,310,609,119,132,1,-1,-1,-1
862,-1,337,613,118,132,1,-1,-1,-1
863,-1,363,619,116,129,1,-1,-1,-1
864,-1,390,628,111,123,1,-1,-1,-1
865,-1,416,633,101,121,1,-1,-1,-1
885,-1,821,714,72,89,1,-1,-1,-1
886,-1,836,718,72,88,1,-1,-1,-1
892,-1,1500,842,51,56,1,-1,-1,-1
892,-1,933,738,74,84,1,-1,-1,-1
893,-1,1500,842,55,61,1,-1,-1,-1
893,-1,949,742,74,83,1,-1,-1,-1
894,-1,1501,842,57,62,1,-1,-1,-1
894,-1,965,746,71,82,1,-1,-1,-1
895,-1,1505,845,53,61,1,-1,-1,-1
895,-1,981,750,66,80,1,-1,-1,-1
910,-1,1565,881,50,51,1,-1,-1,-1
911,-1,1565,881,53,52,1,-1,-1,-1
912,-1,1564,880,58,55,1,-1,-1,-1
913,-1,1563,880,61,56,1,-1,-1,-1
915,-1,1564,881,67,58,1,-1,-1,-1
916,-1,1564,881,71,60,1,-1,-1,-1
917,-1,1564,881,73,61,1,-1,-1,-1
918,-1,1564,881,76,62,1,-1,-1,-1
919,-1,1564,885,79,60,1,-1,-1,-1
920,-1,1564,884,83,62,1,-1,-1,-1
921,-1,1565,885,85,63,1,-1,-1,-1
922,-1,1565,887,88,63,1,-1,-1,-1
923,-1,1564,886,92,66,1,-1,-1,-1
924,-1,1566,891,94,62,1,-1,-1,-1
925,-1,1568,892,96,63,1,-1,-1,-1
926,-1,1571,892,97,65,1,-1,-1,-1
927,-1,1574,894,98,64,1,-1,-1,-1
928,-1,1577,896,98,64,1,-1,-1,-1
929,-1,1583,898,95,63,1,-1,-1,-1
930,-1,1587,900,95,63,1,-1,-1,-1
931,-1,1591,900,95,64,1,-1,-1,-1
932,-1,1596,902,94,64,1,-1,-1,-1
933,-1,1598,903,95,64,1,-1,-1,-1
934,-1,1604,906,93,63,1,-1,-1,-1
935,-1,1607,907,93,64,1,-1,-1,-1
936,-1,1612,909,91,63,1,-1,-1,-1
937,-1,0,1718,426,202,1,-1,-1,-1
937,-1,0,1369,470,377,1,-1,-1,-1
937,-1,1616,910,90,64,1,-1,-1,-1
938,-1,17,1699,543,221,1,-1,-1,-1
938,-1,0,1313,627,430,1,-1,-1,-1
938,-1,1620,911,89,65,1,-1,-1,-1
939,-1,31,1686,685,234,1,-1,-1,-1
939,-1,0,1302,763,503,1,-1,-1,-1
939,-1,1624,913,88,64,1,-1,-1,-1
940,-1,0,1677,859,243,1,-1,-1,-1
940,-1,0,1298,903,438,1,-1,-1,-1
940,-1,1628,913,87,66,1,-1,-1,-1
941,-1,0,1671,990,249,1,-1,-1,-1
941,-1,0,1294,1026,531,1,-1,-1,-1
941,-1,1632,915,86,65,1,-1,-1,-1
942,-1,0,1304,1144,616,1,-1,-1,-1
942,-1,1636,916,85,66,1,-1,-1,-1
943,-1,0,1313,1255,607,1,-1,-1,-1
943,-1,1640,921,84,62,1,-1,-1,-1
944,-1,179,1314,1180,590,1,-1,-1,-1
944,-1,1642,923,84,62,1,-1,-1,-1
945,-1,359,1322,1101,559,1,-1,-1,-1
945,-1,1646,922,83,64,1,-1,-1,-1
946,-1,523,1334,1033,530,1,-1,-1,-1
946,-1,1648,923,83,64,1,-1,-1,-1
947,-1,665,1348,983,502,1,-1,-1,-1
947,-1,1654,924,79,65,1,-1,-1,-1
948,-1,786,1360,947,480,1,-1,-1,-1
948,-1,1657,925,78,65,1,-1,-1,-1
949,-1,917,1372,902,461,1,-1,-1,-1
949,-1,1660,928,76,63,1,-1,-1,-1
950,-1,1031,1386,873,446,1,-1,-1,-1
950,-1,1664,928,74,64,1,-1,-1,-1
951,-1,1139,1402,848,430,1,-1,-1,-1
951,-1,1665,932,75,61,1,-1,-1,-1
952,-1,1237,1422,833,420,1,-1,-1,-1
952,-1,1668,932,73,63,1,-1,-1,-1
953,-1,1339,1438,812,418,1,-1,-1,-1
953,-1,1670,932,72,64,1,-1,-1,-1
954,-1,1435,1454,802,418,1,-1,-1,-1
954,-1,1672,932,84,65,1,-1,-1,-1
955,-1,1524,1472,796,415,1,-1,-1,-1
955,-1,1674,934,70,64,1,-1,-1,-1
956,-1,1610,1490,792,416,1,-1,-1,-1
956,-1,1676,934,69,65,1,-1,-1,-1
957,-1,1697,1509,788,411,1,-1,-1,-1
957,-1,1678,936,68,63,1,-1,-1,-1
958,-1,1780,1527,780,393,1,-1,-1,-1
958,-1,1681,937,65,63,1,-1,-1,-1
959,-1,1862,1546,698,374,1,-1,-1,-1
959,-1,1682,937,73,64,1,-1,-1,-1
960,-1,1932,1569,628,351,1,-1,-1,-1
960,-1,1683,938,71,64,1,-1,-1,-1
961,-1,2021,1585,539,335,1,-1,-1,-1
961,-1,1684,941,64,61,1,-1,-1,-1
962,-1,2099,1608,461,312,1,-1,-1,-1
962,-1,1685,941,65,62,1,-1,-1,-1
963,-1,2175,1629,385,291,1,-1,-1,-1
963,-1,1686,947,63,57,1,-1,-1,-1
964,-1,2255,1651,305,269,1,-1,-1,-1
964,-1,1688,947,62,58,1,-1,-1,-1
965,-1,2335,1675,225,245,1,-1,-1,-1
965,-1,1689,947,61,59,1,-1,-1,-1
966,-1,1689,947,62,60,1,-1,-1,-1
967,-1,1690,948,62,60,1,-1,-1,-1
968,-1,1690,946,62,63,1,-1,-1,-1
969,-1,1690,945,63,65,1,-1,-1,-1
970,-1,1690,946,63,65,1,-1,-1,-1
971,-1,1691,946,64,66,1,-1,-1,-1
972,-1,1692,946,62,67,1,-1,-1,-1
973,-1,1691,948,63,66,1,-1,-1,-1
974,-1,1691,949,63,66,1,-1,-1,-1
975,-1,1671,940,83,76,1,-1,-1,-1
976,-1,1677,939,80,78,1,-1,-1,-1
977,-1,1683,942,74,76,1,-1,-1,-1
978,-1,1689,945,66,74,1,-1,-1,-1
979,-1,1688,945,66,75,1,-1,-1,-1
980,-1,1685,942,75,79,1,-1,-1,-1
981,-1,1684,948,75,74,1,-1,-1,-1
982,-1,1682,950,78,72,1,-1,-1,-1
983,-1,1682,950,78,73,1,-1,-1,-1
984,-1,1680,948,80,76,1,-1,-1,-1
985,-1,1680,954,80,71,1,-1,-1,-1
985,-1,783,660,64,59,1,-1,-1,-1
986,-1,1684,955,76,72,1,-1,-1,-1
986,-1,772,660,75,58,1,-1,-1,-1
987,-1,1682,956,70,72,1,-1,-1,-1
987,-1,744,660,105,68,1,-1,-1,-1
988,-1,1681,957,78,71,1,-1,-1,-1
988,-1,744,657,106,79,1,-1,-1,-1
989,-1,1680,951,79,78,1,-1,-1,-1
989,-1,744,656,107,87,1,-1,-1,-1
990,-1,1679,958,79,73,1,-1,-1,-1
990,-1,744,656,108,90,1,-1,-1,-1
991,-1,1677,956,90,75,1,-1,-1,-1
991,-1,744,646,109,101,1,-1,-1,-1
992,-1,1674,956,83,76,1,-1,-1,-1
992,-1,744,646,111,101,1,-1,-1,-1
993,-1,1672,957,102,76,1,-1,-1,-1
993,-1,744,650,112,98,1,-1,-1,-1
994,-1,1669,957,98,77,1,-1,-1,-1
994,-1,686,627,171,122,1,-1,-1,-1
995,-1,1667,957,114,78,1,-1,-1,-1
995,-1,647,627,212,123,1,-1,-1,-1
996,-1,1665,957,89,79,1,-1,-1,-1
996,-1,744,654,116,96,1,-1,-1,-1
997,-1,1662,958,90,80,1,-1,-1,-1
997,-1,744,654,118,98,1,-1,-1,-1
998,-1,1660,958,90,81,1,-1,-1,-1
999,-1,1657,959,92,82,1,-1,-1,-1
999,-1,744,656,121,98,1,-1,-1,-1
1000,-1,1654,959,93,83,1,-1,-1,-1
1000,-1,744,656,123,98,1,-1,-1,-1
1001,-1,1652,960,95,83,1,-1,-1,-1
1001,-1,744,655,125,99,1,-1,-1,-1
1002,-1,1649,957,96,87,1,-1,-1,-1
1003,-1,1646,958,96,88,1,-1,-1,-1
1003,-1,744,655,128,102,1,-1,-1,-1
1004,-1,1642,958,98,89,1,-1,-1,-1
1004,-1,772,656,102,102,1,-1,-1,-1
1005,-1,1639,959,99,89,1,-1,-1,-1
1005,-1,772,660,104,98,1,-1,-1,-1
1006,-1,1636,959,101,91,1,-1,-1,-1
1007,-1,1632,959,101,92,1,-1,-1,-1
1007,-1,647,627,234,133,1,-1,-1,-1
1008,-1,1628,959,103,94,1,-1,-1,-1
1008,-1,647,627,236,134,1,-1,-1,-1
1009,-1,1624,959,106,95,1,-1,-1,-1
1009,-1,647,627,238,135,1,-1,-1,-1
1010,-1,1620,959,108,97,1,-1,-1,-1
1010,-1,647,627,241,137,1,-1,-1,-1
1011,-1,1616,959,110,98,1,-1,-1,-1
1011,-1,647,627,243,138,1,-1,-1,-1
1012,-1,1611,960,111,98,1,-1,-1,-1
1012,-1,647,627,246,140,1,-1,-1,-1
1013,-1,1606,960,113,99,1,-1,-1,-1
1013,-1,647,627,248,141,1,-1,-1,-1
1014,-1,1601,959,117,102,1,-1,-1,-1
1014,-1,647,627,251,142,1,-1,-1,-1
1015,-1,1596,960,118,103,1,-1,-1,-1
1015,-1,647,627,254,144,1,-1,-1,-1
1016,-1,1590,960,121,105,1,-1,-1,-1
1016,-1,647,627,257,146,1,-1,-1,-1
1017,-1,1585,960,122,106,1,-1,-1,-1
1017,-1,647,627,260,147,1,-1,-1,-1
1018,-1,1578,961,125,107,1,-1,-1,-1
1018,-1,647,627,263,148,1,-1,-1,-1
1019,-1,1572,960,129,110,1,-1,-1,-1
1019,-1,647,627,266,150,1,-1,-1,-1
1020,-1,1565,961,132,111,1,-1,-1,-1
1020,-1,649,628,267,152,1,-1,-1,-1
1021,-1,1558,961,135,113,1,-1,-1,-1
1021,-1,650,628,270,153,1,-1,-1,-1
1022,-1,1551,961,138,115,1,-1,-1,-1
1022,-1,650,628,273,155,1,-1,-1,-1
1023,-1,1543,961,142,117,1,-1,-1,-1
1023,-1,650,628,276,156,1,-1,-1,-1
1024,-1,1535,962,145,118,1,-1,-1,-1
1024,-1,652,629,278,156,1,-1,-1,-1
1025,-1,1527,963,148,119,1,-1,-1,-1
1025,-1,652,629,282,159,1,-1,-1,-1
1026,-1,1518,962,152,122,1,-1,-1,-1
1026,-1,653,630,285,158,1,-1,-1,-1
1027,-1,1509,961,156,125,1,-1,-1,-1
1027,-1,654,630,288,160,1,-1,-1,-1
1028,-1,1499,977,160,112,1,-1,-1,-1
1028,-1,656,630,290,161,1,-1,-1,-1
1029,-1,1489,975,164,116,1,-1,-1,-1
1029,-1,657,630,293,164,1,-1,-1,-1
1030,-1,1478,977,169,117,1,-1,-1,-1
1030,-1,657,630,296,165,1,-1,-1,-1
1031,-1,1467,986,173,110,1,-1,-1,-1
1031,-1,657,631,301,166,1,-1,-1,-1
1032,-1,1455,959,178,140,1,-1,-1,-1
1032,-1,657,634,306,164,1,-1,-1,-1
1033,-1,1442,959,184,142,1,-1,-1,-1
1033,-1,658,634,310,165,1,-1,-1,-1
1034,-1,1429,961,190,143,1,-1,-1,-1
1034,-1,658,635,311,165,1,-1,-1,-1
1035,-1,1415,961,195,146,1,-1,-1,-1
1035,-1,661,635,315,170,1,-1,-1,-1
1036,-1,1400,958,202,152,1,-1,-1,-1
1036,-1,663,636,319,171,1,-1,-1,-1
1037,-1,1385,959,208,154,1,-1,-1,-1
1037,-1,664,637,323,172,1,-1,-1,-1
1038,-1,1367,958,216,159,1,-1,-1,-1
1038,-1,664,637,327,173,1,-1,-1,-1
1039,-1,1349,961,224,159,1,-1,-1,-1
1039,-1,664,638,333,173,1,-1,-1,-1
1040,-1,1321,954,241,169,1,-1,-1,-1
1040,-1,666,638,333,177,1,-1,-1,-1
1041,-1,1308,953,242,174,1,-1,-1,-1
1041,-1,669,639,338,177,1,-1,-1,-1
1042,-1,1284,951,254,179,1,-1,-1,-1
1042,-1,669,640,341,177,1,-1,-1,-1
1043,-1,1258,950,267,184,1,-1,-1,-1
1043,-1,669,640,347,178,1,-1,-1,-1
1044,-1,1233,949,277,189,1,-1,-1,-1
1044,-1,670,641,351,179,1,-1,-1,-1
1045,-1,1204,947,291,195,1,-1,-1,-1
1045,-1,673,642,354,180,1,-1,-1,-1
1046,-1,1174,945,305,201,1,-1,-1,-1
1046,-1,677,643,355,182,1,-1,-1,-1
1047,-1,1141,942,320,208,1,-1,-1,-1
1047,-1,678,644,359,183,1,-1,-1,-1
1048,-1,1107,940,335,214,1,-1,-1,-1
1048,-1,678,646,364,182,1,-1,-1,-1
1049,-1,1069,939,353,219,1,-1,-1,-1
1049,-1,680,647,368,183,1,-1,-1,-1
1050,-1,1025,933,375,230,1,-1,-1,-1
1050,-1,682,651,371,181,1,-1,-1,-1
1051,-1,982,930,394,237,1,-1,-1,-1
1051,-1,683,651,376,182,1,-1,-1,-1
1052,-1,929,927,420,245,1,-1,-1,-1
1052,-1,685,652,378,182,1,-1,-1,-1
1053,-1,877,921,443,255,1,-1,-1,-1
1053,-1,831,718,237,118,1,-1,-1,-1
1053,-1,685,653,158,89,1,-1,-1,-1
1054,-1,2409,1615,151,165,1,-1,-1,-1
1054,-1,819,914,470,267,1,-1,-1,-1
1054,-1,840,721,233,116,1,-1,-1,-1
1054,-1,687,656,156,86,1,-1,-1,-1
1055,-1,2390,1603,170,178,1,-1,-1,-1
1055,-1,752,908,503,278,1,-1,-1,-1
1055,-1,841,722,236,117,1,-1,-1,-1
1055,-1,687,656,156,86,1,-1,-1,-1
1056,-1,2370,1593,190,188,1,-1,-1,-1
1056,-1,683,902,535,289,1,-1,-1,-1
1056,-1,845,724,236,116,1,-1,-1,-1
1056,-1,689,658,154,84,1,-1,-1,-1
1057,-1,2345,1586,215,192,1,-1,-1,-1
1057,-1,601,894,576,302,1,-1,-1,-1
1057,-1,846,725,239,116,1,-1,-1,-1
1057,-1,691,659,152,83,1,-1,-1,-1
1058,-1,2337,1579,223,197,1,-1,-1,-1
1058,-1,510,884,622,317,1,-1,-1,-1
1058,-1,854,725,235,117,1,-1,-1,-1
1058,-1,695,659,148,83,1,-1,-1,-1
1059,-1,2325,1573,235,202,1,-1,-1,-1
1059,-1,413,874,669,332,1,-1,-1,-1
1059,-1,861,726,232,119,1,-1,-1,-1
1059,-1,697,661,146,81,1,-1,-1,-1
1060,-1,2317,1569,243,205,1,-1,-1,-1
1060,-1,305,869,722,344,1,-1,-1,-1
1060,-1,864,728,233,117,1,-1,-1,-1
1060,-1,700,661,143,81,1,-1,-1,-1
1061,-1,2309,1566,251,208,1,-1,-1,-1
1061,-1,184,855,783,364,1,-1,-1,-1
1061,-1,869,729,230,118,1,-1,-1,-1
1061,-1,704,661,139,81,1,-1,-1,-1
1062,-1,2290,1558,270,215,1,-1,-1,-1
1062,-1,0,799,739,441,1,-1,-1,-1
1062,-1,888,733,221,117,1,-1,-1,-1
1062,-1,705,664,138,78,1,-1,-1,-1
1063,-1,2290,1557,270,216,1,-1,-1,-1
1063,-1,0,780,642,449,1,-1,-1,-1
1063,-1,892,734,220,116,1,-1,-1,-1
1063,-1,711,672,131,70,1,-1,-1,-1
1064,-1,2290,1557,270,216,1,-1,-1,-1
1064,-1,0,768,532,461,1,-1,-1,-1
1064,-1,897,735,218,117,1,-1,-1,-1
1064,-1,713,672,129,70,1,-1,-1,-1
1065,-1,2291,1558,269,215,1,-1,-1,-1
1065,-1,0,787,408,440,1,-1,-1,-1
1065,-1,900,736,218,116,1,-1,-1,-1
1065,-1,717,673,125,69,1,-1,-1,-1
1066,-1,2291,1557,269,216,1,-1,-1,-1
1066,-1,902,737,218,116,1,-1,-1,-1
1066,-1,719,673,123,69,1,-1,-1,-1
1067,-1,2291,1555,269,218,1,-1,-1,-1
1067,-1,905,738,217,115,1,-1,-1,-1
1067,-1,719,673,123,69,1,-1,-1,-1
1068,-1,2291,1554,269,219,1,-1,-1,-1
1068,-1,907,739,218,115,1,-1,-1,-1
1068,-1,722,673,120,69,1,-1,-1,-1
1069,-1,2291,1553,269,219,1,-1,-1,-1
1069,-1,909,739,218,116,1,-1,-1,-1
1069,-1,724,676,118,66,1,-1,-1,-1
1070,-1,2291,1552,269,220,1,-1,-1,-1
1070,-1,917,740,212,116,1,-1,-1,-1
1070,-1,728,679,114,63,1,-1,-1,-1
1071,-1,2291,1549,269,223,1,-1,-1,-1
1071,-1,919,741,212,116,1,-1,-1,-1
1071,-1,733,680,109,62,1,-1,-1,-1
1072,-1,2280,1546,280,226,1,-1,-1,-1
1072,-1,923,742,211,115,1,-1,-1,-1
1072,-1,745,682,97,60,1,-1,-1,-1
1073,-1,2267,1543,293,229,1,-1,-1,-1
1073,-1,925,743,211,115,1,-1,-1,-1
1073,-1,745,682,97,60,1,-1,-1,-1
1074,-1,2263,1540,297,232,1,-1,-1,-1
1074,-1,927,743,211,115,1,-1,-1,-1
1074,-1,760,685,82,57,1,-1,-1,-1
1075,-1,2257,1535,303,237,1,-1,-1,-1
1075,-1,929,743,210,116,1,-1,-1,-1
1075,-1,764,691,78,51,1,-1,-1,-1
1076,-1,2241,1531,319,241,1,-1,-1,-1
1076,-1,930,743,210,116,1,-1,-1,-1
1076,-1,766,692,76,50,1,-1,-1,-1
1077,-1,2232,1524,328,248,1,-1,-1,-1
1077,-1,930,743,210,116,1,-1,-1,-1
1078,-1,2211,1517,349,254,1,-1,-1,-1
1078,-1,930,743,210,116,1,-1,-1,-1
1079,-1,2190,1508,370,263,1,-1,-1,-1
1079,-1,930,743,210,116,1,-1,-1,-1
1080,-1,2168,1497,392,274,1,-1,-1,-1
1080,-1,928,743,211,116,1,-1,-1,-1
1081,-1,2137,1485,423,286,1,-1,-1,-1
1081,-1,926,743,211,115,1,-1,-1,-1
1082,-1,2105,1473,455,300,1,-1,-1,-1
1082,-1,925,742,209,116,1,-1,-1,-1
1083,-1,2069,1458,491,317,1,-1,-1,-1
1083,-1,922,742,209,114,1,-1,-1,-1
1084,-1,2030,1444,530,324,1,-1,-1,-1
1084,-1,919,741,209,114,1,-1,-1,-1
1085,-1,1987,1428,573,336,1,-1,-1,-1
1085,-1,916,740,209,114,1,-1,-1,-1
1086,-1,1943,1412,617,329,1,-1,-1,-1
1086,-1,912,739,208,114,1,-1,-1,-1
1087,-1,1899,1395,615,322,1,-1,-1,-1
1087,-1,904,737,212,115,1,-1,-1,-1
1088,-1,1845,1378,612,314,1,-1,-1,-1
1088,-1,900,736,210,115,1,-1,-1,-1
1089,-1,1795,1360,605,307,1,-1,-1,-1
1089,-1,895,735,211,115,1,-1,-1,-1
1090,-1,1745,1344,594,296,1,-1,-1,-1
1090,-1,890,733,208,116,1,-1,-1,-1
1091,-1,1692,1321,587,300,1,-1,-1,-1
1091,-1,887,732,207,115,1,-1,-1,-1
1092,-1,1637,1303,582,293,1,-1,-1,-1
1092,-1,882,731,205,115,1,-1,-1,-1
1093,-1,1579,1282,579,290,1,-1,-1,-1
1093,-1,876,730,204,101,1,-1,-1,-1
1094,-1,1519,1266,577,281,1,-1,-1,-1
1094,-1,869,729,202,103,1,-1,-1,-1
1095,-1,1464,1243,570,281,1,-1,-1,-1
1095,-1,865,728,202,113,1,-1,-1,-1
1096,-1,1395,1226,577,275,1,-1,-1,-1
1096,-1,859,725,200,114,1,-1,-1,-1
1097,-1,1330,1210,580,269,1,-1,-1,-1
1097,-1,852,724,199,114,1,-1,-1,-1
1098,-1,1265,1202,582,255,1,-1,-1,-1
1098,-1,846,723,197,114,1,-1,-1,-1
1099,-1,1195,1187,587,247,1,-1,-1,-1
1099,-1,836,722,200,114,1,-1,-1,-1
1100,-1,1123,1167,594,251,1,-1,-1,-1
1100,-1,833,721,194,114,1,-1,-1,-1
1101,-1,1050,1146,601,256,1,-1,-1,-1
1101,-1,826,719,193,115,1,-1,-1,-1
1102,-1,973,1121,610,266,1,-1,-1,-1
1102,-1,818,717,193,117,1,-1,-1,-1
1103,-1,895,1105,620,268,1,-1,-1,-1
1103,-1,809,716,186,117,1,-1,-1,-1
1104,-1,813,1093,632,268,1,-1,-1,-1
1104,-1,798,714,193,118,1,-1,-1,-1
1105,-1,729,1072,646,277,1,-1,-1,-1
1105,-1,790,713,194,119,1,-1,-1,-1
1106,-1,634,1095,668,245,1,-1,-1,-1
1106,-1,780,711,195,120,1,-1,-1,-1
1107,-1,535,1042,692,288,1,-1,-1,-1
1107,-1,769,709,201,121,1,-1,-1,-1
1108,-1,433,1027,716,295,1,-1,-1,-1
1108,-1,754,707,204,122,1,-1,-1,-1
1109,-1,315,1011,752,304,1,-1,-1,-1
1109,-1,741,705,212,123,1,-1,-1,-1
1110,-1,186,996,795,313,1,-1,-1,-1
1110,-1,730,704,212,123,1,-1,-1,-1
1111,-1,40,977,847,328,1,-1,-1,-1
1111,-1,718,704,214,122,1,-1,-1,-1
1112,-1,0,958,787,343,1,-1,-1,-1
1112,-1,705,704,217,122,1,-1,-1,-1
1113,-1,0,942,676,355,1,-1,-1,-1
1113,-1,691,704,221,121,1,-1,-1,-1
1114,-1,675,701,227,123,1,-1,-1,-1
1115,-1,665,694,224,129,1,-1,-1,-1
1116,-1,651,699,230,123,1,-1,-1,-1
1117,-1,637,698,234,123,1,-1,-1,-1
1118,-1,624,696,235,124,1,-1,-1,-1
1119,-1,612,690,233,130,1,-1,-1,-1
1120,-1,600,690,237,129,1,-1,-1,-1
1121,-1,586,689,243,129,1,-1,-1,-1
1122,-1,572,681,241,137,1,-1,-1,-1
1123,-1,561,677,249,140,1,-1,-1,-1
1124,-1,546,681,264,135,1,-1,-1,-1
1125,-1,537,681,273,134,1,-1,-1,-1
1126,-1,523,671,287,144,1,-1,-1,-1
1127,-1,516,670,294,144,1,-1,-1,-1
1128,-1,507,669,303,145,1,-1,-1,-1
1129,-1,499,669,311,147,1,-1,-1,-1
1130,-1,491,667,319,151,1,-1,-1,-1
1131,-1,485,667,325,154,1,-1,-1,-1
1132,-1,715,683,95,59,1,-1,-1,-1
1132,-1,479,666,237,159,1,-1,-1,-1
1133,-1,715,683,95,59,1,-1,-1,-1
1133,-1,473,666,234,162,1,-1,-1,-1
1134,-1,715,683,95,59,1,-1,-1,-1
1134,-1,469,666,230,165,1,-1,-1,-1
1135,-1,715,683,95,59,1,-1,-1,-1
1135,-1,465,667,228,168,1,-1,-1,-1
1136,-1,715,683,95,59,1,-1,-1,-1
1136,-1,455,668,232,170,1,-1,-1,-1
1137,-1,715,683,95,59,1,-1,-1,-1
1137,-1,450,669,232,173,1,-1,-1,-1
1138,-1,715,683,95,59,1,-1,-1,-1
1138,-1,448,669,228,178,1,-1,-1,-1
1139,-1,715,683,95,59,1,-1,-1,-1
1139,-1,444,671,227,180,1,-1,-1,-1
1140,-1,715,683,95,59,1,-1,-1,-1
1140,-1,443,672,224,184,1,-1,-1,-1
1141,-1,715,683,95,59,1,-1,-1,-1
1141,-1,443,673,220,188,1,-1,-1,-1
1142,-1,751,688,59,54,1,-1,-1,-1
1142,-1,441,674,219,192,1,-1,-1,-1
1143,-1,751,688,59,54,1,-1,-1,-1
1143,-1,440,675,217,196,1,-1,-1,-1
1144,-1,751,688,59,54,1,-1,-1,-1
1144,-1,439,676,215,200,1,-1,-1,-1
1145,-1,751,688,59,54,1,-1,-1,-1
1145,-1,440,677,214,205,1,-1,-1,-1
1146,-1,751,688,56,52,1,-1,-1,-1
1146,-1,443,678,213,209,1,-1,-1,-1
1147,-1,751,688,56,52,1,-1,-1,-1
1147,-1,445,678,212,215,1,-1,-1,-1
1148,-1,446,680,214,219,1,-1,-1,-1
1149,-1,442,681,219,223,1,-1,-1,-1
1150,-1,442,684,222,226,1,-1,-1,-1
1151,-1,444,687,223,229,1,-1,-1,-1
1152,-1,444,693,227,230,1,-1,-1,-1
1153,-1,445,694,230,236,1,-1,-1,-1
1154,-1,446,696,232,240,1,-1,-1,-1
1155,-1,454,699,227,243,1,-1,-1,-1
1156,-1,457,703,226,245,1,-1,-1,-1
1157,-1,459,708,230,248,1,-1,-1,-1
1158,-1,460,711,232,254,1,-1,-1,-1
1159,-1,464,715,232,258,1,-1,-1,-1
1160,-1,465,719,233,264,1,-1,-1,-1
1161,-1,463,723,236,269,1,-1,-1,-1
1162,-1,459,728,242,274,1,-1,-1,-1
1163,-1,453,733,249,282,1,-1,-1,-1
1164,-1,445,739,257,286,1,-1,-1,-1
1165,-1,436,745,264,287,1,-1,-1,-1
1166,-1,425,750,271,292,1,-1,-1,-1
1167,-1,411,755,279,295,1,-1,-1,-1
1169,-1,366,768,307,301,1,-1,-1,-1
1170,-1,348,774,315,305,1,-1,-1,-1
1171,-1,322,781,337,309,1,-1,-1,-1
1172,-1,289,788,363,313,1,-1,-1,-1
1173,-1,252,790,390,320,1,-1,-1,-1
1174,-1,209,795,420,326,1,-1,-1,-1
1175,-1,153,796,461,336,1,-1,-1,-1
1176,-1,90,799,505,343,1,-1,-1,-1
1177,-1,23,802,552,350,1,-1,-1,-1
1178,-1,0,800,550,363,1,-1,-1,-1
1179,-1,0,795,521,380,1,-1,-1,-1
1180,-1,0,791,482,393,1,-1,-1,-1
1181,-1,0,786,434,402,1,-1,-1,-1
1182,-1,0,779,376,384,1,-1,-1,-1
1183,-1,0,803,308,358,1,-1,-1,-1
1262,-1,0,1105,668,733,1,-1,-1,-1
1263,-1,0,1093,843,765,1,-1,-1,-1
1264,-1,0,1098,986,701,1,-1,-1,-1
1265,-1,49,1102,1054,610,1,-1,-1,-1
1266,-1,297,1103,907,544,1,-1,-1,-1
1267,-1,493,1104,794,490,1,-1,-1,-1
1268,-1,650,1103,707,447,1,-1,-1,-1
1269,-1,799,1102,619,410,1,-1,-1,-1
1270,-1,915,1102,555,378,1,-1,-1,-1
1271,-1,1009,1100,505,350,1,-1,-1,-1
1272,-1,1094,1098,459,327,1,-1,-1,-1
1273,-1,1164,1097,426,305,1,-1,-1,-1
1274,-1,1225,1095,397,287,1,-1,-1,-1
1275,-1,1285,1093,366,271,1,-1,-1,-1
1276,-1,1329,1090,346,256,1,-1,-1,-1
1277,-1,1377,1088,321,242,1,-1,-1,-1
1278,-1,1415,1085,302,231,1,-1,-1,-1
1279,-1,1449,1082,285,221,1,-1,-1,-1
1280,-1,1477,1080,271,210,1,-1,-1,-1
1281,-1,1502,1077,260,201,1,-1,-1,-1
1282,-1,1525,1075,248,193,1,-1,-1,-1
1283,-1,1551,1072,232,185,1,-1,-1,-1
1284,-1,1569,1069,223,179,1,-1,-1,-1
1285,-1,1588,1066,212,172,1,-1,-1,-1
1286,-1,1604,1063,202,166,1,-1,-1,-1
1287,-1,1617,1060,190,160,1,-1,-1,-1
1288,-1,1628,1057,184,155,1,-1,-1,-1
1289,-1,1646,1054,170,150,1,-1,-1,-1
1290,-1,1657,1051,165,145,1,-1,-1,-1
1291,-1,1661,1047,166,141,1,-1,-1,-1
1292,-1,1670,1044,159,137,1,-1,-1,-1
1293,-1,1674,1041,157,132,1,-1,-1,-1
1294,-1,1684,1039,148,128,1,-1,-1,-1
1295,-1,1688,1036,145,124,1,-1,-1,-1
1296,-1,1692,1033,142,121,1,-1,-1,-1
1297,-1,1699,1031,135,117,1,-1,-1,-1
1298,-1,1701,1027,134,115,1,-1,-1,-1
1299,-1,1705,1025,130,112,1,-1,-1,-1
1300,-1,1713,1022,115,109,1,-1,-1,-1
1301,-1,1716,1020,114,106,1,-1,-1,-1
1302,-1,1719,1017,115,104,1,-1,-1,-1
1303,-1,1722,1015,111,102,1,-1,-1,-1
1304,-1,1724,1012,109,100,1,-1,-1,-1
1305,-1,1725,1011,108,97,1,-1,-1,-1
1306,-1,1725,1009,107,95,1,-1,-1,-1
1307,-1,1724,1007,108,93,1,-1,-1,-1
1308,-1,1724,1005,108,91,1,-1,-1,-1
1309,-1,1727,1003,104,89,1,-1,-1,-1
1310,-1,1734,1001,97,87,1,-1,-1,-1
1311,-1,1735,1000,95,85,1,-1,-1,-1
1312,-1,1734,998,90,83,1,-1,-1,-1
1313,-1,1734,995,94,83,1,-1,-1,-1
1314,-1,1735,994,92,80,1,-1,-1,-1
1315,-1,1736,993,88,78,1,-1,-1,-1
1316,-1,1739,990,85,78,1,-1,-1,-1
1317,-1,1740,990,83,75,1,-1,-1,-1
1318,-1,1740,989,82,73,1,-1,-1,-1
1319,-1,1740,986,82,74,1,-1,-1,-1
1320,-1,1741,985,83,72,1,-1,-1,-1
1321,-1,1743,985,81,70,1,-1,-1,-1
1322,-1,1743,983,81,69,1,-1,-1,-1
1323,-1,1743,982,80,68,1,-1,-1,-1
1324,-1,1743,981,76,67,1,-1,-1,-1
1325,-1,1746,979,72,66,1,-1,-1,-1
1326,-1,1746,978,72,64,1,-1,-1,-1
1327,-1,1750,977,67,63,1,-1,-1,-1
1328,-1,1749,975,67,64,1,-1,-1,-1
1329,-1,1750,973,65,64,1,-1,-1,-1
1330,-1,1750,972,65,63,1,-1,-1,-1
1331,-1,1751,971,63,62,1,-1,-1,-1
1332,-1,1752,970,61,61,1,-1,-1,-1
1333,-1,1751,970,62,59,1,-1,-1,-1
1334,-1,1752,969,60,58,1,-1,-1,-1
1335,-1,1753,969,59,57,1,-1,-1,-1
1336,-1,1754,968,58,57,1,-1,-1,-1
1337,-1,1755,967,57,57,1,-1,-1,-1
1338,-1,1755,967,56,55,1,-1,-1,-1
1339,-1,1756,966,55,55,1,-1,-1,-1
1340,-1,1757,966,54,54,1,-1,-1,-1
1341,-1,1757,966,54,53,1,-1,-1,-1
1342,-1,1757,965,54,53,1,-1,-1,-1
1343,-1,1758,965,53,52,1,-1,-1,-1
1344,-1,1759,965,52,51,1,-1,-1,-1
1345,-1,1759,964,52,51,1,-1,-1,-1
1346,-1,1760,963,51,51,1,-1,-1,-1
1347,-1,1760,963,51,50,1,-1,-1,-1
1354,-1,425,515,54,58,1,-1,-1,-1
1355,-1,1670,956,60,53,1,-1,-1,-1
1355,-1,425,515,56,58,1,-1,-1,-1
1356,-1,1668,958,60,53,1,-1,-1,-1
1356,-1,428,515,55,63,1,-1,-1,-1
1357,-1,1665,958,62,56,1,-1,-1,-1
1357,-1,427,515,58,70,1,-1,-1,-1
1358,-1,1662,958,64,59,1,-1,-1,-1
1358,-1,427,515,59,71,1,-1,-1,-1
1359,-1,1655,961,70,59,1,-1,-1,-1
1359,-1,427,515,61,72,1,-1,-1,-1
1360,-1,1653,964,71,58,1,-1,-1,-1
1360,-1,427,515,62,73,1,-1,-1,-1
1361,-1,1648,965,74,60,1,-1,-1,-1
1361,-1,427,515,62,74,1,-1,-1,-1
1362,-1,1644,965,76,64,1,-1,-1,-1
1362,-1,427,515,60,72,1,-1,-1,-1
1363,-1,1639,966,79,66,1,-1,-1,-1
1363,-1,427,515,56,69,1,-1,-1,-1
1364,-1,1634,969,82,67,1,-1,-1,-1
1365,-1,1628,970,87,69,1,-1,-1,-1
1366,-1,1624,972,88,70,1,-1,-1,-1
1367,-1,1619,973,89,73,1,-1,-1,-1
1368,-1,1611,974,93,76,1,-1,-1,-1
1369,-1,1603,976,97,77,1,-1,-1,-1
1370,-1,1594,977,101,80,1,-1,-1,-1
1370,-1,429,511,52,62,1,-1,-1,-1
1371,-1,1585,978,104,82,1,-1,-1,-1
1371,-1,425,510,51,63,1,-1,-1,-1
1372,-1,1575,980,107,84,1,-1,-1,-1
1372,-1,419,507,57,66,1,-1,-1,-1
1373,-1,1566,981,111,87,1,-1,-1,-1
1373,-1,417,516,59,57,1,-1,-1,-1
1374,-1,1550,982,120,90,1,-1,-1,-1
1375,-1,1538,983,124,94,1,-1,-1,-1
1376,-1,1523,984,129,97,1,-1,-1,-1
1377,-1,1508,985,134,100,1,-1,-1,-1
1378,-1,1488,985,143,105,1,-1,-1,-1
1379,-1,1469,986,149,108,1,-1,-1,-1
1380,-1,1444,987,160,111,1,-1,-1,-1
1381,-1,1422,987,166,115,1,-1,-1,-1
1382,-1,1391,987,180,121,1,-1,-1,-1
1383,-1,1363,986,189,127,1,-1,-1,-1
1384,-1,1329,986,202,132,1,-1,-1,-1
1385,-1,1296,985,212,137,1,-1,-1,-1
1386,-1,1254,984,228,144,1,-1,-1,-1
1387,-1,1206,980,248,154,1,-1,-1,-1
1388,-1,1157,981,265,157,1,-1,-1,-1
1389,-1,1106,978,281,166,1,-1,-1,-1
1390,-1,1045,976,304,174,1,-1,-1,-1
1391,-1,977,972,330,184,1,-1,-1,-1
1392,-1,902,968,360,194,1,-1,-1,-1
1393,-1,817,962,393,206,1,-1,-1,-1
1394,-1,721,957,430,217,1,-1,-1,-1
1395,-1,612,949,473,232,1,-1,-1,-1
1396,-1,485,940,527,248,1,-1,-1,-1
1397,-1,346,930,584,266,1,-1,-1,-1
1398,-1,177,918,660,287,1,-1,-1,-1
1399,-1,0,904,731,309,1,-1,-1,-1
1400,-1,0,881,611,343,1,-1,-1,-1
1401,-1,0,865,478,346,1,-1,-1,-1
1402,-1,0,868,322,346,1,-1,-1,-1
1634,-1,0,1173,499,491,1,-1,-1,-1
1635,-1,0,1175,739,524,1,-1,-1,-1
1636,-1,0,1101,926,522,1,-1,-1,-1
1640,-1,833,1096,535,329,1,-1,-1,-1
1641,-1,958,1096,476,299,1,-1,-1,-1
1642,-1,1062,1096,427,272,1,-1,-1,-1
1643,-1,1145,1094,392,252,1,-1,-1,-1
1644,-1,1223,1092,355,232,1,-1,-1,-1
1645,-1,1285,1087,328,219,1,-1,-1,-1
1646,-1,1337,1087,306,202,1,-1,-1,-1
1647,-1,1385,1084,284,190,1,-1,-1,-1
1648,-1,1425,1081,266,179,1,-1,-1,-1
1649,-1,1467,1079,243,168,1,-1,-1,-1
1650,-1,1501,1080,226,155,1,-1,-1,-1
1651,-1,1525,1071,217,154,1,-1,-1,-1
1652,-1,1545,1068,209,147,1,-1,-1,-1
1653,-1,1577,1065,196,139,1,-1,-1,-1
1654,-1,1587,1062,196,133,1,-1,-1,-1
1655,-1,1606,1057,185,129,1,-1,-1,-1
1656,-1,1617,1055,181,123,1,-1,-1,-1
1657,-1,1632,1050,161,120,1,-1,-1,-1
1658,-1,1641,1047,169,115,1,-1,-1,-1
1659,-1,1650,1045,164,109,1,-1,-1,-1
1660,-1,1659,1041,159,106,1,-1,-1,-1
1661,-1,1683,1038,138,102,1,-1,-1,-1
1662,-1,1689,1036,135,98,1,-1,-1,-1
1663,-1,1692,1035,123,93,1,-1,-1,-1
1664,-1,1697,1032,131,90,1,-1,-1,-1
1665,-1,1707,1028,113,89,1,-1,-1,-1
1666,-1,1724,1025,107,87,1,-1,-1,-1
1667,-1,1727,1024,96,83,1,-1,-1,-1
1668,-1,1718,1022,111,81,1,-1,-1,-1
1669,-1,1722,1020,107,78,1,-1,-1,-1
1670,-1,1726,1017,105,77,1,-1,-1,-1
1671,-1,1734,1015,97,75,1,-1,-1,-1
1672,-1,1729,1013,97,73,1,-1,-1,-1
1673,-1,1728,1010,99,72,1,-1,-1,-1
1674,-1,1729,1008,104,70,1,-1,-1,-1
1675,-1,1736,1005,90,69,1,-1,-1,-1
1676,-1,1742,1003,87,67,1,-1,-1,-1
1677,-1,1743,1001,89,66,1,-1,-1,-1
1678,-1,1756,999,75,64,1,-1,-1,-1
1679,-1,1757,997,74,64,1,-1,-1,-1
1680,-1,1758,996,66,62,1,-1,-1,-1
1681,-1,1758,995,66,60,1,-1,-1,-1
1682,-1,1758,994,66,58,1,-1,-1,-1
1683,-1,1760,993,63,56,1,-1,-1,-1
1684,-1,1761,988,62,58,1,-1,-1,-1
1685,-1,1760,986,62,58,1,-1,-1,-1
1686,-1,1760,985,61,57,1,-1,-1,-1
1687,-1,1760,984,60,56,1,-1,-1,-1
1688,-1,1761,983,56,54,1,-1,-1,-1
1689,-1,1761,982,55,52,1,-1,-1,-1
1690,-1,1761,980,54,52,1,-1,-1,-1
1691,-1,1762,978,55,52,1,-1,-1,-1
1692,-1,1762,977,54,51,1,-1,-1,-1
1693,-1,1761,976,55,50,1,-1,-1,-1
1694,-1,1762,975,53,50,1,-1,-1,-1
1787,-1,0,1095,776,732,1,-1,-1,-1
1788,-1,0,1095,973,635,1,-1,-1,-1
1792,-1,889,1100,530,378,1,-1,-1,-1
1793,-1,1015,1101,470,339,1,-1,-1,-1
1794,-1,1126,1099,413,309,1,-1,-1,-1
1795,-1,1211,1096,372,284,1,-1,-1,-1
1796,-1,1284,1092,341,264,1,-1,-1,-1
1797,-1,1352,1090,309,244,1,-1,-1,-1
1798,-1,1411,1087,280,228,1,-1,-1,-1
1799,-1,1454,1083,262,214,1,-1,-1,-1
1800,-1,1495,1079,242,202,1,-1,-1,-1
1801,-1,1529,1076,225,190,1,-1,-1,-1
1802,-1,1557,1072,212,181,1,-1,-1,-1
1803,-1,1575,1069,207,171,1,-1,-1,-1
1804,-1,1589,1065,203,163,1,-1,-1,-1
1805,-1,1610,1061,191,156,1,-1,-1,-1
1806,-1,1640,1057,167,149,1,-1,-1,-1
1807,-1,1647,1053,167,144,1,-1,-1,-1
1808,-1,1666,1049,147,138,1,-1,-1,-1
1809,-1,1675,1045,149,132,1,-1,-1,-1
1810,-1,1684,1043,143,126,1,-1,-1,-1
1811,-1,1676,1041,155,119,1,-1,-1,-1
1812,-1,1686,1038,148,115,1,-1,-1,-1
1813,-1,1709,1037,115,109,1,-1,-1,-1
1814,-1,1716,1032,110,107,1,-1,-1,-1
1815,-1,1720,1029,108,104,1,-1,-1,-1
1816,-1,1727,1026,108,101,1,-1,-1,-1
1817,-1,1733,1023,108,98,1,-1,-1,-1
1818,-1,1738,1020,102,96,1,-1,-1,-1
1819,-1,1741,1017,101,94,1,-1,-1,-1
1820,-1,1745,1017,96,89,1,-1,-1,-1
1821,-1,1747,1013,93,88,1,-1,-1,-1
1822,-1,1736,1011,105,86,1,-1,-1,-1
1823,-1,1735,1008,99,84,1,-1,-1,-1
1824,-1,1730,1006,104,81,1,-1,-1,-1
1825,-1,1729,1002,104,81,1,-1,-1,-1
1826,-1,1730,1000,108,79,1,-1,-1,-1
1827,-1,1735,998,98,76,1,-1,-1,-1
1828,-1,1738,996,97,75,1,-1,-1,-1
1829,-1,1742,993,92,74,1,-1,-1,-1
1830,-1,1743,992,86,72,1,-1,-1,-1
1831,-1,1758,990,70,70,1,-1,-1,-1
1832,-1,1758,988,69,69,1,-1,-1,-1
1833,-1,1758,986,71,68,1,-1,-1,-1
1834,-1,1758,985,67,66,1,-1,-1,-1
1835,-1,1750,984,72,64,1,-1,-1,-1
1836,-1,1756,983,65,61,1,-1,-1,-1
1837,-1,1751,981,71,61,1,-1,-1,-1
1838,-1,1751,979,67,60,1,-1,-1,-1
1839,-1,1751,977,66,60,1,-1,-1,-1
1840,-1,1755,975,64,60,1,-1,-1,-1
1841,-1,1757,974,61,58,1,-1,-1,-1
1842,-1,1757,973,59,57,1,-1,-1,-1
1843,-1,1756,972,56,56,1,-1,-1,-1
1844,-1,1756,975,55,51,1,-1,-1,-1
1845,-1,1756,970,53,54,1,-1,-1,-1
1894,-1,0,485,242,285,1,-1,-1,-1
1895,-1,0,485,263,293,1,-1,-1,-1
1896,-1,0,485,284,299,1,-1,-1,-1
1897,-1,0,485,305,306,1,-1,-1,-1
1898,-1,0,485,325,313,1,-1,-1,-1
1899,-1,0,485,345,320,1,-1,-1,-1
1900,-1,0,485,364,326,1,-1,-1,-1
1901,-1,0,496,382,323,1,-1,-1,-1
1902,-1,0,501,400,326,1,-1,-1,-1
1903,-1,0,507,417,327,1,-1,-1,-1
1904,-1,0,515,437,326,1,-1,-1,-1
1905,-1,0,522,455,326,1,-1,-1,-1
1906,-1,0,528,473,326,1,-1,-1,-1
1907,-1,10,534,481,327,1,-1,-1,-1
1908,-1,21,538,487,330,1,-1,-1,-1
1909,-1,40,545,484,329,1,-1,-1,-1
1910,-1,57,549,483,332,1,-1,-1,-1
1911,-1,71,553,485,334,1,-1,-1,-1
1912,-1,79,557,490,336,1,-1,-1,-1
1913,-1,90,559,493,340,1,-1,-1,-1
1914,-1,100,564,496,341,1,-1,-1,-1
1915,-1,113,568,494,343,1,-1,-1,-1
1916,-1,115,573,505,344,1,-1,-1,-1
1917,-1,128,577,500,345,1,-1,-1,-1
1918,-1,140,582,497,345,1,-1,-1,-1
1919,-1,153,585,493,347,1,-1,-1,-1
1920,-1,169,590,485,346,1,-1,-1,-1
1921,-1,168,592,493,348,1,-1,-1,-1
1922,-1,185,596,482,347,1,-1,-1,-1
1923,-1,199,598,474,348,1,-1,-1,-1
1924,-1,185,601,493,349,1,-1,-1,-1
1925,-1,196,600,487,353,1,-1,-1,-1
1926,-1,198,605,488,351,1,-1,-1,-1
1927,-1,195,607,495,352,1,-1,-1,-1
1928,-1,200,610,493,352,1,-1,-1,-1
1929,-1,222,612,474,353,1,-1,-1,-1
1930,-1,222,614,477,354,1,-1,-1,-1
1931,-1,231,616,472,355,1,-1,-1,-1
1932,-1,241,619,466,356,1,-1,-1,-1
1933,-1,241,619,472,360,1,-1,-1,-1
1934,-1,245,626,474,359,1,-1,-1,-1
1935,-1,248,627,478,364,1,-1,-1,-1
1936,-1,247,632,488,366,1,-1,-1,-1
1937,-1,249,634,496,372,1,-1,-1,-1
1938,-1,265,636,491,380,1,-1,-1,-1
1939,-1,275,652,494,373,1,-1,-1,-1
1940,-1,288,655,496,379,1,-1,-1,-1
1941,-1,297,665,504,378,1,-1,-1,-1
1942,-1,310,676,510,377,1,-1,-1,-1
1943,-1,324,685,517,377,1,-1,-1,-1
1944,-1,341,693,525,377,1,-1,-1,-1
1945,-1,358,701,535,377,1,-1,-1,-1
1946,-1,373,715,549,374,1,-1,-1,-1
1947,-1,391,730,560,372,1,-1,-1,-1
1948,-1,411,746,572,370,1,-1,-1,-1
1949,-1,434,762,582,369,1,-1,-1,-1
1950,-1,460,779,591,366,1,-1,-1,-1
1951,-1,486,793,601,366,1,-1,-1,-1
1952,-1,514,799,608,374,1,-1,-1,-1
1953,-1,542,809,615,379,1,-1,-1,-1
1954,-1,572,822,622,380,1,-1,-1,-1
1955,-1,603,835,628,381,1,-1,-1,-1
1956,-1,637,847,631,384,1,-1,-1,-1
1957,-1,672,861,634,382,1,-1,-1,-1
1958,-1,714,873,635,382,1,-1,-1,-1
1959,-1,761,885,634,382,1,-1,-1,-1
1960,-1,809,898,630,379,1,-1,-1,-1
1961,-1,854,908,628,378,1,-1,-1,-1
1962,-1,893,923,630,371,1,-1,-1,-1
1963,-1,932,935,629,366,1,-1,-1,-1
1964,-1,961,947,635,360,1,-1,-1,-1
1965,-1,999,949,634,361,1,-1,-1,-1
1966,-1,1043,947,617,366,1,-1,-1,-1
1967,-1,1069,946,619,370,1,-1,-1,-1
1968,-1,1102,946,610,368,1,-1,-1,-1
1969,-1,1142,946,593,368,1,-1,-1,-1
1970,-1,1175,1012,580,302,1,-1,-1,-1
1971,-1,1205,1021,571,292,1,-1,-1,-1
1972,-1,1235,1029,562,282,1,-1,-1,-1
1972,-1,1677,948,72,50,1,-1,-1,-1
1973,-1,1269,1037,547,272,1,-1,-1,-1
1973,-1,1677,948,72,51,1,-1,-1,-1
1974,-1,1297,1043,536,263,1,-1,-1,-1
1974,-1,1676,948,73,52,1,-1,-1,-1
1975,-1,1329,1049,499,258,1,-1,-1,-1
1975,-1,1690,948,61,53,1,-1,-1,-1
1976,-1,1357,1054,504,253,1,-1,-1,-1
1976,-1,1691,948,58,54,1,-1,-1,-1
1977,-1,1383,1059,490,247,1,-1,-1,-1
1977,-1,1680,948,67,55,1,-1,-1,-1
1978,-1,1409,1062,474,242,1,-1,-1,-1
1978,-1,1688,948,59,56,1,-1,-1,-1
1979,-1,1433,1065,459,237,1,-1,-1,-1
1979,-1,1688,948,59,57,1,-1,-1,-1
1980,-1,1455,1068,445,231,1,-1,-1,-1
1980,-1,1687,948,60,58,1,-1,-1,-1
1981,-1,1475,1070,432,225,1,-1,-1,-1
1981,-1,1671,948,75,60,1,-1,-1,-1
1982,-1,1496,1072,416,219,1,-1,-1,-1
1982,-1,1685,950,61,59,1,-1,-1,-1
1983,-1,1515,1072,402,215,1,-1,-1,-1
1983,-1,1684,948,61,62,1,-1,-1,-1
1984,-1,1532,1071,388,211,1,-1,-1,-1
1984,-1,1682,948,63,63,1,-1,-1,-1
1985,-1,1545,1070,379,207,1,-1,-1,-1
1985,-1,1678,950,67,63,1,-1,-1,-1
1986,-1,1563,1068,364,203,1,-1,-1,-1
1986,-1,1679,950,66,64,1,-1,-1,-1
1987,-1,1574,1066,355,200,1,-1,-1,-1
1987,-1,1661,950,85,66,1,-1,-1,-1
1988,-1,1594,1064,336,196,1,-1,-1,-1
1988,-1,1660,951,86,67,1,-1,-1,-1
1989,-1,1594,1062,337,192,1,-1,-1,-1
1989,-1,1656,951,90,68,1,-1,-1,-1
1990,-1,1607,1060,325,188,1,-1,-1,-1
1990,-1,1655,958,91,63,1,-1,-1,-1
1991,-1,1619,1057,314,186,1,-1,-1,-1
1991,-1,1650,958,94,64,1,-1,-1,-1
1992,-1,1626,1055,307,181,1,-1,-1,-1
1992,-1,1648,951,95,73,1,-1,-1,-1
1993,-1,1633,1053,300,177,1,-1,-1,-1
1993,-1,1645,952,98,74,1,-1,-1,-1
1994,-1,1641,1050,291,173,1,-1,-1,-1
1994,-1,1642,952,101,76,1,-1,-1,-1
1995,-1,1648,1048,283,169,1,-1,-1,-1
1995,-1,1638,959,105,70,1,-1,-1,-1
1996,-1,1654,1045,276,165,1,-1,-1,-1
1996,-1,1635,960,107,71,1,-1,-1,-1
1997,-1,1659,1043,270,160,1,-1,-1,-1
1997,-1,1633,962,109,71,1,-1,-1,-1
1998,-1,1664,1042,262,155,1,-1,-1,-1
1998,-1,1627,962,114,73,1,-1,-1,-1
1999,-1,1670,1039,257,151,1,-1,-1,-1
1999,-1,1627,965,114,72,1,-1,-1,-1
2000,-1,1674,1036,252,149,1,-1,-1,-1
2000,-1,1623,965,117,74,1,-1,-1,-1
2001,-1,1679,1035,245,144,1,-1,-1,-1
2001,-1,1620,966,119,76,1,-1,-1,-1
2002,-1,1684,1029,239,144,1,-1,-1,-1
2002,-1,1617,967,121,77,1,-1,-1,-1
2003,-1,1689,1027,233,141,1,-1,-1,-1
2003,-1,1614,968,123,78,1,-1,-1,-1
2004,-1,1693,1025,228,138,1,-1,-1,-1
2004,-1,1612,970,124,78,1,-1,-1,-1
2005,-1,1695,1023,224,134,1,-1,-1,-1
2005,-1,1608,971,126,79,1,-1,-1,-1
2006,-1,1697,1021,221,132,1,-1,-1,-1
2006,-1,1606,972,128,80,1,-1,-1,-1
2007,-1,1700,1019,216,130,1,-1,-1,-1
2007,-1,1601,973,131,81,1,-1,-1,-1
2008,-1,1783,1018,130,125,1,-1,-1,-1
2008,-1,1597,973,133,83,1,-1,-1,-1
2009,-1,1788,1016,122,122,1,-1,-1,-1
2009,-1,1594,974,135,85,1,-1,-1,-1
2010,-1,1787,1013,120,121,1,-1,-1,-1
2010,-1,1591,975,136,87,1,-1,-1,-1
2011,-1,1784,1009,120,119,1,-1,-1,-1
2011,-1,1587,976,139,88,1,-1,-1,-1
2012,-1,1582,977,319,146,1,-1,-1,-1
2013,-1,1578,978,317,140,1,-1,-1,-1
2014,-1,1572,979,321,136,1,-1,-1,-1
2015,-1,1567,980,323,128,1,-1,-1,-1
2016,-1,1710,998,177,106,1,-1,-1,-1
2016,-1,1563,980,156,96,1,-1,-1,-1
2017,-1,1710,996,173,110,1,-1,-1,-1
2017,-1,1558,980,155,99,1,-1,-1,-1
2018,-1,1717,994,164,109,1,-1,-1,-1
2018,-1,1552,983,159,99,1,-1,-1,-1
2020,-1,1717,988,158,106,1,-1,-1,-1
2020,-1,1540,983,171,105,1,-1,-1,-1
2021,-1,1721,986,148,105,1,-1,-1,-1
2021,-1,1534,986,172,105,1,-1,-1,-1
2022,-1,1527,986,179,108,1,-1,-1,-1
2022,-1,1726,983,140,95,1,-1,-1,-1
2023,-1,1519,986,183,111,1,-1,-1,-1
2023,-1,1725,981,138,94,1,-1,-1,-1
2024,-1,1511,983,180,117,1,-1,-1,-1
2024,-1,1727,979,133,93,1,-1,-1,-1
2025,-1,1502,984,186,119,1,-1,-1,-1
2025,-1,1733,977,124,91,1,-1,-1,-1
2026,-1,1494,985,194,120,1,-1,-1,-1
2026,-1,1761,975,94,90,1,-1,-1,-1
2027,-1,1341,983,265,156,1,-1,-1,-1
2027,-1,1757,962,79,76,1,-1,-1,-1
2028,-1,1329,982,264,160,1,-1,-1,-1
2028,-1,1756,961,79,78,1,-1,-1,-1
2029,-1,1299,985,279,160,1,-1,-1,-1
2029,-1,1762,961,72,77,1,-1,-1,-1
2030,-1,1275,980,291,168,1,-1,-1,-1
2030,-1,1761,960,71,72,1,-1,-1,-1
2031,-1,1248,982,302,170,1,-1,-1,-1
2031,-1,1763,960,68,69,1,-1,-1,-1
2032,-1,1220,990,312,165,1,-1,-1,-1
2033,-1,1193,981,321,177,1,-1,-1,-1
2033,-1,1762,959,67,68,1,-1,-1,-1
2034,-1,1156,976,339,185,1,-1,-1,-1
2034,-1,1762,958,66,67,1,-1,-1,-1
2035,-1,1124,974,350,190,1,-1,-1,-1
2035,-1,1763,957,64,67,1,-1,-1,-1
2036,-1,1084,971,367,197,1,-1,-1,-1
2036,-1,1763,957,64,65,1,-1,-1,-1
2037,-1,1041,968,386,202,1,-1,-1,-1
2037,-1,1764,956,62,65,1,-1,-1,-1
2038,-1,996,964,405,209,1,-1,-1,-1
2038,-1,1764,956,62,64,1,-1,-1,-1
2039,-1,948,960,424,217,1,-1,-1,-1
2039,-1,1764,956,62,63,1,-1,-1,-1
2040,-1,1764,955,61,62,1,-1,-1,-1
2040,-1,897,955,444,225,1,-1,-1,-1
2041,-1,1764,955,61,62,1,-1,-1,-1
2041,-1,839,950,469,233,1,-1,-1,-1
2042,-1,1765,955,60,61,1,-1,-1,-1
2042,-1,779,945,492,242,1,-1,-1,-1
2043,-1,1765,954,60,61,1,-1,-1,-1
2043,-1,712,939,519,250,1,-1,-1,-1
2044,-1,1766,954,58,60,1,-1,-1,-1
2044,-1,637,932,550,261,1,-1,-1,-1
2045,-1,557,925,582,271,1,-1,-1,-1
2046,-1,468,916,619,283,1,-1,-1,-1
2047,-1,372,906,657,297,1,-1,-1,-1
2048,-1,264,892,702,314,1,-1,-1,-1
2049,-1,145,883,750,327,1,-1,-1,-1
2050,-1,12,869,807,344,1,-1,-1,-1
2051,-1,0,851,733,366,1,-1,-1,-1
2052,-1,0,833,636,388,1,-1,-1,-1
2053,-1,0,813,527,397,1,-1,-1,-1
2054,-1,0,796,404,418,1,-1,-1,-1
2055,-1,1769,954,53,54,1,-1,-1,-1
2056,-1,1769,954,53,53,1,-1,-1,-1
2057,-1,1769,954,53,53,1,-1,-1,-1
2058,-1,1770,954,52,53,1,-1,-1,-1
2059,-1,1770,954,52,52,1,-1,-1,-1
2060,-1,1771,954,51,52,1,-1,-1,-1
2061,-1,1772,955,50,51,1,-1,-1,-1
2062,-1,1772,955,50,51,1,-1,-1,-1
2064,-1,1774,955,50,51,1,-1,-1,-1
2065,-1,1775,956,50,51,1,-1,-1,-1
2066,-1,1776,956,50,51,1,-1,-1,-1
2067,-1,1778,957,50,50,1,-1,-1,-1
2180,-1,1624,967,96,58,1,-1,-1,-1
2181,-1,799,1169,605,344,1,-1,-1,-1
2181,-1,1620,970,99,58,1,-1,-1,-1
2182,-1,931,1162,542,311,1,-1,-1,-1
2182,-1,1615,972,102,60,1,-1,-1,-1
2183,-1,1041,1156,490,282,1,-1,-1,-1
2183,-1,1612,967,104,68,1,-1,-1,-1
2184,-1,1132,1150,448,259,1,-1,-1,-1
2184,-1,1607,969,107,69,1,-1,-1,-1
2185,-1,1211,1144,414,240,1,-1,-1,-1
2185,-1,1601,970,109,71,1,-1,-1,-1
2186,-1,1279,1138,384,223,1,-1,-1,-1
2186,-1,1595,972,112,72,1,-1,-1,-1
2187,-1,1337,1132,358,208,1,-1,-1,-1
2187,-1,1588,973,116,74,1,-1,-1,-1
2188,-1,1385,1127,338,195,1,-1,-1,-1
2188,-1,1580,975,122,75,1,-1,-1,-1
2189,-1,1428,1122,318,184,1,-1,-1,-1
2189,-1,1571,976,127,77,1,-1,-1,-1
2190,-1,1466,1117,300,173,1,-1,-1,-1
2190,-1,1561,977,131,79,1,-1,-1,-1
2191,-1,1500,1116,283,161,1,-1,-1,-1
2191,-1,1552,978,135,81,1,-1,-1,-1
2192,-1,1529,1111,268,153,1,-1,-1,-1
2192,-1,1539,979,141,84,1,-1,-1,-1
2193,-1,1557,1107,253,146,1,-1,-1,-1
2193,-1,1527,980,146,86,1,-1,-1,-1
2194,-1,1578,1103,243,138,1,-1,-1,-1
2194,-1,1514,980,151,90,1,-1,-1,-1
2195,-1,1601,1098,229,132,1,-1,-1,-1
2195,-1,1500,982,157,91,1,-1,-1,-1
2196,-1,1617,1093,220,127,1,-1,-1,-1
2196,-1,1485,983,162,94,1,-1,-1,-1
2197,-1,1633,1089,210,121,1,-1,-1,-1
2197,-1,1468,983,169,98,1,-1,-1,-1
2198,-1,1647,1088,201,113,1,-1,-1,-1
2198,-1,1449,982,176,103,1,-1,-1,-1
2199,-1,1659,1083,193,109,1,-1,-1,-1
2199,-1,1428,984,184,105,1,-1,-1,-1
2200,-1,1670,1075,186,109,1,-1,-1,-1
2200,-1,1406,983,192,110,1,-1,-1,-1
2201,-1,1680,1070,168,105,1,-1,-1,-1
2201,-1,1382,983,201,115,1,-1,-1,-1
2202,-1,1688,1066,174,102,1,-1,-1,-1
2202,-1,1356,987,210,115,1,-1,-1,-1
2203,-1,1696,1062,167,98,1,-1,-1,-1
2203,-1,1323,987,224,120,1,-1,-1,-1
2204,-1,1704,1058,160,96,1,-1,-1,-1
2204,-1,1289,984,237,128,1,-1,-1,-1
2205,-1,1709,1056,156,91,1,-1,-1,-1
2205,-1,1251,987,252,130,1,-1,-1,-1
2206,-1,1715,1053,150,88,1,-1,-1,-1
2206,-1,1209,978,268,143,1,-1,-1,-1
2207,-1,1722,1050,143,85,1,-1,-1,-1
2207,-1,1161,985,287,141,1,-1,-1,-1
2208,-1,1770,1050,96,80,1,-1,-1,-1
2208,-1,1107,977,309,153,1,-1,-1,-1
2209,-1,1767,1042,97,82,1,-1,-1,-1
2209,-1,1047,971,332,164,1,-1,-1,-1
2210,-1,1768,1040,94,79,1,-1,-1,-1
2210,-1,980,967,358,172,1,-1,-1,-1
2211,-1,1736,1038,127,76,1,-1,-1,-1
2211,-1,903,962,387,181,1,-1,-1,-1
2212,-1,1742,1033,119,76,1,-1,-1,-1
2212,-1,817,971,420,177,1,-1,-1,-1
2213,-1,1744,1030,117,74,1,-1,-1,-1
2213,-1,717,947,458,205,1,-1,-1,-1
2214,-1,1746,1026,107,73,1,-1,-1,-1
2214,-1,602,937,502,218,1,-1,-1,-1
2215,-1,1747,1025,106,70,1,-1,-1,-1
2215,-1,469,925,554,233,1,-1,-1,-1
2216,-1,1750,1021,102,69,1,-1,-1,-1
2216,-1,314,910,615,252,1,-1,-1,-1
2217,-1,1751,1018,100,68,1,-1,-1,-1
2217,-1,133,894,686,272,1,-1,-1,-1
2218,-1,1751,1016,104,66,1,-1,-1,-1
2218,-1,0,872,691,298,1,-1,-1,-1
2219,-1,1757,1013,95,65,1,-1,-1,-1
2219,-1,0,849,538,321,1,-1,-1,-1
2220,-1,1758,1010,88,64,1,-1,-1,-1
2220,-1,0,835,356,332,1,-1,-1,-1
2221,-1,1765,1009,79,62,1,-1,-1,-1
2222,-1,1771,1006,71,61,1,-1,-1,-1
2223,-1,1778,1005,63,59,1,-1,-1,-1
2224,-1,1776,1001,63,59,1,-1,-1,-1
2225,-1,1774,1000,63,57,1,-1,-1,-1
2226,-1,1761,997,74,57,1,-1,-1,-1
2227,-1,1765,995,68,55,1,-1,-1,-1
2228,-1,1763,993,68,54,1,-1,-1,-1
2229,-1,1767,992,60,52,1,-1,-1,-1
2230,-1,1768,989,57,53,1,-1,-1,-1
2231,-1,1769,988,55,52,1,-1,-1,-1
2232,-1,1768,986,54,50,1,-1,-1,-1
2233,-1,1768,984,52,50,1,-1,-1,-1
