401,-1,2019,721,268,282,1,-1,-1,-1
402,-1,2016,716,227,281,1,-1,-1,-1
407,-1,1699,695,259,281,1,-1,-1,-1
408,-1,1647,691,256,280,1,-1,-1,-1
409,-1,1592,684,256,283,1,-1,-1,-1
410,-1,1538,678,255,284,1,-1,-1,-1
418,-1,1113,642,239,278,1,-1,-1,-1
419,-1,1104,639,227,282,1,-1,-1,-1
420,-1,1011,633,268,280,1,-1,-1,-1
421,-1,1001,629,227,279,1,-1,-1,-1
423,-1,861,619,233,263,1,-1,-1,-1
424,-1,815,614,258,283,1,-1,-1,-1
435,-1,313,583,199,246,1,-1,-1,-1
436,-1,268,580,199,245,1,-1,-1,-1
660,-1,2086,851,474,337,1,-1,-1,-1
661,-1,1851,833,709,368,1,-1,-1,-1
669,-1,0,690,735,339,1,-1,-1,-1
670,-1,0,671,523,334,1,-1,-1,-1
697,-1,1993,836,567,336,1,-1,-1,-1
698,-1,1755,818,805,364,1,-1,-1,-1
699,-1,1517,800,968,363,1,-1,-1,-1
706,-1,0,672,830,333,1,-1,-1,-1
707,-1,0,655,626,327,1,-1,-1,-1
708,-1,0,641,428,319,1,-1,-1,-1
720,-1,1251,539,124,121,1,-1,-1,-1
721,-1,1267,538,149,125,1,-1,-1,-1
722,-1,1305,535,153,131,1,-1,-1,-1
723,-1,1345,534,121,128,1,-1,-1,-1
736,-1,2118,842,442,338,1,-1,-1,-1
737,-1,1896,825,664,354,1,-1,-1,-1
738,-1,1661,804,899,378,1,-1,-1,-1
745,-1,57,681,897,356,1,-1,-1,-1
746,-1,0,666,742,348,1,-1,-1,-1
747,-1,0,650,539,342,1,-1,-1,-1
754,-1,0,843,683,726,1,-1,-1,-1
755,-1,0,864,922,731,1,-1,-1,-1
756,-1,0,875,1164,747,1,-1,-1,-1
757,-1,0,860,1423,786,1,-1,-1,-1
758,-1,0,916,1697,750,1,-1,-1,-1
759,-1,118,933,1853,750,1,-1,-1,-1
760,-1,394,909,1855,788,1,-1,-1,-1
761,-1,681,950,1848,758,1,-1,-1,-1
762,-1,974,942,1586,778,1,-1,-1,-1
763,-1,1273,970,1287,728,1,-1,-1,-1
764,-1,1526,986,1034,712,1,-1,-1,-1
765,-1,1760,1016,800,685,1,-1,-1,-1
766,-1,1995,1044,565,669,1,-1,-1,-1
826,-1,865,542,114,58,1,-1,-1,-1
827,-1,892,540,94,62,1,-1,-1,-1
829,-1,946,541,117,65,1,-1,-1,-1
830,-1,969,541,124,67,1,-1,-1,-1
831,-1,1007,541,116,68,1,-1,-1,-1
832,-1,1011,541,141,69,1,-1,-1,-1
833,-1,1069,540,113,71,1,-1,-1,-1
834,-1,1093,540,119,71,1,-1,-1,-1
835,-1,1102,543,140,68,1,-1,-1,-1
836,-1,1133,540,139,71,1,-1,-1,-1
837,-1,1164,539,139,73,1,-1,-1,-1
838,-1,1195,539,117,74,1,-1,-1,-1
839,-1,1226,539,140,76,1,-1,-1,-1
840,-1,1257,538,140,78,1,-1,-1,-1
841,-1,1285,536,119,81,1,-1,-1,-1
843,-1,1383,555,84,65,1,-1,-1,-1
844,-1,1399,558,67,58,1,-1,-1,-1
874,-1,2400,512,137,166,1,-1,-1,-1
875,-1,2417,515,143,162,1,-1,-1,-1
950,-1,0,1065,511,623,1,-1,-1,-1
951,-1,0,1033,665,672,1,-1,-1,-1
952,-1,0,1031,828,691,1,-1,-1,-1
953,-1,0,1034,997,711,1,-1,-1,-1
954,-1,0,1048,1166,722,1,-1,-1,-1
955,-1,0,1066,1349,727,1,-1,-1,-1
956,-1,0,1088,1537,556,1,-1,-1,-1
957,-1,90,1101,1644,741,1,-1,-1,-1
958,-1,666,1575,1678,345,1,-1,-1,-1
958,-1,682,1153,1679,576,1,-1,-1,-1
959,-1,865,1589,1670,331,1,-1,-1,-1
959,-1,884,1162,1676,597,1,-1,-1,-1
960,-1,1066,1602,1494,318,1,-1,-1,-1
960,-1,1090,1190,1470,593,1,-1,-1,-1
961,-1,1254,1525,1176,395,1,-1,-1,-1
961,-1,1296,1210,1264,532,1,-1,-1,-1
962,-1,1457,1232,1103,688,1,-1,-1,-1
963,-1,1649,1445,762,475,1,-1,-1,-1
963,-1,1729,1255,831,482,1,-1,-1,-1
964,-1,1848,1488,651,432,1,-1,-1,-1
964,-1,1941,1284,619,462,1,-1,-1,-1
1086,-1,2159,802,401,445,1,-1,-1,-1
1087,-1,1988,770,572,470,1,-1,-1,-1
1088,-1,1815,754,745,486,1,-1,-1,-1
1089,-1,1638,740,922,500,1,-1,-1,-1
1090,-1,1457,726,1103,513,1,-1,-1,-1
1091,-1,1271,708,1259,516,1,-1,-1,-1
1092,-1,1085,695,1244,514,1,-1,-1,-1
1093,-1,898,683,1229,511,1,-1,-1,-1
1094,-1,715,673,1209,503,1,-1,-1,-1
1095,-1,537,654,1203,504,1,-1,-1,-1
1096,-1,367,641,1188,498,1,-1,-1,-1
1097,-1,201,628,1152,491,1,-1,-1,-1
1098,-1,39,616,1136,483,1,-1,-1,-1
1099,-1,0,609,1031,469,1,-1,-1,-1
1100,-1,0,595,845,462,1,-1,-1,-1
1101,-1,0,580,689,457,1,-1,-1,-1
1102,-1,0,570,535,448,1,-1,-1,-1
1103,-1,0,569,387,429,1,-1,-1,-1
1137,-1,2163,957,397,330,1,-1,-1,-1
1138,-1,1997,913,563,374,1,-1,-1,-1
1139,-1,1831,894,729,393,1,-1,-1,-1
1140,-1,1666,874,894,421,1,-1,-1,-1
1141,-1,1498,854,1057,417,1,-1,-1,-1
1142,-1,1329,834,1034,413,1,-1,-1,-1
1143,-1,1161,819,1011,404,1,-1,-1,-1
1144,-1,992,801,990,400,1,-1,-1,-1
1145,-1,823,785,972,392,1,-1,-1,-1
1146,-1,655,769,957,385,1,-1,-1,-1
1147,-1,489,752,944,380,1,-1,-1,-1
1148,-1,325,737,935,372,1,-1,-1,-1
1149,-1,164,724,926,364,1,-1,-1,-1
1150,-1,0,708,925,358,1,-1,-1,-1
1151,-1,0,695,763,351,1,-1,-1,-1
1152,-1,0,681,606,345,1,-1,-1,-1
1153,-1,0,669,453,338,1,-1,-1,-1
1154,-1,0,664,304,325,1,-1,-1,-1
1205,-1,2153,798,407,402,1,-1,-1,-1
1206,-1,2040,780,520,417,1,-1,-1,-1
1207,-1,1918,776,642,415,1,-1,-1,-1
1208,-1,1785,771,775,413,1,-1,-1,-1
1209,-1,1665,765,895,417,1,-1,-1,-1
1210,-1,1530,758,964,421,1,-1,-1,-1
1211,-1,1393,749,964,426,1,-1,-1,-1
1212,-1,1251,739,964,430,1,-1,-1,-1
1213,-1,1108,730,960,432,1,-1,-1,-1
1214,-1,965,719,952,433,1,-1,-1,-1
1215,-1,822,709,943,432,1,-1,-1,-1
1216,-1,681,698,932,431,1,-1,-1,-1
1217,-1,538,686,921,428,1,-1,-1,-1
1218,-1,395,670,913,430,1,-1,-1,-1
1219,-1,253,661,905,423,1,-1,-1,-1
1220,-1,113,651,918,418,1,-1,-1,-1
1221,-1,0,641,865,411,1,-1,-1,-1
1222,-1,0,631,723,404,1,-1,-1,-1
1223,-1,0,620,583,399,1,-1,-1,-1
1224,-1,0,610,445,393,1,-1,-1,-1
1225,-1,0,602,311,385,1,-1,-1,-1
1315,-1,0,893,865,789,1,-1,-1,-1
1316,-1,0,897,1180,833,1,-1,-1,-1
1317,-1,0,919,1504,857,1,-1,-1,-1
1318,-1,162,947,1710,866,1,-1,-1,-1
1319,-1,510,976,1735,870,1,-1,-1,-1
1320,-1,869,1006,1691,868,1,-1,-1,-1
1321,-1,1229,1034,1331,831,1,-1,-1,-1
1322,-1,1565,1058,995,807,1,-1,-1,-1
1323,-1,1892,1081,668,793,1,-1,-1,-1
1462,-1,1977,867,583,355,1,-1,-1,-1
1463,-1,1764,850,796,379,1,-1,-1,-1
1464,-1,1549,839,1011,384,1,-1,-1,-1
1465,-1,1336,826,1009,384,1,-1,-1,-1
1466,-1,1138,811,991,386,1,-1,-1,-1
1467,-1,934,796,988,388,1,-1,-1,-1
1468,-1,734,786,982,384,1,-1,-1,-1
1469,-1,532,772,982,386,1,-1,-1,-1
1470,-1,329,761,1002,384,1,-1,-1,-1
1471,-1,0,735,821,379,1,-1,-1,-1
1472,-1,0,729,669,378,1,-1,-1,-1
1473,-1,0,725,508,377,1,-1,-1,-1
1542,-1,226,546,52,63,1,-1,-1,-1
1543,-1,226,546,58,63,1,-1,-1,-1
1544,-1,226,546,72,63,1,-1,-1,-1
1545,-1,240,546,75,65,1,-1,-1,-1
1548,-1,297,546,74,72,1,-1,-1,-1
1549,-1,298,546,76,71,1,-1,-1,-1
1550,-1,316,546,58,72,1,-1,-1,-1
1552,-1,356,545,63,74,1,-1,-1,-1
1553,-1,357,545,88,76,1,-1,-1,-1
1554,-1,358,545,93,77,1,-1,-1,-1
1555,-1,375,545,76,77,1,-1,-1,-1
1558,-1,424,545,83,83,1,-1,-1,-1
1559,-1,427,545,80,83,1,-1,-1,-1
1562,-1,487,544,75,86,1,-1,-1,-1
1563,-1,489,544,92,88,1,-1,-1,-1
1564,-1,493,544,82,88,1,-1,-1,-1
1568,-1,558,544,80,94,1,-1,-1,-1
1569,-1,565,544,77,95,1,-1,-1,-1
1573,-1,625,543,91,97,1,-1,-1,-1
1574,-1,632,542,82,100,1,-1,-1,-1
1577,-1,687,543,82,101,1,-1,-1,-1
1578,-1,697,543,82,101,1,-1,-1,-1
1687,-1,0,918,952,632,1,-1,-1,-1
1688,-1,0,980,1330,621,1,-1,-1,-1
1691,-1,1156,1070,1404,642,1,-1,-1,-1
1692,-1,1573,1081,987,602,1,-1,-1,-1
1839,-1,0,907,755,740,1,-1,-1,-1
1840,-1,0,905,1157,800,1,-1,-1,-1
1841,-1,68,938,1541,819,1,-1,-1,-1
1843,-1,1013,1012,1547,822,1,-1,-1,-1
1844,-1,1480,1047,1080,754,1,-1,-1,-1
1887,-1,1636,472,143,86,1,-1,-1,-1
1887,-1,1673,401,92,72,1,-1,-1,-1
1888,-1,1636,472,145,117,1,-1,-1,-1
1888,-1,1558,409,56,70,1,-1,-1,-1
1888,-1,1656,401,110,72,1,-1,-1,-1
1889,-1,1558,409,57,71,1,-1,-1,-1
1889,-1,1630,401,153,189,1,-1,-1,-1
1890,-1,1592,401,192,190,1,-1,-1,-1
1891,-1,1591,400,196,193,1,-1,-1,-1
1892,-1,1538,400,251,194,1,-1,-1,-1
1893,-1,1539,400,252,195,1,-1,-1,-1
1894,-1,1539,400,254,197,1,-1,-1,-1
1895,-1,1539,400,258,198,1,-1,-1,-1
1896,-1,1539,400,261,199,1,-1,-1,-1
1897,-1,1539,400,264,201,1,-1,-1,-1
1898,-1,1539,400,268,203,1,-1,-1,-1
1899,-1,1539,400,272,204,1,-1,-1,-1
1900,-1,1539,400,275,206,1,-1,-1,-1
1901,-1,1539,400,282,208,1,-1,-1,-1
1902,-1,1539,400,288,210,1,-1,-1,-1
1903,-1,1539,400,293,212,1,-1,-1,-1
1904,-1,1539,400,302,214,1,-1,-1,-1
1905,-1,1539,400,308,216,1,-1,-1,-1
1906,-1,1541,402,311,216,1,-1,-1,-1
1907,-1,1541,403,322,218,1,-1,-1,-1
1908,-1,1541,403,332,221,1,-1,-1,-1
1909,-1,1541,403,346,223,1,-1,-1,-1
1910,-1,1541,403,360,226,1,-1,-1,-1
1911,-1,1541,403,371,229,1,-1,-1,-1
1912,-1,1544,368,383,267,1,-1,-1,-1
1913,-1,1545,368,396,270,1,-1,-1,-1
1914,-1,1545,368,412,274,1,-1,-1,-1
1915,-1,1545,368,425,276,1,-1,-1,-1
1916,-1,1545,368,424,280,1,-1,-1,-1
1917,-1,1545,368,460,283,1,-1,-1,-1
1918,-1,1545,368,458,285,1,-1,-1,-1
1919,-1,1545,368,475,289,1,-1,-1,-1
1920,-1,1545,369,493,291,1,-1,-1,-1
1921,-1,1545,369,512,294,1,-1,-1,-1
1922,-1,1545,369,530,297,1,-1,-1,-1
1923,-1,1546,369,548,300,1,-1,-1,-1
1924,-1,1546,369,567,302,1,-1,-1,-1
1925,-1,1546,370,586,304,1,-1,-1,-1
1926,-1,1546,371,606,306,1,-1,-1,-1
1927,-1,1546,372,626,308,1,-1,-1,-1
1928,-1,1548,373,663,309,1,-1,-1,-1
1929,-1,1757,422,478,263,1,-1,-1,-1
1929,-1,1548,373,226,214,1,-1,-1,-1
1930,-1,1777,422,478,265,1,-1,-1,-1
1930,-1,1548,374,226,212,1,-1,-1,-1
1931,-1,1797,426,460,263,1,-1,-1,-1
1931,-1,1548,374,226,212,1,-1,-1,-1
1932,-1,1819,427,460,264,1,-1,-1,-1
1932,-1,1549,377,225,209,1,-1,-1,-1
1933,-1,1841,431,461,262,1,-1,-1,-1
1933,-1,1551,379,223,207,1,-1,-1,-1
1934,-1,1865,430,459,266,1,-1,-1,-1
1934,-1,1552,380,222,206,1,-1,-1,-1
1935,-1,1889,437,458,261,1,-1,-1,-1
1935,-1,1552,381,222,205,1,-1,-1,-1
1936,-1,1911,438,462,262,1,-1,-1,-1
1936,-1,1557,381,217,205,1,-1,-1,-1
1937,-1,1935,440,466,263,1,-1,-1,-1
1937,-1,1560,382,214,204,1,-1,-1,-1
1938,-1,1959,442,470,262,1,-1,-1,-1
1938,-1,1560,382,214,204,1,-1,-1,-1
1939,-1,1984,443,474,263,1,-1,-1,-1
1939,-1,1560,384,214,202,1,-1,-1,-1
1940,-1,2009,445,477,263,1,-1,-1,-1
1940,-1,1571,385,203,201,1,-1,-1,-1
1941,-1,2032,447,482,264,1,-1,-1,-1
1941,-1,1571,387,203,199,1,-1,-1,-1
1942,-1,2058,451,484,263,1,-1,-1,-1
1942,-1,1572,389,202,197,1,-1,-1,-1
1943,-1,2081,451,479,267,1,-1,-1,-1
1943,-1,1572,391,202,195,1,-1,-1,-1
1944,-1,2105,454,455,266,1,-1,-1,-1
1944,-1,1572,394,202,192,1,-1,-1,-1
1945,-1,2129,454,431,266,1,-1,-1,-1
1945,-1,1574,396,200,190,1,-1,-1,-1
1946,-1,2153,455,407,269,1,-1,-1,-1
1946,-1,1578,396,196,190,1,-1,-1,-1
1947,-1,2177,458,383,267,1,-1,-1,-1
1947,-1,1578,396,196,190,1,-1,-1,-1
1948,-1,2201,458,359,264,1,-1,-1,-1
1948,-1,1578,396,196,190,1,-1,-1,-1
1949,-1,1580,481,194,105,1,-1,-1,-1
1949,-1,2224,465,336,259,1,-1,-1,-1
1949,-1,1601,396,146,80,1,-1,-1,-1
1950,-1,1589,481,185,105,1,-1,-1,-1
1950,-1,2247,467,313,260,1,-1,-1,-1
1950,-1,1602,396,145,75,1,-1,-1,-1
1951,-1,1597,481,177,105,1,-1,-1,-1
1951,-1,2270,467,290,260,1,-1,-1,-1
1951,-1,1608,396,139,75,1,-1,-1,-1
1952,-1,1599,481,175,105,1,-1,-1,-1
1952,-1,2292,467,268,261,1,-1,-1,-1
1952,-1,1612,396,135,75,1,-1,-1,-1
1953,-1,1607,481,167,105,1,-1,-1,-1
1953,-1,2314,470,246,258,1,-1,-1,-1
1953,-1,1616,396,131,75,1,-1,-1,-1
1954,-1,1621,481,153,105,1,-1,-1,-1
1954,-1,2338,473,222,255,1,-1,-1,-1
1954,-1,1629,403,118,68,1,-1,-1,-1
1955,-1,1633,482,141,104,1,-1,-1,-1
1955,-1,1635,406,112,65,1,-1,-1,-1
1956,-1,1633,482,141,104,1,-1,-1,-1
1956,-1,1643,407,104,64,1,-1,-1,-1
1957,-1,1673,482,101,69,1,-1,-1,-1
1957,-1,1652,409,95,62,1,-1,-1,-1
1958,-1,1673,482,101,69,1,-1,-1,-1
1958,-1,1661,411,86,60,1,-1,-1,-1
1959,-1,1673,482,101,69,1,-1,-1,-1
1960,-1,1700,487,72,64,1,-1,-1,-1
2121,-1,2163,850,397,376,1,-1,-1,-1
2122,-1,2007,807,553,403,1,-1,-1,-1
2123,-1,1849,788,711,412,1,-1,-1,-1
2124,-1,1688,776,872,448,1,-1,-1,-1
2125,-1,1520,759,1020,452,1,-1,-1,-1
2126,-1,1349,744,999,449,1,-1,-1,-1
2127,-1,1183,729,977,449,1,-1,-1,-1
2128,-1,993,714,981,446,1,-1,-1,-1
2129,-1,833,700,955,445,1,-1,-1,-1
2130,-1,665,685,939,442,1,-1,-1,-1
2131,-1,489,671,952,437,1,-1,-1,-1
2132,-1,332,658,961,432,1,-1,-1,-1
2133,-1,173,648,971,423,1,-1,-1,-1
2134,-1,21,633,976,419,1,-1,-1,-1
2135,-1,0,625,859,409,1,-1,-1,-1
2136,-1,0,611,724,405,1,-1,-1,-1
2137,-1,0,601,593,397,1,-1,-1,-1
2138,-1,0,594,465,386,1,-1,-1,-1
2312,-1,0,1030,779,693,1,-1,-1,-1
2313,-1,0,1052,1155,728,1,-1,-1,-1
2362,-1,2071,835,489,336,1,-1,-1,-1
2363,-1,1820,818,740,360,1,-1,-1,-1
2364,-1,1563,798,954,367,1,-1,-1,-1
2370,-1,0,683,947,347,1,-1,-1,-1
2371,-1,0,665,720,341,1,-1,-1,-1
2372,-1,0,649,503,334,1,-1,-1,-1
