211,-1,1151,1017,289,63,1,-1,-1,-1
212,-1,1131,1001,379,79,1,-1,-1,-1
213,-1,1123,955,385,125,1,-1,-1,-1
214,-1,1113,910,392,170,1,-1,-1,-1
215,-1,1118,881,381,199,1,-1,-1,-1
216,-1,1122,843,369,237,1,-1,-1,-1
217,-1,1124,806,359,274,1,-1,-1,-1
219,-1,1113,745,351,304,1,-1,-1,-1
220,-1,1113,685,341,326,1,-1,-1,-1
221,-1,1103,658,340,318,1,-1,-1,-1
222,-1,1102,633,329,308,1,-1,-1,-1
223,-1,1098,630,321,278,1,-1,-1,-1
224,-1,1097,593,309,284,1,-1,-1,-1
225,-1,1081,592,311,257,1,-1,-1,-1
226,-1,1081,561,295,261,1,-1,-1,-1
227,-1,1057,542,303,254,1,-1,-1,-1
228,-1,1058,537,286,235,1,-1,-1,-1
229,-1,1043,521,284,229,1,-1,-1,-1
230,-1,1031,479,279,247,1,-1,-1,-1
231,-1,1020,483,275,222,1,-1,-1,-1
232,-1,1005,471,274,213,1,-1,-1,-1
233,-1,997,455,267,210,1,-1,-1,-1
234,-1,993,442,256,204,1,-1,-1,-1
235,-1,979,420,256,208,1,-1,-1,-1
236,-1,959,409,264,201,1,-1,-1,-1
237,-1,961,401,250,192,1,-1,-1,-1
238,-1,935,389,264,189,1,-1,-1,-1
239,-1,951,378,238,185,1,-1,-1,-1
240,-1,943,365,235,184,1,-1,-1,-1
241,-1,914,358,256,177,1,-1,-1,-1
242,-1,913,346,249,176,1,-1,-1,-1
243,-1,909,337,246,172,1,-1,-1,-1
244,-1,910,329,238,169,1,-1,-1,-1
245,-1,910,321,232,166,1,-1,-1,-1
246,-1,899,310,237,166,1,-1,-1,-1
247,-1,910,305,221,161,1,-1,-1,-1
248,-1,898,296,228,160,1,-1,-1,-1
249,-1,897,281,224,166,1,-1,-1,-1
250,-1,897,279,219,159,1,-1,-1,-1
251,-1,897,279,215,151,1,-1,-1,-1
252,-1,897,272,211,150,1,-1,-1,-1
253,-1,893,268,211,147,1,-1,-1,-1
254,-1,893,268,207,139,1,-1,-1,-1
255,-1,897,263,199,137,1,-1,-1,-1
256,-1,898,252,193,141,1,-1,-1,-1
257,-1,897,245,190,141,1,-1,-1,-1
258,-1,896,243,186,136,1,-1,-1,-1
259,-1,896,241,182,132,1,-1,-1,-1
260,-1,893,234,181,133,1,-1,-1,-1
261,-1,891,230,179,130,1,-1,-1,-1
262,-1,889,224,176,130,1,-1,-1,-1
263,-1,889,221,172,126,1,-1,-1,-1
264,-1,877,216,180,125,1,-1,-1,-1
265,-1,877,214,176,121,1,-1,-1,-1
266,-1,874,209,175,121,1,-1,-1,-1
267,-1,873,204,173,120,1,-1,-1,-1
268,-1,873,201,169,118,1,-1,-1,-1
269,-1,867,203,172,110,1,-1,-1,-1
270,-1,867,193,169,115,1,-1,-1,-1
271,-1,864,192,169,111,1,-1,-1,-1
272,-1,853,186,178,112,1,-1,-1,-1
273,-1,854,185,174,108,1,-1,-1,-1
274,-1,850,181,176,108,1,-1,-1,-1
275,-1,857,177,167,107,1,-1,-1,-1
276,-1,860,176,161,104,1,-1,-1,-1
277,-1,853,171,166,105,1,-1,-1,-1
278,-1,860,169,157,104,1,-1,-1,-1
279,-1,849,172,166,98,1,-1,-1,-1
280,-1,850,168,163,98,1,-1,-1,-1
281,-1,847,163,164,100,1,-1,-1,-1
282,-1,848,162,162,98,1,-1,-1,-1
283,-1,853,164,155,92,1,-1,-1,-1
284,-1,853,157,153,95,1,-1,-1,-1
285,-1,842,153,162,95,1,-1,-1,-1
286,-1,849,154,153,90,1,-1,-1,-1
287,-1,855,149,145,92,1,-1,-1,-1
288,-1,853,151,145,87,1,-1,-1,-1
289,-1,847,145,149,90,1,-1,-1,-1
290,-1,860,145,134,87,1,-1,-1,-1
291,-1,852,142,140,88,1,-1,-1,-1
292,-1,855,138,135,89,1,-1,-1,-1
293,-1,849,134,138,93,1,-1,-1,-1
294,-1,857,133,128,88,1,-1,-1,-1
295,-1,847,129,137,89,1,-1,-1,-1
296,-1,849,127,132,89,1,-1,-1,-1
297,-1,858,122,121,91,1,-1,-1,-1
298,-1,856,122,122,88,1,-1,-1,-1
299,-1,854,121,121,87,1,-1,-1,-1
300,-1,862,122,111,83,1,-1,-1,-1
301,-1,857,121,115,82,1,-1,-1,-1
302,-1,868,118,102,82,1,-1,-1,-1
303,-1,868,113,101,85,1,-1,-1,-1
304,-1,870,116,96,82,1,-1,-1,-1
305,-1,869,113,93,81,1,-1,-1,-1
306,-1,867,113,94,80,1,-1,-1,-1
307,-1,866,110,93,80,1,-1,-1,-1
308,-1,865,106,93,79,1,-1,-1,-1
309,-1,865,105,90,77,1,-1,-1,-1
310,-1,864,105,89,75,1,-1,-1,-1
311,-1,863,104,89,74,1,-1,-1,-1
312,-1,862,100,89,76,1,-1,-1,-1
313,-1,862,99,88,75,1,-1,-1,-1
314,-1,858,97,90,75,1,-1,-1,-1
315,-1,857,97,90,73,1,-1,-1,-1
316,-1,856,97,89,74,1,-1,-1,-1
317,-1,856,97,88,72,1,-1,-1,-1
318,-1,855,94,88,71,1,-1,-1,-1
319,-1,855,97,86,67,1,-1,-1,-1
320,-1,854,95,87,67,1,-1,-1,-1
321,-1,854,94,87,67,1,-1,-1,-1
322,-1,855,90,85,69,1,-1,-1,-1
323,-1,854,91,82,70,1,-1,-1,-1
324,-1,853,91,82,66,1,-1,-1,-1
325,-1,854,90,81,65,1,-1,-1,-1
326,-1,853,89,80,63,1,-1,-1,-1
327,-1,850,88,82,63,1,-1,-1,-1
328,-1,850,88,79,65,1,-1,-1,-1
329,-1,850,88,78,64,1,-1,-1,-1
330,-1,849,89,78,60,1,-1,-1,-1
331,-1,848,88,77,60,1,-1,-1,-1
332,-1,845,86,79,61,1,-1,-1,-1
333,-1,844,86,78,62,1,-1,-1,-1
334,-1,844,87,77,60,1,-1,-1,-1
335,-1,842,87,77,60,1,-1,-1,-1
336,-1,840,86,77,60,1,-1,-1,-1
337,-1,839,86,74,60,1,-1,-1,-1
338,-1,837,86,74,60,1,-1,-1,-1
339,-1,836,87,74,58,1,-1,-1,-1
340,-1,832,87,73,58,1,-1,-1,-1
341,-1,831,89,71,56,1,-1,-1,-1
342,-1,826,89,71,56,1,-1,-1,-1
343,-1,824,91,66,54,1,-1,-1,-1
344,-1,808,92,78,53,1,-1,-1,-1
345,-1,802,94,81,51,1,-1,-1,-1
346,-1,797,94,86,51,1,-1,-1,-1
347,-1,792,95,90,50,1,-1,-1,-1
348,-1,786,94,95,52,1,-1,-1,-1
349,-1,781,95,99,51,1,-1,-1,-1
350,-1,775,95,104,51,1,-1,-1,-1
398,-1,712,95,77,50,1,-1,-1,-1
399,-1,674,91,116,54,1,-1,-1,-1
400,-1,713,88,78,56,1,-1,-1,-1
401,-1,674,86,117,58,1,-1,-1,-1
402,-1,676,84,116,60,1,-1,-1,-1
403,-1,1535,153,55,61,1,-1,-1,-1
403,-1,675,82,118,62,1,-1,-1,-1
404,-1,1521,158,69,62,1,-1,-1,-1
404,-1,676,79,117,65,1,-1,-1,-1
405,-1,1507,158,83,68,1,-1,-1,-1
405,-1,676,77,118,67,1,-1,-1,-1
406,-1,677,75,118,69,1,-1,-1,-1
407,-1,1482,111,103,125,1,-1,-1,-1
407,-1,677,74,118,70,1,-1,-1,-1
408,-1,1463,113,122,131,1,-1,-1,-1
408,-1,678,73,118,71,1,-1,-1,-1
409,-1,1457,115,128,131,1,-1,-1,-1
409,-1,678,71,118,74,1,-1,-1,-1
410,-1,1443,114,143,136,1,-1,-1,-1
410,-1,701,70,95,75,1,-1,-1,-1
411,-1,1433,116,153,135,1,-1,-1,-1
411,-1,701,69,96,76,1,-1,-1,-1
412,-1,1422,119,165,135,1,-1,-1,-1
412,-1,719,90,78,56,1,-1,-1,-1
413,-1,1411,122,176,134,1,-1,-1,-1
413,-1,719,89,78,57,1,-1,-1,-1
414,-1,1367,125,220,136,1,-1,-1,-1
414,-1,681,88,116,58,1,-1,-1,-1
415,-1,1366,126,221,136,1,-1,-1,-1
415,-1,719,65,78,82,1,-1,-1,-1
416,-1,1366,133,221,129,1,-1,-1,-1
416,-1,720,64,80,83,1,-1,-1,-1
417,-1,1366,132,220,131,1,-1,-1,-1
417,-1,720,63,87,85,1,-1,-1,-1
418,-1,1365,136,220,127,1,-1,-1,-1
418,-1,719,63,99,86,1,-1,-1,-1
419,-1,1360,137,225,128,1,-1,-1,-1
419,-1,720,63,105,86,1,-1,-1,-1
420,-1,1360,139,225,127,1,-1,-1,-1
421,-1,1360,140,225,126,1,-1,-1,-1
422,-1,1360,141,218,125,1,-1,-1,-1
422,-1,721,101,80,55,1,-1,-1,-1
423,-1,1360,143,214,124,1,-1,-1,-1
423,-1,721,101,80,55,1,-1,-1,-1
424,-1,1360,146,210,120,1,-1,-1,-1
424,-1,722,102,80,56,1,-1,-1,-1
425,-1,1360,147,207,119,1,-1,-1,-1
425,-1,721,101,82,57,1,-1,-1,-1
426,-1,1360,145,207,121,1,-1,-1,-1
426,-1,722,101,81,58,1,-1,-1,-1
427,-1,1360,145,204,122,1,-1,-1,-1
427,-1,722,102,81,55,1,-1,-1,-1
428,-1,1360,145,199,122,1,-1,-1,-1
428,-1,722,100,82,62,1,-1,-1,-1
429,-1,1360,146,199,121,1,-1,-1,-1
429,-1,690,98,114,64,1,-1,-1,-1
430,-1,1360,146,198,121,1,-1,-1,-1
430,-1,692,99,113,64,1,-1,-1,-1
431,-1,1360,146,196,121,1,-1,-1,-1
431,-1,693,100,112,62,1,-1,-1,-1
432,-1,1360,148,196,120,1,-1,-1,-1
432,-1,706,102,99,65,1,-1,-1,-1
433,-1,1360,148,196,120,1,-1,-1,-1
433,-1,699,103,106,67,1,-1,-1,-1
434,-1,1360,148,196,120,1,-1,-1,-1
434,-1,696,104,108,66,1,-1,-1,-1
435,-1,1360,148,196,120,1,-1,-1,-1
435,-1,718,104,86,68,1,-1,-1,-1
436,-1,1360,148,196,120,1,-1,-1,-1
436,-1,717,105,86,68,1,-1,-1,-1
437,-1,1360,149,196,119,1,-1,-1,-1
437,-1,716,106,87,69,1,-1,-1,-1
438,-1,1360,149,196,119,1,-1,-1,-1
438,-1,715,106,88,70,1,-1,-1,-1
439,-1,1360,149,196,119,1,-1,-1,-1
439,-1,714,106,88,71,1,-1,-1,-1
440,-1,1360,149,196,119,1,-1,-1,-1
440,-1,713,108,88,71,1,-1,-1,-1
441,-1,1362,149,194,119,1,-1,-1,-1
441,-1,712,109,89,71,1,-1,-1,-1
442,-1,1361,149,195,119,1,-1,-1,-1
442,-1,711,110,90,72,1,-1,-1,-1
443,-1,1361,149,195,119,1,-1,-1,-1
443,-1,709,123,93,62,1,-1,-1,-1
444,-1,1362,149,194,119,1,-1,-1,-1
444,-1,705,98,97,87,1,-1,-1,-1
445,-1,1362,149,194,119,1,-1,-1,-1
445,-1,706,125,96,63,1,-1,-1,-1
446,-1,1362,149,194,119,1,-1,-1,-1
446,-1,705,125,92,64,1,-1,-1,-1
447,-1,1362,149,194,119,1,-1,-1,-1
447,-1,704,125,93,66,1,-1,-1,-1
448,-1,1363,149,193,119,1,-1,-1,-1
448,-1,703,127,93,66,1,-1,-1,-1
449,-1,1363,149,193,119,1,-1,-1,-1
449,-1,699,125,96,70,1,-1,-1,-1
450,-1,1363,149,193,119,1,-1,-1,-1
450,-1,698,125,97,72,1,-1,-1,-1
451,-1,1363,149,193,119,1,-1,-1,-1
451,-1,693,127,101,72,1,-1,-1,-1
452,-1,1363,149,193,119,1,-1,-1,-1
452,-1,695,127,99,74,1,-1,-1,-1
453,-1,1363,149,193,118,1,-1,-1,-1
453,-1,694,101,99,99,1,-1,-1,-1
454,-1,1363,149,193,118,1,-1,-1,-1
454,-1,691,137,102,65,1,-1,-1,-1
455,-1,1363,171,151,97,1,-1,-1,-1
455,-1,692,96,100,109,1,-1,-1,-1
456,-1,1363,174,134,94,1,-1,-1,-1
456,-1,691,97,101,110,1,-1,-1,-1
457,-1,1363,174,129,79,1,-1,-1,-1
457,-1,689,99,102,110,1,-1,-1,-1
458,-1,1363,176,122,77,1,-1,-1,-1
458,-1,688,96,103,115,1,-1,-1,-1
459,-1,1363,195,114,59,1,-1,-1,-1
459,-1,671,98,120,116,1,-1,-1,-1
460,-1,1363,196,108,57,1,-1,-1,-1
460,-1,664,99,126,117,1,-1,-1,-1
461,-1,1363,196,103,58,1,-1,-1,-1
461,-1,683,145,107,76,1,-1,-1,-1
462,-1,1393,197,68,57,1,-1,-1,-1
462,-1,686,145,104,76,1,-1,-1,-1
463,-1,1399,198,58,56,1,-1,-1,-1
463,-1,663,146,127,80,1,-1,-1,-1
464,-1,673,146,117,80,1,-1,-1,-1
465,-1,656,148,135,80,1,-1,-1,-1
466,-1,651,149,140,82,1,-1,-1,-1
467,-1,654,151,137,82,1,-1,-1,-1
468,-1,659,153,132,83,1,-1,-1,-1
469,-1,649,156,142,84,1,-1,-1,-1
470,-1,643,157,149,84,1,-1,-1,-1
470,-1,701,97,90,58,1,-1,-1,-1
471,-1,643,158,149,85,1,-1,-1,-1
471,-1,701,97,90,59,1,-1,-1,-1
472,-1,643,161,149,87,1,-1,-1,-1
472,-1,710,97,81,54,1,-1,-1,-1
473,-1,643,162,150,88,1,-1,-1,-1
473,-1,707,101,86,70,1,-1,-1,-1
474,-1,638,163,155,90,1,-1,-1,-1
474,-1,709,101,83,52,1,-1,-1,-1
475,-1,635,165,158,90,1,-1,-1,-1
475,-1,707,100,88,54,1,-1,-1,-1
476,-1,636,167,157,92,1,-1,-1,-1
476,-1,709,98,85,56,1,-1,-1,-1
477,-1,638,171,156,90,1,-1,-1,-1
477,-1,707,99,87,57,1,-1,-1,-1
478,-1,638,172,156,92,1,-1,-1,-1
478,-1,707,102,88,56,1,-1,-1,-1
479,-1,630,174,165,93,1,-1,-1,-1
479,-1,706,103,92,56,1,-1,-1,-1
480,-1,638,178,157,93,1,-1,-1,-1
480,-1,706,103,93,57,1,-1,-1,-1
481,-1,633,179,162,95,1,-1,-1,-1
481,-1,708,104,89,58,1,-1,-1,-1
482,-1,633,183,163,94,1,-1,-1,-1
482,-1,705,105,92,59,1,-1,-1,-1
483,-1,632,186,164,95,1,-1,-1,-1
483,-1,706,108,94,57,1,-1,-1,-1
484,-1,630,188,167,96,1,-1,-1,-1
484,-1,707,105,94,62,1,-1,-1,-1
485,-1,630,190,167,97,1,-1,-1,-1
485,-1,709,105,90,63,1,-1,-1,-1
486,-1,635,188,162,103,1,-1,-1,-1
487,-1,630,190,168,105,1,-1,-1,-1
487,-1,708,109,92,63,1,-1,-1,-1
488,-1,625,192,173,104,1,-1,-1,-1
488,-1,708,110,95,63,1,-1,-1,-1
489,-1,632,194,166,107,1,-1,-1,-1
489,-1,707,112,95,63,1,-1,-1,-1
490,-1,623,197,176,108,1,-1,-1,-1
490,-1,706,110,91,67,1,-1,-1,-1
491,-1,625,200,174,107,1,-1,-1,-1
491,-1,706,125,92,53,1,-1,-1,-1
492,-1,627,202,173,109,1,-1,-1,-1
492,-1,705,126,92,54,1,-1,-1,-1
493,-1,621,205,179,110,1,-1,-1,-1
493,-1,704,126,93,56,1,-1,-1,-1
494,-1,620,209,182,111,1,-1,-1,-1
494,-1,701,121,96,63,1,-1,-1,-1
495,-1,622,214,180,109,1,-1,-1,-1
495,-1,702,125,95,61,1,-1,-1,-1
496,-1,623,216,180,112,1,-1,-1,-1
496,-1,701,125,95,63,1,-1,-1,-1
497,-1,625,223,178,110,1,-1,-1,-1
497,-1,689,126,108,64,1,-1,-1,-1
498,-1,624,223,179,114,1,-1,-1,-1
498,-1,698,126,98,66,1,-1,-1,-1
499,-1,625,226,178,115,1,-1,-1,-1
499,-1,677,126,120,69,1,-1,-1,-1
500,-1,624,230,180,116,1,-1,-1,-1
500,-1,666,124,134,73,1,-1,-1,-1
501,-1,625,236,180,115,1,-1,-1,-1
501,-1,673,125,122,75,1,-1,-1,-1
502,-1,626,239,180,119,1,-1,-1,-1
502,-1,664,127,135,75,1,-1,-1,-1
503,-1,624,241,184,120,1,-1,-1,-1
503,-1,671,132,123,72,1,-1,-1,-1
504,-1,623,249,185,116,1,-1,-1,-1
504,-1,670,133,128,74,1,-1,-1,-1
505,-1,617,250,192,120,1,-1,-1,-1
505,-1,661,135,132,75,1,-1,-1,-1
506,-1,617,255,193,119,1,-1,-1,-1
506,-1,657,138,134,75,1,-1,-1,-1
507,-1,610,259,200,119,1,-1,-1,-1
507,-1,653,138,138,77,1,-1,-1,-1
508,-1,623,262,186,120,1,-1,-1,-1
508,-1,644,140,146,77,1,-1,-1,-1
509,-1,621,265,188,121,1,-1,-1,-1
509,-1,642,143,148,77,1,-1,-1,-1
510,-1,616,267,193,123,1,-1,-1,-1
510,-1,641,145,149,78,1,-1,-1,-1
511,-1,614,271,203,124,1,-1,-1,-1
511,-1,641,147,147,78,1,-1,-1,-1
512,-1,606,274,206,125,1,-1,-1,-1
512,-1,644,148,144,80,1,-1,-1,-1
513,-1,605,275,208,130,1,-1,-1,-1
513,-1,638,150,150,81,1,-1,-1,-1
514,-1,598,283,217,127,1,-1,-1,-1
514,-1,637,152,151,81,1,-1,-1,-1
515,-1,599,287,223,129,1,-1,-1,-1
515,-1,643,153,145,83,1,-1,-1,-1
516,-1,597,289,226,133,1,-1,-1,-1
516,-1,639,156,149,82,1,-1,-1,-1
517,-1,601,296,216,133,1,-1,-1,-1
517,-1,633,158,155,84,1,-1,-1,-1
518,-1,599,298,227,138,1,-1,-1,-1
518,-1,633,161,155,84,1,-1,-1,-1
519,-1,584,304,243,139,1,-1,-1,-1
519,-1,632,162,163,86,1,-1,-1,-1
520,-1,599,309,228,142,1,-1,-1,-1
520,-1,631,164,166,87,1,-1,-1,-1
521,-1,595,305,228,154,1,-1,-1,-1
521,-1,629,166,167,88,1,-1,-1,-1
522,-1,591,316,238,152,1,-1,-1,-1
522,-1,631,168,166,91,1,-1,-1,-1
523,-1,597,324,233,154,1,-1,-1,-1
523,-1,622,171,169,90,1,-1,-1,-1
524,-1,594,331,236,156,1,-1,-1,-1
524,-1,626,174,166,91,1,-1,-1,-1
525,-1,584,340,246,157,1,-1,-1,-1
525,-1,625,177,168,92,1,-1,-1,-1
526,-1,587,348,241,159,1,-1,-1,-1
526,-1,625,180,168,93,1,-1,-1,-1
527,-1,591,356,240,163,1,-1,-1,-1
527,-1,623,183,171,93,1,-1,-1,-1
528,-1,585,328,247,202,1,-1,-1,-1
528,-1,623,185,179,95,1,-1,-1,-1
529,-1,577,335,255,207,1,-1,-1,-1
529,-1,623,188,180,95,1,-1,-1,-1
530,-1,587,345,242,209,1,-1,-1,-1
530,-1,624,191,179,95,1,-1,-1,-1
531,-1,582,360,250,205,1,-1,-1,-1
531,-1,624,193,180,96,1,-1,-1,-1
532,-1,580,363,252,213,1,-1,-1,-1
532,-1,629,195,177,98,1,-1,-1,-1
533,-1,577,372,256,217,1,-1,-1,-1
533,-1,627,197,180,100,1,-1,-1,-1
534,-1,569,380,255,222,1,-1,-1,-1
534,-1,618,198,190,103,1,-1,-1,-1
534,-1,1376,183,76,74,1,-1,-1,-1
535,-1,568,412,256,204,1,-1,-1,-1
535,-1,621,201,188,104,1,-1,-1,-1
535,-1,1370,177,81,81,1,-1,-1,-1
536,-1,565,398,261,231,1,-1,-1,-1
536,-1,626,205,184,104,1,-1,-1,-1
536,-1,1366,178,85,80,1,-1,-1,-1
537,-1,557,413,277,229,1,-1,-1,-1
537,-1,621,209,191,104,1,-1,-1,-1
537,-1,1364,183,87,75,1,-1,-1,-1
538,-1,560,423,271,234,1,-1,-1,-1
538,-1,621,212,192,105,1,-1,-1,-1
538,-1,1364,190,81,69,1,-1,-1,-1
539,-1,554,433,270,238,1,-1,-1,-1
539,-1,621,215,193,106,1,-1,-1,-1
539,-1,1363,181,81,79,1,-1,-1,-1
540,-1,551,441,272,246,1,-1,-1,-1
540,-1,622,218,193,108,1,-1,-1,-1
540,-1,1364,182,84,78,1,-1,-1,-1
541,-1,555,479,269,224,1,-1,-1,-1
541,-1,625,222,192,109,1,-1,-1,-1
541,-1,1366,179,86,83,1,-1,-1,-1
541,-1,1257,169,84,105,1,-1,-1,-1
542,-1,543,464,288,256,1,-1,-1,-1
542,-1,623,225,195,111,1,-1,-1,-1
542,-1,1247,167,94,111,1,-1,-1,-1
542,-1,1364,161,102,99,1,-1,-1,-1
543,-1,531,481,291,257,1,-1,-1,-1
543,-1,623,229,197,112,1,-1,-1,-1
543,-1,1235,166,105,110,1,-1,-1,-1
543,-1,1364,160,113,102,1,-1,-1,-1
544,-1,529,490,290,267,1,-1,-1,-1
544,-1,623,227,199,118,1,-1,-1,-1
544,-1,1226,165,114,116,1,-1,-1,-1
544,-1,1364,160,108,99,1,-1,-1,-1
545,-1,525,503,290,274,1,-1,-1,-1
545,-1,625,231,199,120,1,-1,-1,-1
545,-1,1364,182,90,78,1,-1,-1,-1
545,-1,1215,165,126,115,1,-1,-1,-1
546,-1,528,518,284,280,1,-1,-1,-1
546,-1,629,234,197,122,1,-1,-1,-1
546,-1,1364,166,87,93,1,-1,-1,-1
546,-1,1202,165,139,116,1,-1,-1,-1
547,-1,513,533,299,287,1,-1,-1,-1
547,-1,628,244,200,117,1,-1,-1,-1
547,-1,1190,165,151,117,1,-1,-1,-1
548,-1,506,549,302,294,1,-1,-1,-1
548,-1,627,246,202,120,1,-1,-1,-1
548,-1,1177,166,163,115,1,-1,-1,-1
549,-1,497,566,306,301,1,-1,-1,-1
549,-1,630,252,201,119,1,-1,-1,-1
549,-1,1164,167,176,115,1,-1,-1,-1
550,-1,484,585,314,308,1,-1,-1,-1
550,-1,625,250,208,126,1,-1,-1,-1
550,-1,1149,168,191,118,1,-1,-1,-1
551,-1,470,603,317,316,1,-1,-1,-1
551,-1,625,254,209,126,1,-1,-1,-1
551,-1,1135,169,206,119,1,-1,-1,-1
552,-1,451,622,328,324,1,-1,-1,-1
552,-1,624,257,211,128,1,-1,-1,-1
552,-1,1119,172,222,117,1,-1,-1,-1
553,-1,441,643,330,330,1,-1,-1,-1
553,-1,625,266,212,123,1,-1,-1,-1
553,-1,1104,171,237,119,1,-1,-1,-1
554,-1,425,665,338,336,1,-1,-1,-1
554,-1,622,269,216,126,1,-1,-1,-1
554,-1,1089,173,250,116,1,-1,-1,-1
555,-1,409,687,344,346,1,-1,-1,-1
555,-1,622,273,218,128,1,-1,-1,-1
555,-1,1073,176,240,114,1,-1,-1,-1
556,-1,389,709,354,355,1,-1,-1,-1
556,-1,615,277,227,130,1,-1,-1,-1
556,-1,1057,177,239,114,1,-1,-1,-1
557,-1,368,732,364,348,1,-1,-1,-1
557,-1,615,281,228,132,1,-1,-1,-1
557,-1,1038,178,239,114,1,-1,-1,-1
558,-1,345,756,374,324,1,-1,-1,-1
558,-1,613,285,232,135,1,-1,-1,-1
558,-1,1025,179,234,115,1,-1,-1,-1
559,-1,320,783,385,297,1,-1,-1,-1
559,-1,612,291,234,136,1,-1,-1,-1
559,-1,1008,180,230,116,1,-1,-1,-1
560,-1,293,809,396,271,1,-1,-1,-1
560,-1,612,294,236,141,1,-1,-1,-1
560,-1,991,182,231,116,1,-1,-1,-1
561,-1,264,836,407,244,1,-1,-1,-1
561,-1,611,299,238,144,1,-1,-1,-1
561,-1,975,182,228,117,1,-1,-1,-1
562,-1,233,865,417,215,1,-1,-1,-1
562,-1,606,305,245,147,1,-1,-1,-1
562,-1,958,184,226,117,1,-1,-1,-1
563,-1,247,897,380,183,1,-1,-1,-1
563,-1,604,314,248,147,1,-1,-1,-1
563,-1,942,187,223,116,1,-1,-1,-1
564,-1,223,929,359,151,1,-1,-1,-1
564,-1,607,320,247,152,1,-1,-1,-1
564,-1,926,195,220,110,1,-1,-1,-1
565,-1,205,964,341,116,1,-1,-1,-1
565,-1,607,329,248,153,1,-1,-1,-1
565,-1,910,191,217,116,1,-1,-1,-1
566,-1,604,339,251,153,1,-1,-1,-1
566,-1,893,191,216,118,1,-1,-1,-1
567,-1,605,343,251,161,1,-1,-1,-1
567,-1,879,194,211,120,1,-1,-1,-1
568,-1,605,357,252,160,1,-1,-1,-1
568,-1,861,197,211,116,1,-1,-1,-1
569,-1,606,362,253,167,1,-1,-1,-1
569,-1,845,197,209,119,1,-1,-1,-1
570,-1,606,369,254,173,1,-1,-1,-1
570,-1,831,199,210,122,1,-1,-1,-1
571,-1,609,365,252,190,1,-1,-1,-1
571,-1,817,201,206,120,1,-1,-1,-1
572,-1,597,376,265,192,1,-1,-1,-1
572,-1,803,204,205,120,1,-1,-1,-1
573,-1,599,386,250,196,1,-1,-1,-1
573,-1,789,206,199,121,1,-1,-1,-1
574,-1,600,412,263,184,1,-1,-1,-1
574,-1,775,208,198,125,1,-1,-1,-1
575,-1,595,406,268,206,1,-1,-1,-1
575,-1,764,209,194,127,1,-1,-1,-1
576,-1,591,418,271,209,1,-1,-1,-1
576,-1,751,213,193,125,1,-1,-1,-1
577,-1,581,429,280,213,1,-1,-1,-1
577,-1,738,216,193,126,1,-1,-1,-1
578,-1,581,445,278,213,1,-1,-1,-1
578,-1,730,218,188,128,1,-1,-1,-1
579,-1,577,457,280,218,1,-1,-1,-1
579,-1,718,221,189,129,1,-1,-1,-1
580,-1,574,467,281,226,1,-1,-1,-1
580,-1,698,225,198,129,1,-1,-1,-1
581,-1,557,480,295,231,1,-1,-1,-1
581,-1,687,227,197,131,1,-1,-1,-1
582,-1,555,497,294,233,1,-1,-1,-1
582,-1,682,230,193,133,1,-1,-1,-1
583,-1,535,508,311,243,1,-1,-1,-1
583,-1,673,234,194,133,1,-1,-1,-1
584,-1,539,524,303,248,1,-1,-1,-1
584,-1,644,239,213,132,1,-1,-1,-1
585,-1,535,540,302,255,1,-1,-1,-1
585,-1,641,241,210,135,1,-1,-1,-1
586,-1,524,561,307,258,1,-1,-1,-1
586,-1,637,244,206,135,1,-1,-1,-1
587,-1,511,575,314,269,1,-1,-1,-1
587,-1,632,246,205,137,1,-1,-1,-1
588,-1,497,594,321,275,1,-1,-1,-1
588,-1,623,249,208,137,1,-1,-1,-1
589,-1,483,613,327,284,1,-1,-1,-1
589,-1,619,256,207,134,1,-1,-1,-1
590,-1,468,639,334,286,1,-1,-1,-1
590,-1,607,259,214,136,1,-1,-1,-1
591,-1,451,661,341,294,1,-1,-1,-1
591,-1,604,263,214,137,1,-1,-1,-1
592,-1,433,679,350,306,1,-1,-1,-1
592,-1,597,266,219,139,1,-1,-1,-1
593,-1,415,703,356,313,1,-1,-1,-1
593,-1,586,272,228,139,1,-1,-1,-1
594,-1,394,728,365,322,1,-1,-1,-1
594,-1,583,276,225,140,1,-1,-1,-1
595,-1,371,753,374,327,1,-1,-1,-1
595,-1,581,282,225,141,1,-1,-1,-1
596,-1,346,778,384,302,1,-1,-1,-1
596,-1,584,283,228,147,1,-1,-1,-1
597,-1,319,806,396,274,1,-1,-1,-1
597,-1,575,288,237,149,1,-1,-1,-1
598,-1,289,835,410,245,1,-1,-1,-1
598,-1,570,295,242,150,1,-1,-1,-1
599,-1,258,872,422,208,1,-1,-1,-1
599,-1,572,299,240,154,1,-1,-1,-1
600,-1,224,895,433,185,1,-1,-1,-1
600,-1,567,307,244,155,1,-1,-1,-1
601,-1,188,927,446,153,1,-1,-1,-1
601,-1,561,314,250,158,1,-1,-1,-1
602,-1,237,963,362,117,1,-1,-1,-1
602,-1,568,320,243,161,1,-1,-1,-1
603,-1,230,999,329,81,1,-1,-1,-1
603,-1,561,329,249,163,1,-1,-1,-1
604,-1,561,337,249,166,1,-1,-1,-1
605,-1,557,343,252,172,1,-1,-1,-1
606,-1,558,352,250,175,1,-1,-1,-1
607,-1,557,363,245,177,1,-1,-1,-1
608,-1,540,368,260,184,1,-1,-1,-1
609,-1,540,369,259,195,1,-1,-1,-1
610,-1,535,379,268,199,1,-1,-1,-1
611,-1,533,388,264,202,1,-1,-1,-1
612,-1,534,398,262,205,1,-1,-1,-1
613,-1,528,408,272,208,1,-1,-1,-1
614,-1,524,418,275,213,1,-1,-1,-1
615,-1,514,431,283,215,1,-1,-1,-1
616,-1,515,443,280,218,1,-1,-1,-1
617,-1,501,455,293,221,1,-1,-1,-1
618,-1,493,465,299,228,1,-1,-1,-1
619,-1,489,477,300,234,1,-1,-1,-1
620,-1,503,490,283,239,1,-1,-1,-1
621,-1,470,503,313,245,1,-1,-1,-1
622,-1,489,518,291,251,1,-1,-1,-1
623,-1,481,531,295,260,1,-1,-1,-1
624,-1,471,546,300,268,1,-1,-1,-1
625,-1,452,568,314,270,1,-1,-1,-1
626,-1,449,581,312,281,1,-1,-1,-1
627,-1,437,600,319,287,1,-1,-1,-1
628,-1,423,623,328,292,1,-1,-1,-1
629,-1,410,645,335,296,1,-1,-1,-1
630,-1,396,661,342,309,1,-1,-1,-1
631,-1,380,685,350,314,1,-1,-1,-1
632,-1,360,710,362,320,1,-1,-1,-1
633,-1,341,734,371,329,1,-1,-1,-1
634,-1,320,757,381,323,1,-1,-1,-1
635,-1,295,783,393,297,1,-1,-1,-1
636,-1,267,812,406,268,1,-1,-1,-1
637,-1,236,841,421,239,1,-1,-1,-1
638,-1,207,869,431,211,1,-1,-1,-1
639,-1,174,892,440,188,1,-1,-1,-1
640,-1,138,924,453,156,1,-1,-1,-1
641,-1,181,959,371,121,1,-1,-1,-1
694,-1,938,1010,415,70,1,-1,-1,-1
695,-1,937,981,436,99,1,-1,-1,-1
696,-1,883,952,567,128,1,-1,-1,-1
697,-1,897,925,552,155,1,-1,-1,-1
698,-1,909,899,541,181,1,-1,-1,-1
699,-1,921,873,531,207,1,-1,-1,-1
700,-1,932,849,520,231,1,-1,-1,-1
701,-1,942,826,510,254,1,-1,-1,-1
702,-1,950,804,501,276,1,-1,-1,-1
703,-1,958,784,491,296,1,-1,-1,-1
704,-1,964,763,482,317,1,-1,-1,-1
705,-1,970,744,474,336,1,-1,-1,-1
706,-1,975,725,465,355,1,-1,-1,-1
707,-1,979,707,457,373,1,-1,-1,-1
708,-1,983,689,449,391,1,-1,-1,-1
709,-1,985,672,442,408,1,-1,-1,-1
710,-1,988,655,435,411,1,-1,-1,-1
711,-1,990,639,428,404,1,-1,-1,-1
712,-1,991,622,421,397,1,-1,-1,-1
713,-1,992,607,414,388,1,-1,-1,-1
714,-1,993,592,407,381,1,-1,-1,-1
715,-1,992,577,401,374,1,-1,-1,-1
716,-1,991,563,395,365,1,-1,-1,-1
717,-1,989,549,390,359,1,-1,-1,-1
718,-1,987,537,384,351,1,-1,-1,-1
719,-1,985,524,378,345,1,-1,-1,-1
720,-1,982,512,373,338,1,-1,-1,-1
721,-1,977,500,370,332,1,-1,-1,-1
722,-1,976,489,362,326,1,-1,-1,-1
723,-1,973,478,357,322,1,-1,-1,-1
724,-1,969,467,352,317,1,-1,-1,-1
725,-1,965,456,345,313,1,-1,-1,-1
726,-1,955,446,348,308,1,-1,-1,-1
726,-1,105,199,60,62,1,-1,-1,-1
727,-1,945,435,350,304,1,-1,-1,-1
727,-1,105,199,60,62,1,-1,-1,-1
728,-1,944,427,351,298,1,-1,-1,-1
729,-1,944,418,332,292,1,-1,-1,-1
730,-1,925,409,343,288,1,-1,-1,-1
731,-1,925,401,333,283,1,-1,-1,-1
732,-1,919,392,331,280,1,-1,-1,-1
733,-1,919,384,322,276,1,-1,-1,-1
734,-1,913,376,320,272,1,-1,-1,-1
735,-1,906,369,320,267,1,-1,-1,-1
736,-1,897,361,321,265,1,-1,-1,-1
737,-1,895,353,316,262,1,-1,-1,-1
738,-1,895,346,309,258,1,-1,-1,-1
739,-1,890,340,308,252,1,-1,-1,-1
740,-1,884,333,307,249,1,-1,-1,-1
741,-1,885,326,300,246,1,-1,-1,-1
742,-1,885,319,294,243,1,-1,-1,-1
743,-1,881,313,292,239,1,-1,-1,-1
744,-1,873,307,296,238,1,-1,-1,-1
745,-1,867,300,298,235,1,-1,-1,-1
746,-1,865,294,296,232,1,-1,-1,-1
747,-1,1307,423,92,70,1,-1,-1,-1
747,-1,865,291,293,227,1,-1,-1,-1
748,-1,1307,423,92,63,1,-1,-1,-1
748,-1,865,284,289,224,1,-1,-1,-1
749,-1,870,278,280,222,1,-1,-1,-1
750,-1,870,273,276,221,1,-1,-1,-1
751,-1,861,268,280,217,1,-1,-1,-1
752,-1,862,265,275,213,1,-1,-1,-1
753,-1,862,262,271,210,1,-1,-1,-1
754,-1,859,257,270,208,1,-1,-1,-1
755,-1,859,253,266,205,1,-1,-1,-1
756,-1,855,249,265,203,1,-1,-1,-1
757,-1,857,246,259,200,1,-1,-1,-1
758,-1,855,242,256,198,1,-1,-1,-1
759,-1,850,238,257,197,1,-1,-1,-1
760,-1,849,235,253,194,1,-1,-1,-1
761,-1,848,232,249,192,1,-1,-1,-1
762,-1,844,228,249,190,1,-1,-1,-1
763,-1,844,225,244,188,1,-1,-1,-1
764,-1,842,222,241,186,1,-1,-1,-1
765,-1,843,218,235,184,1,-1,-1,-1
766,-1,842,215,231,182,1,-1,-1,-1
767,-1,831,212,238,180,1,-1,-1,-1
768,-1,831,209,235,177,1,-1,-1,-1
769,-1,834,206,228,176,1,-1,-1,-1
770,-1,834,203,225,174,1,-1,-1,-1
771,-1,826,201,231,172,1,-1,-1,-1
772,-1,827,198,227,171,1,-1,-1,-1
773,-1,827,196,225,169,1,-1,-1,-1
774,-1,826,193,224,168,1,-1,-1,-1
775,-1,827,190,221,167,1,-1,-1,-1
776,-1,826,187,221,166,1,-1,-1,-1
777,-1,832,185,213,164,1,-1,-1,-1
778,-1,827,183,217,162,1,-1,-1,-1
779,-1,827,181,216,160,1,-1,-1,-1
780,-1,827,178,215,159,1,-1,-1,-1
781,-1,828,176,212,158,1,-1,-1,-1
782,-1,827,173,212,157,1,-1,-1,-1
783,-1,825,171,213,155,1,-1,-1,-1
784,-1,825,169,212,153,1,-1,-1,-1
785,-1,829,166,207,153,1,-1,-1,-1
786,-1,830,164,205,151,1,-1,-1,-1
787,-1,827,161,207,150,1,-1,-1,-1
788,-1,828,159,204,149,1,-1,-1,-1
789,-1,827,157,204,147,1,-1,-1,-1
790,-1,827,155,203,146,1,-1,-1,-1
791,-1,826,152,202,145,1,-1,-1,-1
792,-1,826,150,201,143,1,-1,-1,-1
793,-1,825,144,201,146,1,-1,-1,-1
794,-1,825,143,200,143,1,-1,-1,-1
795,-1,819,142,204,141,1,-1,-1,-1
796,-1,821,138,201,142,1,-1,-1,-1
797,-1,825,138,196,139,1,-1,-1,-1
798,-1,822,137,198,138,1,-1,-1,-1
799,-1,825,137,194,135,1,-1,-1,-1
800,-1,824,136,194,134,1,-1,-1,-1
801,-1,824,134,194,134,1,-1,-1,-1
802,-1,827,132,190,133,1,-1,-1,-1
803,-1,826,130,190,133,1,-1,-1,-1
804,-1,827,129,188,131,1,-1,-1,-1
805,-1,825,128,189,130,1,-1,-1,-1
806,-1,826,123,188,132,1,-1,-1,-1
807,-1,825,122,188,130,1,-1,-1,-1
808,-1,826,123,186,127,1,-1,-1,-1
809,-1,827,121,185,126,1,-1,-1,-1
810,-1,826,117,185,128,1,-1,-1,-1
811,-1,825,116,185,126,1,-1,-1,-1
812,-1,826,117,179,123,1,-1,-1,-1
813,-1,827,113,180,125,1,-1,-1,-1
814,-1,826,115,172,120,1,-1,-1,-1
815,-1,824,114,171,119,1,-1,-1,-1
816,-1,825,113,169,119,1,-1,-1,-1
817,-1,825,111,175,119,1,-1,-1,-1
818,-1,832,107,168,120,1,-1,-1,-1
819,-1,830,106,168,119,1,-1,-1,-1
820,-1,0,349,81,78,1,-1,-1,-1
820,-1,827,106,170,117,1,-1,-1,-1
821,-1,0,350,98,79,1,-1,-1,-1
821,-1,826,103,169,118,1,-1,-1,-1
822,-1,0,350,117,81,1,-1,-1,-1
822,-1,0,254,78,65,1,-1,-1,-1
822,-1,828,104,166,114,1,-1,-1,-1
823,-1,0,308,132,124,1,-1,-1,-1
823,-1,0,253,87,66,1,-1,-1,-1
823,-1,828,101,163,116,1,-1,-1,-1
824,-1,0,307,150,127,1,-1,-1,-1
824,-1,0,251,88,68,1,-1,-1,-1
824,-1,830,101,157,113,1,-1,-1,-1
825,-1,0,305,168,131,1,-1,-1,-1
825,-1,0,244,98,75,1,-1,-1,-1
825,-1,829,98,158,114,1,-1,-1,-1
826,-1,0,305,186,133,1,-1,-1,-1
826,-1,828,99,157,111,1,-1,-1,-1
827,-1,0,305,202,136,1,-1,-1,-1
827,-1,0,269,117,53,1,-1,-1,-1
827,-1,832,97,148,111,1,-1,-1,-1
828,-1,0,305,219,138,1,-1,-1,-1
828,-1,0,264,81,55,1,-1,-1,-1
828,-1,831,94,152,112,1,-1,-1,-1
829,-1,0,306,236,137,1,-1,-1,-1
829,-1,0,253,87,69,1,-1,-1,-1
829,-1,842,94,139,109,1,-1,-1,-1
830,-1,0,303,254,142,1,-1,-1,-1
830,-1,0,253,66,69,1,-1,-1,-1
830,-1,842,93,138,108,1,-1,-1,-1
831,-1,0,302,270,145,1,-1,-1,-1
831,-1,0,243,81,79,1,-1,-1,-1
831,-1,833,92,138,107,1,-1,-1,-1
832,-1,0,314,282,134,1,-1,-1,-1
832,-1,0,239,69,83,1,-1,-1,-1
832,-1,839,91,130,111,1,-1,-1,-1
833,-1,0,239,302,211,1,-1,-1,-1
833,-1,841,89,132,107,1,-1,-1,-1
834,-1,0,239,317,213,1,-1,-1,-1
834,-1,842,88,129,106,1,-1,-1,-1
835,-1,0,240,335,214,1,-1,-1,-1
835,-1,841,87,125,105,1,-1,-1,-1
836,-1,0,243,353,213,1,-1,-1,-1
836,-1,836,85,129,110,1,-1,-1,-1
837,-1,0,243,371,215,1,-1,-1,-1
837,-1,840,84,125,107,1,-1,-1,-1
838,-1,0,244,390,218,1,-1,-1,-1
838,-1,841,82,118,104,1,-1,-1,-1
839,-1,0,244,408,220,1,-1,-1,-1
839,-1,841,81,116,103,1,-1,-1,-1
840,-1,0,245,426,221,1,-1,-1,-1
840,-1,840,80,117,103,1,-1,-1,-1
841,-1,0,250,447,219,1,-1,-1,-1
841,-1,839,79,116,102,1,-1,-1,-1
842,-1,0,253,466,218,1,-1,-1,-1
842,-1,838,78,116,101,1,-1,-1,-1
843,-1,0,251,483,221,1,-1,-1,-1
843,-1,835,77,115,101,1,-1,-1,-1
844,-1,0,254,505,221,1,-1,-1,-1
844,-1,837,77,111,99,1,-1,-1,-1
845,-1,21,256,499,221,1,-1,-1,-1
845,-1,836,76,111,99,1,-1,-1,-1
846,-1,42,257,498,221,1,-1,-1,-1
846,-1,832,75,115,98,1,-1,-1,-1
847,-1,62,257,497,223,1,-1,-1,-1
847,-1,831,74,119,98,1,-1,-1,-1
848,-1,86,260,494,222,1,-1,-1,-1
848,-1,830,73,113,97,1,-1,-1,-1
849,-1,105,262,494,221,1,-1,-1,-1
849,-1,833,72,108,97,1,-1,-1,-1
850,-1,127,265,490,220,1,-1,-1,-1
850,-1,832,71,109,96,1,-1,-1,-1
851,-1,150,267,484,220,1,-1,-1,-1
851,-1,831,70,108,96,1,-1,-1,-1
852,-1,167,267,483,223,1,-1,-1,-1
852,-1,831,68,106,94,1,-1,-1,-1
853,-1,190,268,477,224,1,-1,-1,-1
853,-1,831,68,104,95,1,-1,-1,-1
854,-1,213,276,470,218,1,-1,-1,-1
854,-1,827,68,114,92,1,-1,-1,-1
855,-1,233,277,465,220,1,-1,-1,-1
855,-1,830,67,106,91,1,-1,-1,-1
856,-1,254,273,460,227,1,-1,-1,-1
856,-1,829,65,107,91,1,-1,-1,-1
857,-1,275,275,454,228,1,-1,-1,-1
857,-1,828,65,107,90,1,-1,-1,-1
858,-1,294,279,451,227,1,-1,-1,-1
858,-1,828,65,105,89,1,-1,-1,-1
859,-1,315,285,445,224,1,-1,-1,-1
859,-1,832,91,100,62,1,-1,-1,-1
859,-1,826,65,99,58,1,-1,-1,-1
860,-1,333,281,440,232,1,-1,-1,-1
860,-1,828,64,99,88,1,-1,-1,-1
861,-1,353,291,434,225,1,-1,-1,-1
861,-1,827,64,100,87,1,-1,-1,-1
862,-1,361,285,438,235,1,-1,-1,-1
862,-1,826,65,99,85,1,-1,-1,-1
863,-1,393,288,417,236,1,-1,-1,-1
863,-1,825,64,99,86,1,-1,-1,-1
864,-1,407,290,413,238,1,-1,-1,-1
864,-1,824,64,99,85,1,-1,-1,-1
865,-1,426,293,404,238,1,-1,-1,-1
865,-1,823,64,98,84,1,-1,-1,-1
866,-1,442,295,396,240,1,-1,-1,-1
866,-1,822,64,97,84,1,-1,-1,-1
867,-1,460,297,386,242,1,-1,-1,-1
867,-1,821,64,96,83,1,-1,-1,-1
868,-1,469,300,384,243,1,-1,-1,-1
868,-1,820,64,98,83,1,-1,-1,-1
869,-1,489,303,372,244,1,-1,-1,-1
869,-1,818,64,98,82,1,-1,-1,-1
870,-1,6,475,117,76,1,-1,-1,-1
870,-1,505,306,362,245,1,-1,-1,-1
870,-1,817,64,95,82,1,-1,-1,-1
871,-1,5,464,146,90,1,-1,-1,-1
871,-1,513,309,361,247,1,-1,-1,-1
871,-1,815,65,99,81,1,-1,-1,-1
872,-1,7,457,169,101,1,-1,-1,-1
872,-1,524,312,355,248,1,-1,-1,-1
872,-1,815,65,97,80,1,-1,-1,-1
873,-1,6,451,195,109,1,-1,-1,-1
873,-1,544,314,339,250,1,-1,-1,-1
873,-1,813,65,98,80,1,-1,-1,-1
874,-1,6,466,95,82,1,-1,-1,-1
874,-1,554,317,332,252,1,-1,-1,-1
874,-1,813,65,97,79,1,-1,-1,-1
875,-1,13,461,97,87,1,-1,-1,-1
875,-1,563,320,327,252,1,-1,-1,-1
875,-1,812,64,93,80,1,-1,-1,-1
876,-1,18,459,93,89,1,-1,-1,-1
876,-1,573,323,324,254,1,-1,-1,-1
876,-1,812,64,92,79,1,-1,-1,-1
877,-1,23,457,91,91,1,-1,-1,-1
877,-1,582,326,317,256,1,-1,-1,-1
877,-1,811,65,91,78,1,-1,-1,-1
878,-1,26,450,92,99,1,-1,-1,-1
878,-1,592,329,313,258,1,-1,-1,-1
878,-1,809,65,91,78,1,-1,-1,-1
879,-1,28,448,93,102,1,-1,-1,-1
879,-1,599,333,311,259,1,-1,-1,-1
879,-1,808,65,91,77,1,-1,-1,-1
880,-1,32,445,91,105,1,-1,-1,-1
880,-1,606,336,310,262,1,-1,-1,-1
880,-1,808,65,90,77,1,-1,-1,-1
881,-1,35,441,89,110,1,-1,-1,-1
881,-1,613,340,309,264,1,-1,-1,-1
881,-1,807,66,93,75,1,-1,-1,-1
882,-1,618,343,309,267,1,-1,-1,-1
882,-1,806,66,93,75,1,-1,-1,-1
883,-1,623,347,308,269,1,-1,-1,-1
883,-1,833,67,61,74,1,-1,-1,-1
884,-1,629,351,307,271,1,-1,-1,-1
884,-1,805,67,91,75,1,-1,-1,-1
885,-1,628,355,312,273,1,-1,-1,-1
885,-1,804,68,92,74,1,-1,-1,-1
886,-1,633,359,312,275,1,-1,-1,-1
886,-1,804,68,91,74,1,-1,-1,-1
887,-1,635,363,314,278,1,-1,-1,-1
887,-1,803,69,91,74,1,-1,-1,-1
888,-1,636,368,316,279,1,-1,-1,-1
888,-1,802,69,93,74,1,-1,-1,-1
889,-1,636,373,320,281,1,-1,-1,-1
889,-1,830,69,60,74,1,-1,-1,-1
890,-1,635,378,324,283,1,-1,-1,-1
890,-1,801,70,89,73,1,-1,-1,-1
891,-1,636,382,326,286,1,-1,-1,-1
891,-1,800,71,66,71,1,-1,-1,-1
892,-1,548,346,418,330,1,-1,-1,-1
892,-1,799,72,77,71,1,-1,-1,-1
893,-1,579,338,389,345,1,-1,-1,-1
894,-1,609,336,361,355,1,-1,-1,-1
895,-1,634,331,338,368,1,-1,-1,-1
896,-1,635,329,339,378,1,-1,-1,-1
897,-1,633,323,342,393,1,-1,-1,-1
898,-1,631,318,345,407,1,-1,-1,-1
899,-1,629,314,347,419,1,-1,-1,-1
899,-1,791,74,74,69,1,-1,-1,-1
900,-1,628,311,348,432,1,-1,-1,-1
900,-1,790,74,74,69,1,-1,-1,-1
902,-1,788,82,50,60,1,-1,-1,-1
903,-1,788,75,71,67,1,-1,-1,-1
904,-1,786,76,73,66,1,-1,-1,-1
905,-1,786,76,78,68,1,-1,-1,-1
906,-1,786,77,77,67,1,-1,-1,-1
907,-1,785,77,76,66,1,-1,-1,-1
908,-1,585,488,374,342,1,-1,-1,-1
909,-1,574,496,381,347,1,-1,-1,-1
910,-1,566,505,385,353,1,-1,-1,-1
911,-1,558,514,389,357,1,-1,-1,-1
912,-1,551,523,390,362,1,-1,-1,-1
912,-1,783,80,75,63,1,-1,-1,-1
913,-1,538,532,398,368,1,-1,-1,-1
913,-1,782,81,75,62,1,-1,-1,-1
914,-1,531,543,399,373,1,-1,-1,-1
914,-1,781,81,76,62,1,-1,-1,-1
915,-1,520,553,404,378,1,-1,-1,-1
915,-1,781,82,76,62,1,-1,-1,-1
916,-1,510,563,408,384,1,-1,-1,-1
916,-1,712,45,144,99,1,-1,-1,-1
917,-1,496,575,416,388,1,-1,-1,-1
917,-1,727,46,128,97,1,-1,-1,-1
918,-1,485,586,421,393,1,-1,-1,-1
919,-1,473,598,426,398,1,-1,-1,-1
919,-1,760,48,95,95,1,-1,-1,-1
920,-1,460,610,431,403,1,-1,-1,-1
920,-1,777,48,93,95,1,-1,-1,-1
921,-1,450,622,434,409,1,-1,-1,-1
921,-1,777,49,102,94,1,-1,-1,-1
922,-1,434,636,442,415,1,-1,-1,-1
922,-1,776,49,103,94,1,-1,-1,-1
923,-1,422,649,445,420,1,-1,-1,-1
923,-1,775,51,103,92,1,-1,-1,-1
924,-1,403,662,454,418,1,-1,-1,-1
925,-1,387,675,460,405,1,-1,-1,-1
925,-1,774,90,66,53,1,-1,-1,-1
926,-1,371,688,467,392,1,-1,-1,-1
926,-1,772,88,65,55,1,-1,-1,-1
927,-1,353,703,474,377,1,-1,-1,-1
927,-1,772,88,63,55,1,-1,-1,-1
928,-1,338,718,478,362,1,-1,-1,-1
928,-1,771,88,65,55,1,-1,-1,-1
929,-1,315,733,491,347,1,-1,-1,-1
929,-1,771,88,66,55,1,-1,-1,-1
930,-1,297,749,498,331,1,-1,-1,-1
930,-1,770,88,75,55,1,-1,-1,-1
931,-1,276,765,507,315,1,-1,-1,-1
931,-1,770,88,62,55,1,-1,-1,-1
932,-1,251,782,521,298,1,-1,-1,-1
932,-1,770,88,62,55,1,-1,-1,-1
933,-1,227,770,531,310,1,-1,-1,-1
933,-1,769,88,65,55,1,-1,-1,-1
934,-1,203,816,528,264,1,-1,-1,-1
934,-1,768,88,65,55,1,-1,-1,-1
935,-1,177,835,539,245,1,-1,-1,-1
935,-1,768,88,63,55,1,-1,-1,-1
936,-1,288,856,428,224,1,-1,-1,-1
936,-1,767,88,63,55,1,-1,-1,-1
937,-1,128,876,573,204,1,-1,-1,-1
937,-1,767,89,63,54,1,-1,-1,-1
938,-1,97,897,570,183,1,-1,-1,-1
938,-1,766,89,63,54,1,-1,-1,-1
939,-1,225,919,425,161,1,-1,-1,-1
939,-1,766,89,63,54,1,-1,-1,-1
940,-1,193,942,438,138,1,-1,-1,-1
940,-1,765,89,61,54,1,-1,-1,-1
941,-1,152,966,423,114,1,-1,-1,-1
941,-1,765,89,60,54,1,-1,-1,-1
942,-1,138,991,417,89,1,-1,-1,-1
942,-1,764,90,61,53,1,-1,-1,-1
943,-1,92,1017,439,63,1,-1,-1,-1
943,-1,763,92,60,51,1,-1,-1,-1
944,-1,762,93,72,50,1,-1,-1,-1
945,-1,761,93,71,50,1,-1,-1,-1
961,-1,735,94,53,50,1,-1,-1,-1
962,-1,733,93,58,51,1,-1,-1,-1
963,-1,731,91,60,53,1,-1,-1,-1
964,-1,729,90,67,54,1,-1,-1,-1
965,-1,728,89,64,55,1,-1,-1,-1
966,-1,722,89,68,55,1,-1,-1,-1
967,-1,720,88,69,56,1,-1,-1,-1
968,-1,724,88,63,55,1,-1,-1,-1
969,-1,723,87,62,54,1,-1,-1,-1
970,-1,719,84,65,55,1,-1,-1,-1
971,-1,719,83,64,59,1,-1,-1,-1
972,-1,717,82,65,58,1,-1,-1,-1
973,-1,714,80,64,56,1,-1,-1,-1
974,-1,711,79,65,58,1,-1,-1,-1
975,-1,711,78,63,58,1,-1,-1,-1
976,-1,707,77,65,54,1,-1,-1,-1
977,-1,702,76,69,54,1,-1,-1,-1
978,-1,699,74,70,56,1,-1,-1,-1
979,-1,698,73,68,60,1,-1,-1,-1
980,-1,698,72,65,55,1,-1,-1,-1
981,-1,691,70,70,56,1,-1,-1,-1
982,-1,691,70,68,57,1,-1,-1,-1
984,-1,689,66,66,56,1,-1,-1,-1
985,-1,686,65,68,59,1,-1,-1,-1
986,-1,685,64,66,54,1,-1,-1,-1
987,-1,683,49,152,68,1,-1,-1,-1
988,-1,681,47,133,72,1,-1,-1,-1
989,-1,681,49,113,69,1,-1,-1,-1
990,-1,680,44,94,69,1,-1,-1,-1
991,-1,669,44,84,68,1,-1,-1,-1
992,-1,647,42,96,69,1,-1,-1,-1
993,-1,627,42,116,68,1,-1,-1,-1
994,-1,615,41,126,68,1,-1,-1,-1
995,-1,675,55,64,53,1,-1,-1,-1
996,-1,675,54,64,53,1,-1,-1,-1
997,-1,675,52,63,54,1,-1,-1,-1
1000,-1,673,50,66,54,1,-1,-1,-1
1001,-1,675,49,67,53,1,-1,-1,-1
1002,-1,679,49,65,52,1,-1,-1,-1
1003,-1,677,48,70,52,1,-1,-1,-1
1004,-1,687,48,63,52,1,-1,-1,-1
1005,-1,690,48,63,51,1,-1,-1,-1
1006,-1,692,46,63,52,1,-1,-1,-1
1007,-1,696,47,63,50,1,-1,-1,-1
1008,-1,697,47,66,50,1,-1,-1,-1
1009,-1,700,47,70,50,1,-1,-1,-1
1092,-1,726,92,69,53,1,-1,-1,-1
1093,-1,730,92,70,53,1,-1,-1,-1
1094,-1,733,94,69,52,1,-1,-1,-1
1095,-1,734,94,69,51,1,-1,-1,-1
1096,-1,735,93,70,52,1,-1,-1,-1
1097,-1,735,92,71,53,1,-1,-1,-1
1098,-1,736,92,70,53,1,-1,-1,-1
1099,-1,737,91,70,55,1,-1,-1,-1
1100,-1,737,90,71,56,1,-1,-1,-1
1101,-1,737,87,73,59,1,-1,-1,-1
1102,-1,737,87,74,58,1,-1,-1,-1
1103,-1,738,87,73,58,1,-1,-1,-1
1104,-1,737,87,74,58,1,-1,-1,-1
1105,-1,738,89,74,56,1,-1,-1,-1
1106,-1,738,88,74,57,1,-1,-1,-1
1107,-1,737,88,75,57,1,-1,-1,-1
1108,-1,736,83,78,62,1,-1,-1,-1
1109,-1,735,83,79,63,1,-1,-1,-1
1110,-1,728,49,90,99,1,-1,-1,-1
1111,-1,731,83,85,67,1,-1,-1,-1
1112,-1,730,83,86,69,1,-1,-1,-1
1113,-1,729,83,86,71,1,-1,-1,-1
1114,-1,728,85,87,70,1,-1,-1,-1
1115,-1,727,89,88,68,1,-1,-1,-1
1116,-1,728,87,89,71,1,-1,-1,-1
1117,-1,726,91,90,71,1,-1,-1,-1
1118,-1,724,91,91,73,1,-1,-1,-1
1119,-1,725,92,90,73,1,-1,-1,-1
1120,-1,724,93,93,74,1,-1,-1,-1
1121,-1,724,95,93,74,1,-1,-1,-1
1122,-1,723,98,95,73,1,-1,-1,-1
1123,-1,723,99,96,74,1,-1,-1,-1
1124,-1,722,101,97,74,1,-1,-1,-1
1125,-1,722,102,98,76,1,-1,-1,-1
1126,-1,722,102,100,78,1,-1,-1,-1
1127,-1,721,103,100,79,1,-1,-1,-1
1128,-1,721,105,100,80,1,-1,-1,-1
1129,-1,722,109,102,78,1,-1,-1,-1
1130,-1,714,111,109,79,1,-1,-1,-1
1131,-1,709,115,115,83,1,-1,-1,-1
1132,-1,709,119,115,82,1,-1,-1,-1
1133,-1,707,121,120,83,1,-1,-1,-1
1134,-1,710,120,117,87,1,-1,-1,-1
1135,-1,710,125,117,85,1,-1,-1,-1
1136,-1,693,125,133,88,1,-1,-1,-1
1137,-1,691,130,136,86,1,-1,-1,-1
1138,-1,690,130,137,89,1,-1,-1,-1
1139,-1,894,978,508,102,1,-1,-1,-1
1139,-1,686,131,141,92,1,-1,-1,-1
1140,-1,900,946,495,134,1,-1,-1,-1
1140,-1,677,136,152,90,1,-1,-1,-1
1141,-1,905,916,484,164,1,-1,-1,-1
1141,-1,667,136,160,94,1,-1,-1,-1
1142,-1,910,887,473,193,1,-1,-1,-1
1142,-1,661,142,166,91,1,-1,-1,-1
1143,-1,914,859,462,221,1,-1,-1,-1
1143,-1,647,142,180,95,1,-1,-1,-1
1144,-1,918,831,452,249,1,-1,-1,-1
1144,-1,643,143,184,98,1,-1,-1,-1
1145,-1,922,807,442,273,1,-1,-1,-1
1145,-1,638,142,190,102,1,-1,-1,-1
1146,-1,925,769,433,311,1,-1,-1,-1
1146,-1,623,130,204,119,1,-1,-1,-1
1147,-1,928,737,424,343,1,-1,-1,-1
1147,-1,611,136,225,117,1,-1,-1,-1
1148,-1,767,942,584,138,1,-1,-1,-1
1148,-1,931,721,415,258,1,-1,-1,-1
1148,-1,611,136,225,121,1,-1,-1,-1
1149,-1,713,913,632,167,1,-1,-1,-1
1149,-1,934,697,406,283,1,-1,-1,-1
1149,-1,610,137,226,126,1,-1,-1,-1
1150,-1,712,679,630,394,1,-1,-1,-1
1150,-1,616,137,220,129,1,-1,-1,-1
1151,-1,712,666,626,376,1,-1,-1,-1
1151,-1,615,139,220,131,1,-1,-1,-1
1152,-1,805,653,519,355,1,-1,-1,-1
1152,-1,627,155,203,119,1,-1,-1,-1
1153,-1,811,624,507,363,1,-1,-1,-1
1153,-1,623,157,207,122,1,-1,-1,-1
1154,-1,820,617,494,340,1,-1,-1,-1
1154,-1,624,161,206,122,1,-1,-1,-1
1155,-1,852,599,455,333,1,-1,-1,-1
1155,-1,624,171,201,116,1,-1,-1,-1
1156,-1,881,581,420,325,1,-1,-1,-1
1156,-1,623,179,202,111,1,-1,-1,-1
1157,-1,898,565,398,317,1,-1,-1,-1
1157,-1,634,180,191,115,1,-1,-1,-1
1158,-1,901,550,389,310,1,-1,-1,-1
1158,-1,631,185,193,115,1,-1,-1,-1
1159,-1,913,535,372,305,1,-1,-1,-1
1159,-1,635,188,188,116,1,-1,-1,-1
1160,-1,947,521,332,225,1,-1,-1,-1
1160,-1,632,191,191,119,1,-1,-1,-1
1161,-1,920,507,353,294,1,-1,-1,-1
1161,-1,630,194,192,122,1,-1,-1,-1
1162,-1,920,489,347,293,1,-1,-1,-1
1162,-1,630,194,192,127,1,-1,-1,-1
1163,-1,914,634,337,130,1,-1,-1,-1
1163,-1,944,481,316,212,1,-1,-1,-1
1163,-1,632,201,190,126,1,-1,-1,-1
1164,-1,913,618,337,128,1,-1,-1,-1
1164,-1,943,468,311,189,1,-1,-1,-1
1164,-1,625,208,196,126,1,-1,-1,-1
1165,-1,908,603,332,125,1,-1,-1,-1
1165,-1,941,456,307,203,1,-1,-1,-1
1165,-1,633,212,188,128,1,-1,-1,-1
1166,-1,918,589,314,121,1,-1,-1,-1
1166,-1,939,444,302,180,1,-1,-1,-1
1166,-1,636,217,185,130,1,-1,-1,-1
1167,-1,921,577,305,118,1,-1,-1,-1
1167,-1,937,434,297,178,1,-1,-1,-1
1167,-1,637,226,182,127,1,-1,-1,-1
1168,-1,938,565,282,114,1,-1,-1,-1
1168,-1,935,424,293,172,1,-1,-1,-1
1168,-1,639,231,180,128,1,-1,-1,-1
1169,-1,946,551,268,113,1,-1,-1,-1
1169,-1,933,413,288,173,1,-1,-1,-1
1169,-1,644,235,175,130,1,-1,-1,-1
1170,-1,952,540,255,111,1,-1,-1,-1
1170,-1,932,403,284,168,1,-1,-1,-1
1170,-1,641,241,177,131,1,-1,-1,-1
1171,-1,951,528,251,109,1,-1,-1,-1
1171,-1,931,394,280,164,1,-1,-1,-1
1171,-1,637,245,181,133,1,-1,-1,-1
1172,-1,951,519,246,104,1,-1,-1,-1
1172,-1,931,384,276,166,1,-1,-1,-1
1172,-1,631,249,187,134,1,-1,-1,-1
1173,-1,951,505,242,105,1,-1,-1,-1
1173,-1,931,375,273,165,1,-1,-1,-1
1173,-1,630,254,187,134,1,-1,-1,-1
1174,-1,932,367,269,230,1,-1,-1,-1
1174,-1,622,258,195,137,1,-1,-1,-1
1175,-1,932,358,266,228,1,-1,-1,-1
1175,-1,621,261,197,141,1,-1,-1,-1
1176,-1,933,350,262,224,1,-1,-1,-1
1176,-1,617,267,202,143,1,-1,-1,-1
1177,-1,934,343,258,221,1,-1,-1,-1
1177,-1,613,272,206,146,1,-1,-1,-1
1178,-1,935,335,255,218,1,-1,-1,-1
1178,-1,611,278,208,149,1,-1,-1,-1
1179,-1,936,327,251,215,1,-1,-1,-1
1179,-1,604,284,216,152,1,-1,-1,-1
1180,-1,937,320,248,212,1,-1,-1,-1
1180,-1,601,290,219,157,1,-1,-1,-1
1181,-1,938,313,245,209,1,-1,-1,-1
1181,-1,600,298,220,160,1,-1,-1,-1
1182,-1,597,307,223,164,1,-1,-1,-1
1182,-1,939,306,242,207,1,-1,-1,-1
1183,-1,591,314,228,171,1,-1,-1,-1
1183,-1,935,300,244,204,1,-1,-1,-1
1184,-1,583,326,237,173,1,-1,-1,-1
1184,-1,934,294,243,202,1,-1,-1,-1
1185,-1,589,336,230,177,1,-1,-1,-1
1185,-1,930,288,245,199,1,-1,-1,-1
1186,-1,585,347,234,183,1,-1,-1,-1
1186,-1,922,283,251,196,1,-1,-1,-1
1187,-1,577,357,242,189,1,-1,-1,-1
1187,-1,925,277,246,194,1,-1,-1,-1
1188,-1,566,370,252,192,1,-1,-1,-1
1188,-1,926,272,243,191,1,-1,-1,-1
1189,-1,556,386,262,192,1,-1,-1,-1
1189,-1,924,267,243,189,1,-1,-1,-1
1190,-1,557,397,261,198,1,-1,-1,-1
1190,-1,917,263,248,187,1,-1,-1,-1
1191,-1,549,409,270,205,1,-1,-1,-1
1191,-1,915,259,248,184,1,-1,-1,-1
1192,-1,534,422,284,210,1,-1,-1,-1
1192,-1,946,254,215,136,1,-1,-1,-1
1193,-1,532,436,287,215,1,-1,-1,-1
1193,-1,913,250,246,181,1,-1,-1,-1
1194,-1,533,452,286,219,1,-1,-1,-1
1194,-1,914,246,243,179,1,-1,-1,-1
1195,-1,529,468,290,225,1,-1,-1,-1
1195,-1,916,243,239,176,1,-1,-1,-1
1196,-1,516,484,303,231,1,-1,-1,-1
1196,-1,920,239,233,174,1,-1,-1,-1
1197,-1,513,501,307,238,1,-1,-1,-1
1197,-1,927,236,224,172,1,-1,-1,-1
1198,-1,501,520,319,245,1,-1,-1,-1
1198,-1,946,232,202,117,1,-1,-1,-1
1199,-1,502,538,317,254,1,-1,-1,-1
1199,-1,916,229,230,168,1,-1,-1,-1
1200,-1,491,559,327,262,1,-1,-1,-1
1201,-1,466,581,348,270,1,-1,-1,-1
1201,-1,913,222,227,165,1,-1,-1,-1
1202,-1,465,606,345,279,1,-1,-1,-1
1202,-1,913,219,224,163,1,-1,-1,-1
1203,-1,435,630,369,288,1,-1,-1,-1
1203,-1,901,216,234,161,1,-1,-1,-1
1204,-1,435,654,363,300,1,-1,-1,-1
1204,-1,899,213,233,159,1,-1,-1,-1
1205,-1,416,682,374,307,1,-1,-1,-1
1205,-1,898,210,231,157,1,-1,-1,-1
1206,-1,383,713,398,313,1,-1,-1,-1
1206,-1,899,207,228,156,1,-1,-1,-1
1207,-1,362,745,408,323,1,-1,-1,-1
1207,-1,900,204,224,154,1,-1,-1,-1
1208,-1,362,776,394,304,1,-1,-1,-1
1208,-1,905,201,217,152,1,-1,-1,-1
1209,-1,349,808,390,272,1,-1,-1,-1
1209,-1,905,198,214,151,1,-1,-1,-1
1210,-1,318,845,403,235,1,-1,-1,-1
1210,-1,910,195,206,149,1,-1,-1,-1
1211,-1,284,879,419,201,1,-1,-1,-1
1211,-1,901,193,212,147,1,-1,-1,-1
1212,-1,247,919,434,161,1,-1,-1,-1
1212,-1,903,190,207,146,1,-1,-1,-1
1213,-1,258,957,397,123,1,-1,-1,-1
1213,-1,908,187,199,144,1,-1,-1,-1
1214,-1,907,185,197,142,1,-1,-1,-1
1215,-1,909,182,192,141,1,-1,-1,-1
1216,-1,910,179,188,140,1,-1,-1,-1
1217,-1,913,177,182,138,1,-1,-1,-1
1218,-1,912,174,180,137,1,-1,-1,-1
1219,-1,923,172,166,135,1,-1,-1,-1
1220,-1,922,169,164,135,1,-1,-1,-1
1221,-1,920,167,163,136,1,-1,-1,-1
1222,-1,919,164,161,135,1,-1,-1,-1
1223,-1,917,162,158,130,1,-1,-1,-1
1224,-1,916,160,156,129,1,-1,-1,-1
1225,-1,914,158,158,127,1,-1,-1,-1
1226,-1,913,156,155,126,1,-1,-1,-1
1227,-1,911,154,153,125,1,-1,-1,-1
1228,-1,909,153,152,123,1,-1,-1,-1
1229,-1,904,151,156,123,1,-1,-1,-1
1230,-1,904,150,152,122,1,-1,-1,-1
1231,-1,902,148,152,125,1,-1,-1,-1
1232,-1,900,146,154,126,1,-1,-1,-1
1233,-1,901,144,148,125,1,-1,-1,-1
1234,-1,899,142,150,124,1,-1,-1,-1
1235,-1,891,140,155,119,1,-1,-1,-1
1236,-1,890,138,154,121,1,-1,-1,-1
1237,-1,886,137,156,119,1,-1,-1,-1
1238,-1,887,135,153,119,1,-1,-1,-1
1239,-1,887,133,151,119,1,-1,-1,-1
1240,-1,879,131,155,116,1,-1,-1,-1
1241,-1,876,130,157,114,1,-1,-1,-1
1242,-1,886,129,145,113,1,-1,-1,-1
1243,-1,887,125,139,115,1,-1,-1,-1
1244,-1,878,124,148,114,1,-1,-1,-1
1245,-1,873,123,151,113,1,-1,-1,-1
1246,-1,874,123,148,110,1,-1,-1,-1
1247,-1,876,122,143,109,1,-1,-1,-1
1248,-1,865,121,150,108,1,-1,-1,-1
1249,-1,873,119,140,108,1,-1,-1,-1
1250,-1,865,118,145,107,1,-1,-1,-1
1251,-1,866,117,144,106,1,-1,-1,-1
1252,-1,868,115,139,105,1,-1,-1,-1
1253,-1,865,113,139,105,1,-1,-1,-1
1254,-1,858,111,145,105,1,-1,-1,-1
1255,-1,858,109,143,105,1,-1,-1,-1
1256,-1,858,105,142,107,1,-1,-1,-1
1257,-1,857,105,140,105,1,-1,-1,-1
1258,-1,857,105,138,103,1,-1,-1,-1
1259,-1,857,105,137,101,1,-1,-1,-1
1260,-1,862,104,130,100,1,-1,-1,-1
1261,-1,861,100,128,102,1,-1,-1,-1
1262,-1,862,100,125,101,1,-1,-1,-1
1263,-1,865,99,117,101,1,-1,-1,-1
1264,-1,864,99,116,99,1,-1,-1,-1
1265,-1,867,97,114,101,1,-1,-1,-1
1266,-1,867,95,114,99,1,-1,-1,-1
1267,-1,862,95,117,99,1,-1,-1,-1
1268,-1,861,96,112,98,1,-1,-1,-1
1269,-1,860,92,115,96,1,-1,-1,-1
1270,-1,858,91,115,95,1,-1,-1,-1
1271,-1,857,91,111,93,1,-1,-1,-1
1272,-1,856,89,111,94,1,-1,-1,-1
1273,-1,855,88,110,93,1,-1,-1,-1
1274,-1,854,86,111,94,1,-1,-1,-1
1275,-1,853,86,111,92,1,-1,-1,-1
1276,-1,852,85,109,91,1,-1,-1,-1
1277,-1,852,85,106,91,1,-1,-1,-1
1278,-1,850,84,109,90,1,-1,-1,-1
1279,-1,849,83,110,90,1,-1,-1,-1
1280,-1,848,81,108,90,1,-1,-1,-1
1281,-1,847,81,108,90,1,-1,-1,-1
1282,-1,846,81,109,89,1,-1,-1,-1
1283,-1,846,81,104,87,1,-1,-1,-1
1284,-1,845,78,104,88,1,-1,-1,-1
1285,-1,844,79,103,86,1,-1,-1,-1
1286,-1,791,62,155,102,1,-1,-1,-1
1287,-1,822,65,123,98,1,-1,-1,-1
1288,-1,842,66,101,96,1,-1,-1,-1
1289,-1,841,65,104,96,1,-1,-1,-1
1290,-1,841,67,109,93,1,-1,-1,-1
1291,-1,840,73,111,86,1,-1,-1,-1
1292,-1,839,74,110,84,1,-1,-1,-1
1293,-1,838,74,97,83,1,-1,-1,-1
1294,-1,838,73,97,80,1,-1,-1,-1
1295,-1,836,73,97,82,1,-1,-1,-1
1296,-1,836,72,96,79,1,-1,-1,-1
1297,-1,835,72,96,81,1,-1,-1,-1
1298,-1,835,72,94,81,1,-1,-1,-1
1299,-1,834,72,94,77,1,-1,-1,-1
1300,-1,833,72,95,80,1,-1,-1,-1
1301,-1,833,72,93,76,1,-1,-1,-1
1302,-1,832,71,94,77,1,-1,-1,-1
1303,-1,831,71,95,76,1,-1,-1,-1
1304,-1,831,71,96,76,1,-1,-1,-1
1305,-1,830,71,96,76,1,-1,-1,-1
1306,-1,829,72,96,75,1,-1,-1,-1
1307,-1,829,72,95,74,1,-1,-1,-1
1308,-1,828,71,95,75,1,-1,-1,-1
1309,-1,827,71,96,75,1,-1,-1,-1
1310,-1,825,56,91,88,1,-1,-1,-1
1311,-1,823,55,91,89,1,-1,-1,-1
1312,-1,821,57,89,87,1,-1,-1,-1
1313,-1,820,56,87,88,1,-1,-1,-1
1314,-1,820,56,89,87,1,-1,-1,-1
1315,-1,820,58,89,85,1,-1,-1,-1
1316,-1,819,56,86,87,1,-1,-1,-1
1317,-1,819,56,87,87,1,-1,-1,-1
1318,-1,818,55,88,88,1,-1,-1,-1
1319,-1,818,55,88,88,1,-1,-1,-1
1320,-1,817,51,87,92,1,-1,-1,-1
1321,-1,814,73,80,70,1,-1,-1,-1
1322,-1,812,78,81,65,1,-1,-1,-1
1323,-1,812,78,83,65,1,-1,-1,-1
1324,-1,810,78,83,65,1,-1,-1,-1
1325,-1,810,79,82,64,1,-1,-1,-1
1326,-1,809,79,83,63,1,-1,-1,-1
1327,-1,808,79,83,63,1,-1,-1,-1
1328,-1,808,80,82,62,1,-1,-1,-1
1329,-1,804,81,74,62,1,-1,-1,-1
1330,-1,801,82,80,62,1,-1,-1,-1
1331,-1,798,83,76,60,1,-1,-1,-1
1332,-1,795,85,73,59,1,-1,-1,-1
1333,-1,790,87,70,56,1,-1,-1,-1
1334,-1,786,88,71,55,1,-1,-1,-1
1335,-1,783,89,69,54,1,-1,-1,-1
1336,-1,782,90,70,53,1,-1,-1,-1
1337,-1,781,91,69,52,1,-1,-1,-1
1338,-1,780,91,69,52,1,-1,-1,-1
1339,-1,779,91,69,52,1,-1,-1,-1
1340,-1,778,91,68,52,1,-1,-1,-1
1341,-1,777,92,68,51,1,-1,-1,-1
1342,-1,776,92,68,51,1,-1,-1,-1
1343,-1,775,92,68,51,1,-1,-1,-1
1344,-1,774,92,69,51,1,-1,-1,-1
1345,-1,774,92,67,51,1,-1,-1,-1
1346,-1,776,92,64,51,1,-1,-1,-1
1347,-1,773,92,66,51,1,-1,-1,-1
1348,-1,773,93,64,50,1,-1,-1,-1
1349,-1,773,93,64,50,1,-1,-1,-1
1350,-1,772,93,64,50,1,-1,-1,-1
1351,-1,771,93,64,50,1,-1,-1,-1
1352,-1,770,94,64,50,1,-1,-1,-1
1363,-1,731,95,58,50,1,-1,-1,-1
1364,-1,728,94,59,51,1,-1,-1,-1
1365,-1,728,94,58,50,1,-1,-1,-1
1369,-1,705,74,59,50,1,-1,-1,-1
1370,-1,703,70,58,53,1,-1,-1,-1
1371,-1,704,66,58,52,1,-1,-1,-1
1415,-1,914,969,458,111,1,-1,-1,-1
1416,-1,929,929,445,151,1,-1,-1,-1
1417,-1,940,893,435,187,1,-1,-1,-1
1418,-1,954,859,420,221,1,-1,-1,-1
1419,-1,964,827,409,253,1,-1,-1,-1
1420,-1,972,798,398,282,1,-1,-1,-1
1421,-1,979,769,388,311,1,-1,-1,-1
1422,-1,984,741,379,326,1,-1,-1,-1
1423,-1,989,716,369,315,1,-1,-1,-1
1424,-1,992,690,361,307,1,-1,-1,-1
1425,-1,995,665,352,300,1,-1,-1,-1
1426,-1,997,642,344,291,1,-1,-1,-1
1427,-1,993,621,342,281,1,-1,-1,-1
1428,-1,995,601,334,274,1,-1,-1,-1
1429,-1,995,583,328,267,1,-1,-1,-1
1430,-1,999,565,318,259,1,-1,-1,-1
1431,-1,1002,547,298,253,1,-1,-1,-1
1432,-1,1002,530,304,248,1,-1,-1,-1
1433,-1,1002,514,298,243,1,-1,-1,-1
1434,-1,1002,498,292,238,1,-1,-1,-1
1435,-1,1000,483,287,231,1,-1,-1,-1
1436,-1,998,468,282,227,1,-1,-1,-1
1437,-1,983,455,289,223,1,-1,-1,-1
1438,-1,974,443,290,218,1,-1,-1,-1
1439,-1,974,431,283,213,1,-1,-1,-1
1440,-1,971,418,279,209,1,-1,-1,-1
1441,-1,972,406,271,205,1,-1,-1,-1
1442,-1,962,394,268,202,1,-1,-1,-1
1443,-1,961,384,265,197,1,-1,-1,-1
1444,-1,961,373,258,195,1,-1,-1,-1
1445,-1,959,365,255,190,1,-1,-1,-1
1446,-1,959,355,247,187,1,-1,-1,-1
1447,-1,942,346,262,184,1,-1,-1,-1
1448,-1,925,337,270,182,1,-1,-1,-1
1449,-1,929,329,261,178,1,-1,-1,-1
1450,-1,929,321,254,176,1,-1,-1,-1
1451,-1,930,313,249,174,1,-1,-1,-1
1452,-1,924,306,249,171,1,-1,-1,-1
1453,-1,906,299,262,168,1,-1,-1,-1
1454,-1,917,293,245,165,1,-1,-1,-1
1455,-1,907,286,250,164,1,-1,-1,-1
1456,-1,907,282,245,160,1,-1,-1,-1
1457,-1,908,276,237,159,1,-1,-1,-1
1458,-1,909,271,231,156,1,-1,-1,-1
1459,-1,900,266,236,154,1,-1,-1,-1
1460,-1,903,261,229,152,1,-1,-1,-1
1461,-1,902,257,227,149,1,-1,-1,-1
1462,-1,905,252,219,147,1,-1,-1,-1
1463,-1,914,247,209,145,1,-1,-1,-1
1464,-1,917,244,202,142,1,-1,-1,-1
1465,-1,913,239,202,141,1,-1,-1,-1
1466,-1,914,236,196,138,1,-1,-1,-1
1467,-1,927,232,179,137,1,-1,-1,-1
1468,-1,902,228,200,135,1,-1,-1,-1
1469,-1,902,225,196,132,1,-1,-1,-1
1470,-1,895,219,199,132,1,-1,-1,-1
1471,-1,891,216,199,129,1,-1,-1,-1
1472,-1,885,211,202,129,1,-1,-1,-1
1473,-1,885,208,198,127,1,-1,-1,-1
1474,-1,879,205,200,124,1,-1,-1,-1
1475,-1,874,201,202,123,1,-1,-1,-1
1476,-1,874,198,199,129,1,-1,-1,-1
1477,-1,869,193,201,126,1,-1,-1,-1
1478,-1,866,189,201,124,1,-1,-1,-1
1479,-1,870,188,194,121,1,-1,-1,-1
1480,-1,853,184,203,116,1,-1,-1,-1
1481,-1,858,181,194,118,1,-1,-1,-1
1482,-1,844,177,210,117,1,-1,-1,-1
1483,-1,840,174,211,112,1,-1,-1,-1
1484,-1,839,171,204,111,1,-1,-1,-1
1485,-1,848,169,192,109,1,-1,-1,-1
1486,-1,859,166,178,109,1,-1,-1,-1
1487,-1,842,165,197,107,1,-1,-1,-1
1488,-1,844,163,187,106,1,-1,-1,-1
1489,-1,841,161,192,105,1,-1,-1,-1
1490,-1,841,159,190,104,1,-1,-1,-1
1491,-1,846,157,177,102,1,-1,-1,-1
1492,-1,843,153,182,103,1,-1,-1,-1
1492,-1,660,95,56,50,1,-1,-1,-1
1493,-1,841,152,178,101,1,-1,-1,-1
1493,-1,660,95,57,50,1,-1,-1,-1
1494,-1,842,149,175,100,1,-1,-1,-1
1494,-1,660,95,57,50,1,-1,-1,-1
1495,-1,849,145,167,101,1,-1,-1,-1
1495,-1,660,94,58,50,1,-1,-1,-1
1496,-1,851,141,158,101,1,-1,-1,-1
1496,-1,660,94,58,51,1,-1,-1,-1
1497,-1,845,141,161,99,1,-1,-1,-1
1497,-1,660,94,59,51,1,-1,-1,-1
1498,-1,841,137,167,100,1,-1,-1,-1
1498,-1,660,93,60,51,1,-1,-1,-1
1499,-1,840,137,165,97,1,-1,-1,-1
1499,-1,660,93,61,51,1,-1,-1,-1
1500,-1,849,133,153,98,1,-1,-1,-1
1500,-1,660,93,62,51,1,-1,-1,-1
1501,-1,849,131,151,98,1,-1,-1,-1
1501,-1,660,92,62,52,1,-1,-1,-1
1502,-1,844,129,148,100,1,-1,-1,-1
1502,-1,661,92,62,52,1,-1,-1,-1
1503,-1,847,129,148,97,1,-1,-1,-1
1503,-1,661,92,63,52,1,-1,-1,-1
1504,-1,840,126,146,94,1,-1,-1,-1
1504,-1,662,92,62,52,1,-1,-1,-1
1505,-1,840,123,150,95,1,-1,-1,-1
1505,-1,659,92,66,52,1,-1,-1,-1
1506,-1,837,120,145,95,1,-1,-1,-1
1506,-1,659,91,67,53,1,-1,-1,-1
1507,-1,837,113,143,99,1,-1,-1,-1
1507,-1,664,91,63,53,1,-1,-1,-1
1508,-1,841,113,138,96,1,-1,-1,-1
1508,-1,665,91,63,53,1,-1,-1,-1
1509,-1,841,112,139,94,1,-1,-1,-1
1509,-1,666,90,63,54,1,-1,-1,-1
1510,-1,850,113,130,91,1,-1,-1,-1
1510,-1,667,90,62,54,1,-1,-1,-1
1511,-1,864,110,113,91,1,-1,-1,-1
1511,-1,667,90,63,54,1,-1,-1,-1
1512,-1,860,110,115,91,1,-1,-1,-1
1512,-1,668,89,63,55,1,-1,-1,-1
1513,-1,863,107,111,90,1,-1,-1,-1
1513,-1,669,89,63,55,1,-1,-1,-1
1514,-1,861,105,110,94,1,-1,-1,-1
1514,-1,669,89,64,55,1,-1,-1,-1
1515,-1,860,105,111,90,1,-1,-1,-1
1515,-1,669,89,65,54,1,-1,-1,-1
1516,-1,861,101,103,93,1,-1,-1,-1
1516,-1,670,89,65,54,1,-1,-1,-1
1517,-1,858,101,103,86,1,-1,-1,-1
1517,-1,670,89,66,54,1,-1,-1,-1
1518,-1,857,99,103,85,1,-1,-1,-1
1518,-1,671,88,66,55,1,-1,-1,-1
1519,-1,856,98,102,84,1,-1,-1,-1
1519,-1,671,88,67,56,1,-1,-1,-1
1520,-1,855,97,101,83,1,-1,-1,-1
1520,-1,672,87,67,57,1,-1,-1,-1
1521,-1,854,97,101,81,1,-1,-1,-1
1521,-1,673,87,67,57,1,-1,-1,-1
1522,-1,853,98,100,78,1,-1,-1,-1
1522,-1,674,87,67,57,1,-1,-1,-1
1523,-1,852,95,101,79,1,-1,-1,-1
1523,-1,675,87,67,57,1,-1,-1,-1
1524,-1,852,93,99,79,1,-1,-1,-1
1524,-1,675,87,68,57,1,-1,-1,-1
1525,-1,850,94,98,76,1,-1,-1,-1
1525,-1,676,86,70,58,1,-1,-1,-1
1526,-1,849,93,98,76,1,-1,-1,-1
1526,-1,675,86,70,58,1,-1,-1,-1
1527,-1,851,92,94,75,1,-1,-1,-1
1527,-1,677,85,69,58,1,-1,-1,-1
1528,-1,850,91,93,74,1,-1,-1,-1
1528,-1,678,85,71,58,1,-1,-1,-1
1529,-1,849,88,96,75,1,-1,-1,-1
1529,-1,679,85,70,58,1,-1,-1,-1
1530,-1,849,88,92,74,1,-1,-1,-1
1530,-1,680,85,70,58,1,-1,-1,-1
1531,-1,848,86,93,72,1,-1,-1,-1
1531,-1,681,84,71,62,1,-1,-1,-1
1532,-1,847,85,92,74,1,-1,-1,-1
1532,-1,682,83,71,63,1,-1,-1,-1
1533,-1,682,83,72,63,1,-1,-1,-1
1533,-1,847,81,91,76,1,-1,-1,-1
1534,-1,684,83,72,65,1,-1,-1,-1
1534,-1,846,82,91,74,1,-1,-1,-1
1535,-1,847,82,94,62,1,-1,-1,-1
1535,-1,685,82,72,65,1,-1,-1,-1
1536,-1,847,82,94,62,1,-1,-1,-1
1536,-1,686,79,73,68,1,-1,-1,-1
1537,-1,846,81,85,59,1,-1,-1,-1
1537,-1,687,79,73,68,1,-1,-1,-1
1537,-1,619,34,94,51,1,-1,-1,-1
1538,-1,689,82,73,66,1,-1,-1,-1
1538,-1,846,81,85,59,1,-1,-1,-1
1538,-1,632,33,100,52,1,-1,-1,-1
1539,-1,845,81,85,61,1,-1,-1,-1
1539,-1,634,33,129,115,1,-1,-1,-1
1540,-1,843,81,83,66,1,-1,-1,-1
1540,-1,653,33,118,115,1,-1,-1,-1
1541,-1,843,80,82,69,1,-1,-1,-1
1541,-1,673,33,117,115,1,-1,-1,-1
1542,-1,843,80,82,66,1,-1,-1,-1
1542,-1,693,39,116,110,1,-1,-1,-1
1543,-1,843,80,83,66,1,-1,-1,-1
1543,-1,699,37,130,112,1,-1,-1,-1
1544,-1,842,80,84,66,1,-1,-1,-1
1544,-1,698,38,150,111,1,-1,-1,-1
1545,-1,842,81,80,64,1,-1,-1,-1
1545,-1,696,37,171,113,1,-1,-1,-1
1546,-1,699,83,74,67,1,-1,-1,-1
1546,-1,779,37,142,108,1,-1,-1,-1
1547,-1,699,84,75,66,1,-1,-1,-1
1547,-1,797,43,122,101,1,-1,-1,-1
1548,-1,701,83,76,67,1,-1,-1,-1
1548,-1,812,40,113,104,1,-1,-1,-1
1549,-1,701,83,77,67,1,-1,-1,-1
1549,-1,830,42,116,102,1,-1,-1,-1
1550,-1,702,84,78,66,1,-1,-1,-1
1550,-1,839,44,110,100,1,-1,-1,-1
1551,-1,703,79,78,71,1,-1,-1,-1
1551,-1,838,47,111,96,1,-1,-1,-1
1552,-1,704,79,78,71,1,-1,-1,-1
1552,-1,837,46,111,97,1,-1,-1,-1
1553,-1,836,81,78,62,1,-1,-1,-1
1553,-1,705,79,76,71,1,-1,-1,-1
1554,-1,835,82,75,61,1,-1,-1,-1
1554,-1,705,79,77,71,1,-1,-1,-1
1555,-1,833,82,77,61,1,-1,-1,-1
1555,-1,705,78,78,71,1,-1,-1,-1
1556,-1,833,81,76,62,1,-1,-1,-1
1556,-1,708,81,76,69,1,-1,-1,-1
1557,-1,832,83,75,59,1,-1,-1,-1
1557,-1,707,81,80,69,1,-1,-1,-1
1558,-1,831,84,75,59,1,-1,-1,-1
1558,-1,710,81,79,69,1,-1,-1,-1
1559,-1,829,84,76,59,1,-1,-1,-1
1559,-1,709,81,81,70,1,-1,-1,-1
1560,-1,828,84,74,58,1,-1,-1,-1
1560,-1,711,81,79,68,1,-1,-1,-1
1561,-1,826,85,70,57,1,-1,-1,-1
1561,-1,712,77,78,71,1,-1,-1,-1
1562,-1,825,85,78,58,1,-1,-1,-1
1562,-1,713,77,78,66,1,-1,-1,-1
1563,-1,823,85,76,58,1,-1,-1,-1
1563,-1,714,77,79,71,1,-1,-1,-1
1564,-1,821,86,71,56,1,-1,-1,-1
1564,-1,714,80,80,68,1,-1,-1,-1
1565,-1,819,87,72,55,1,-1,-1,-1
1565,-1,714,80,81,67,1,-1,-1,-1
1566,-1,936,969,488,111,1,-1,-1,-1
1566,-1,817,87,73,56,1,-1,-1,-1
1566,-1,714,79,82,68,1,-1,-1,-1
1567,-1,949,930,475,150,1,-1,-1,-1
1567,-1,814,87,71,56,1,-1,-1,-1
1567,-1,715,80,82,63,1,-1,-1,-1
1568,-1,961,893,461,187,1,-1,-1,-1
1568,-1,812,88,70,54,1,-1,-1,-1
1568,-1,715,81,86,63,1,-1,-1,-1
1569,-1,972,856,448,224,1,-1,-1,-1
1569,-1,810,88,69,54,1,-1,-1,-1
1569,-1,717,81,82,62,1,-1,-1,-1
1570,-1,981,823,435,257,1,-1,-1,-1
1570,-1,806,89,72,53,1,-1,-1,-1
1570,-1,717,81,84,62,1,-1,-1,-1
1571,-1,987,792,424,288,1,-1,-1,-1
1571,-1,808,89,69,53,1,-1,-1,-1
1571,-1,717,81,85,62,1,-1,-1,-1
1572,-1,992,762,412,318,1,-1,-1,-1
1572,-1,717,81,156,62,1,-1,-1,-1
1573,-1,995,734,402,346,1,-1,-1,-1
1573,-1,721,81,149,62,1,-1,-1,-1
1574,-1,981,707,409,363,1,-1,-1,-1
1574,-1,717,81,153,63,1,-1,-1,-1
1575,-1,987,681,395,353,1,-1,-1,-1
1575,-1,722,81,147,62,1,-1,-1,-1
1576,-1,987,655,387,345,1,-1,-1,-1
1576,-1,722,81,145,62,1,-1,-1,-1
1577,-1,985,632,381,335,1,-1,-1,-1
1577,-1,723,81,135,62,1,-1,-1,-1
1578,-1,976,609,381,326,1,-1,-1,-1
1578,-1,717,81,141,62,1,-1,-1,-1
1579,-1,973,587,375,317,1,-1,-1,-1
1579,-1,722,81,136,64,1,-1,-1,-1
1580,-1,973,567,365,308,1,-1,-1,-1
1580,-1,722,81,126,63,1,-1,-1,-1
1581,-1,975,548,353,302,1,-1,-1,-1
1581,-1,722,81,132,63,1,-1,-1,-1
1582,-1,975,529,343,296,1,-1,-1,-1
1582,-1,722,81,130,63,1,-1,-1,-1
1583,-1,978,512,330,289,1,-1,-1,-1
1583,-1,722,81,127,63,1,-1,-1,-1
1584,-1,983,497,315,280,1,-1,-1,-1
1584,-1,722,81,136,64,1,-1,-1,-1
1585,-1,947,482,341,275,1,-1,-1,-1
1585,-1,722,81,136,64,1,-1,-1,-1
1586,-1,947,466,331,270,1,-1,-1,-1
1586,-1,722,81,133,65,1,-1,-1,-1
1587,-1,950,452,318,263,1,-1,-1,-1
1587,-1,722,81,133,65,1,-1,-1,-1
1588,-1,943,438,315,258,1,-1,-1,-1
1588,-1,722,81,132,66,1,-1,-1,-1
1589,-1,961,423,288,254,1,-1,-1,-1
1589,-1,722,82,132,65,1,-1,-1,-1
1590,-1,930,413,310,247,1,-1,-1,-1
1590,-1,750,85,102,63,1,-1,-1,-1
1591,-1,923,401,308,242,1,-1,-1,-1
1591,-1,722,80,129,69,1,-1,-1,-1
1592,-1,923,388,300,239,1,-1,-1,-1
1592,-1,722,80,129,70,1,-1,-1,-1
1593,-1,897,377,318,233,1,-1,-1,-1
1593,-1,722,80,127,71,1,-1,-1,-1
1594,-1,897,367,311,228,1,-1,-1,-1
1594,-1,722,80,119,71,1,-1,-1,-1
1595,-1,890,356,312,225,1,-1,-1,-1
1595,-1,729,80,111,72,1,-1,-1,-1
1596,-1,901,347,295,220,1,-1,-1,-1
1596,-1,723,80,121,75,1,-1,-1,-1
1597,-1,889,337,301,217,1,-1,-1,-1
1597,-1,723,81,121,72,1,-1,-1,-1
1598,-1,891,326,293,215,1,-1,-1,-1
1598,-1,723,81,121,73,1,-1,-1,-1
1599,-1,889,318,290,210,1,-1,-1,-1
1599,-1,723,82,120,73,1,-1,-1,-1
1600,-1,881,309,294,208,1,-1,-1,-1
1600,-1,723,81,118,75,1,-1,-1,-1
1601,-1,875,301,296,204,1,-1,-1,-1
1601,-1,729,82,110,75,1,-1,-1,-1
1602,-1,875,293,293,202,1,-1,-1,-1
1602,-1,729,83,110,75,1,-1,-1,-1
1603,-1,881,288,283,197,1,-1,-1,-1
1603,-1,722,85,116,75,1,-1,-1,-1
1604,-1,868,280,293,195,1,-1,-1,-1
1604,-1,721,77,117,83,1,-1,-1,-1
1605,-1,865,273,293,192,1,-1,-1,-1
1605,-1,721,79,116,82,1,-1,-1,-1
1606,-1,871,267,283,189,1,-1,-1,-1
1606,-1,720,86,115,76,1,-1,-1,-1
1607,-1,871,262,280,186,1,-1,-1,-1
1607,-1,720,85,115,83,1,-1,-1,-1
1608,-1,873,257,275,183,1,-1,-1,-1
1608,-1,719,77,116,92,1,-1,-1,-1
1609,-1,865,252,281,181,1,-1,-1,-1
1609,-1,718,80,116,89,1,-1,-1,-1
1610,-1,859,244,284,181,1,-1,-1,-1
1610,-1,717,85,116,83,1,-1,-1,-1
1611,-1,854,242,287,176,1,-1,-1,-1
1611,-1,715,85,116,84,1,-1,-1,-1
1612,-1,859,236,279,175,1,-1,-1,-1
1612,-1,714,85,116,89,1,-1,-1,-1
1613,-1,862,234,274,171,1,-1,-1,-1
1613,-1,713,85,117,91,1,-1,-1,-1
1614,-1,894,227,239,171,1,-1,-1,-1
1614,-1,712,86,121,91,1,-1,-1,-1
1615,-1,901,225,229,167,1,-1,-1,-1
1615,-1,710,88,113,90,1,-1,-1,-1
1616,-1,901,221,227,166,1,-1,-1,-1
1616,-1,702,85,124,93,1,-1,-1,-1
1617,-1,897,218,228,163,1,-1,-1,-1
1617,-1,708,91,118,92,1,-1,-1,-1
1618,-1,900,211,223,163,1,-1,-1,-1
1618,-1,683,91,144,94,1,-1,-1,-1
1619,-1,899,209,221,160,1,-1,-1,-1
1619,-1,705,92,122,93,1,-1,-1,-1
1620,-1,891,208,226,155,1,-1,-1,-1
1620,-1,701,92,128,94,1,-1,-1,-1
1621,-1,905,204,210,154,1,-1,-1,-1
1621,-1,673,93,143,93,1,-1,-1,-1
1622,-1,888,197,224,155,1,-1,-1,-1
1622,-1,681,93,135,94,1,-1,-1,-1
1623,-1,881,195,229,150,1,-1,-1,-1
1623,-1,671,96,145,93,1,-1,-1,-1
1624,-1,873,193,234,147,1,-1,-1,-1
1624,-1,664,97,181,97,1,-1,-1,-1
1625,-1,867,185,237,150,1,-1,-1,-1
1625,-1,651,98,191,95,1,-1,-1,-1
1626,-1,863,184,238,145,1,-1,-1,-1
1626,-1,647,98,205,96,1,-1,-1,-1
1627,-1,862,182,236,142,1,-1,-1,-1
1627,-1,645,99,182,97,1,-1,-1,-1
1628,-1,870,178,224,141,1,-1,-1,-1
1628,-1,642,96,177,102,1,-1,-1,-1
1629,-1,855,175,236,139,1,-1,-1,-1
1629,-1,645,97,157,103,1,-1,-1,-1
1630,-1,856,172,232,137,1,-1,-1,-1
1630,-1,642,98,159,104,1,-1,-1,-1
1631,-1,864,169,221,135,1,-1,-1,-1
1631,-1,638,99,161,104,1,-1,-1,-1
1632,-1,850,165,232,134,1,-1,-1,-1
1632,-1,632,100,166,105,1,-1,-1,-1
1633,-1,850,162,228,132,1,-1,-1,-1
1633,-1,632,101,166,106,1,-1,-1,-1
1634,-1,850,159,224,131,1,-1,-1,-1
1634,-1,625,102,172,107,1,-1,-1,-1
1635,-1,853,156,218,130,1,-1,-1,-1
1635,-1,620,104,176,106,1,-1,-1,-1
1636,-1,849,153,219,128,1,-1,-1,-1
1636,-1,619,105,176,107,1,-1,-1,-1
1637,-1,849,151,215,127,1,-1,-1,-1
1637,-1,615,107,178,108,1,-1,-1,-1
1638,-1,847,149,213,125,1,-1,-1,-1
1638,-1,613,108,180,111,1,-1,-1,-1
1639,-1,846,148,211,124,1,-1,-1,-1
1639,-1,611,110,181,111,1,-1,-1,-1
1640,-1,844,147,209,121,1,-1,-1,-1
1640,-1,611,111,181,110,1,-1,-1,-1
1641,-1,842,143,203,122,1,-1,-1,-1
1641,-1,613,113,178,111,1,-1,-1,-1
1642,-1,845,148,197,115,1,-1,-1,-1
1642,-1,613,114,177,112,1,-1,-1,-1
1643,-1,841,140,198,120,1,-1,-1,-1
1643,-1,597,116,192,112,1,-1,-1,-1
1644,-1,843,137,200,119,1,-1,-1,-1
1644,-1,604,117,185,114,1,-1,-1,-1
1645,-1,842,135,193,118,1,-1,-1,-1
1645,-1,589,118,199,115,1,-1,-1,-1
1646,-1,840,133,190,116,1,-1,-1,-1
1646,-1,591,119,197,116,1,-1,-1,-1
1647,-1,848,130,179,116,1,-1,-1,-1
1647,-1,592,121,195,116,1,-1,-1,-1
1648,-1,848,129,185,114,1,-1,-1,-1
1648,-1,592,122,196,117,1,-1,-1,-1
1649,-1,849,127,177,113,1,-1,-1,-1
1649,-1,590,124,198,117,1,-1,-1,-1
1650,-1,833,126,187,111,1,-1,-1,-1
1650,-1,590,125,198,118,1,-1,-1,-1
1651,-1,585,126,203,120,1,-1,-1,-1
1651,-1,835,123,181,111,1,-1,-1,-1
1652,-1,585,127,203,121,1,-1,-1,-1
1652,-1,839,121,176,110,1,-1,-1,-1
1653,-1,586,128,203,122,1,-1,-1,-1
1653,-1,838,121,172,107,1,-1,-1,-1
1654,-1,585,130,204,123,1,-1,-1,-1
1654,-1,841,119,169,107,1,-1,-1,-1
1655,-1,576,132,214,124,1,-1,-1,-1
1655,-1,841,117,164,106,1,-1,-1,-1
1656,-1,833,117,169,103,1,-1,-1,-1
1656,-1,574,117,216,141,1,-1,-1,-1
1657,-1,573,116,218,145,1,-1,-1,-1
1657,-1,837,115,167,103,1,-1,-1,-1
1658,-1,580,115,212,149,1,-1,-1,-1
1658,-1,838,114,164,101,1,-1,-1,-1
1659,-1,583,112,210,154,1,-1,-1,-1
1659,-1,837,110,163,102,1,-1,-1,-1
1660,-1,836,107,161,103,1,-1,-1,-1
1660,-1,583,104,210,165,1,-1,-1,-1
1661,-1,837,106,158,101,1,-1,-1,-1
1661,-1,574,101,220,171,1,-1,-1,-1
1662,-1,572,145,222,130,1,-1,-1,-1
1662,-1,835,107,159,98,1,-1,-1,-1
1663,-1,841,103,150,99,1,-1,-1,-1
1663,-1,567,101,227,177,1,-1,-1,-1
1664,-1,565,149,230,132,1,-1,-1,-1
1664,-1,847,105,138,95,1,-1,-1,-1
1665,-1,567,151,228,132,1,-1,-1,-1
1665,-1,837,99,144,99,1,-1,-1,-1
1666,-1,569,153,227,133,1,-1,-1,-1
1666,-1,864,99,116,97,1,-1,-1,-1
1667,-1,570,154,226,135,1,-1,-1,-1
1667,-1,837,98,146,96,1,-1,-1,-1
1668,-1,570,156,226,135,1,-1,-1,-1
1668,-1,841,94,140,98,1,-1,-1,-1
1669,-1,571,156,226,138,1,-1,-1,-1
1669,-1,845,93,127,96,1,-1,-1,-1
1670,-1,562,158,235,138,1,-1,-1,-1
1670,-1,841,90,130,96,1,-1,-1,-1
1671,-1,563,159,235,140,1,-1,-1,-1
1671,-1,857,90,110,94,1,-1,-1,-1
1672,-1,561,161,237,141,1,-1,-1,-1
1672,-1,861,90,105,92,1,-1,-1,-1
1673,-1,564,163,234,142,1,-1,-1,-1
1673,-1,854,90,117,90,1,-1,-1,-1
1674,-1,563,166,236,142,1,-1,-1,-1
1674,-1,863,87,106,91,1,-1,-1,-1
1675,-1,557,167,242,144,1,-1,-1,-1
1675,-1,861,84,108,92,1,-1,-1,-1
1676,-1,553,169,246,145,1,-1,-1,-1
1676,-1,861,84,100,90,1,-1,-1,-1
1677,-1,559,171,241,147,1,-1,-1,-1
1677,-1,861,85,102,88,1,-1,-1,-1
1678,-1,558,173,242,148,1,-1,-1,-1
1678,-1,862,81,101,90,1,-1,-1,-1
1679,-1,557,175,243,150,1,-1,-1,-1
1679,-1,860,83,101,87,1,-1,-1,-1
1680,-1,557,177,245,151,1,-1,-1,-1
1680,-1,860,82,101,86,1,-1,-1,-1
1681,-1,559,180,243,152,1,-1,-1,-1
1681,-1,858,81,101,86,1,-1,-1,-1
1682,-1,560,182,242,154,1,-1,-1,-1
1682,-1,858,80,98,85,1,-1,-1,-1
1683,-1,559,185,244,154,1,-1,-1,-1
1683,-1,857,79,94,63,1,-1,-1,-1
1684,-1,559,187,245,156,1,-1,-1,-1
1684,-1,857,79,92,81,1,-1,-1,-1
1685,-1,559,189,246,158,1,-1,-1,-1
1685,-1,856,78,99,64,1,-1,-1,-1
1686,-1,559,192,246,158,1,-1,-1,-1
1686,-1,856,77,98,83,1,-1,-1,-1
1687,-1,554,194,252,160,1,-1,-1,-1
1687,-1,858,76,88,83,1,-1,-1,-1
1688,-1,555,197,252,160,1,-1,-1,-1
1688,-1,858,76,87,82,1,-1,-1,-1
1689,-1,559,200,249,161,1,-1,-1,-1
1689,-1,858,74,86,82,1,-1,-1,-1
1690,-1,556,202,253,163,1,-1,-1,-1
1690,-1,861,74,86,81,1,-1,-1,-1
1691,-1,553,205,257,164,1,-1,-1,-1
1691,-1,732,94,60,50,1,-1,-1,-1
1691,-1,860,73,83,81,1,-1,-1,-1
1692,-1,555,207,256,166,1,-1,-1,-1
1692,-1,731,93,60,51,1,-1,-1,-1
1692,-1,861,74,81,80,1,-1,-1,-1
1693,-1,558,209,254,167,1,-1,-1,-1
1693,-1,711,93,79,51,1,-1,-1,-1
1693,-1,860,74,81,79,1,-1,-1,-1
1694,-1,559,212,254,168,1,-1,-1,-1
1694,-1,715,90,74,54,1,-1,-1,-1
1694,-1,857,74,83,63,1,-1,-1,-1
1695,-1,539,214,276,169,1,-1,-1,-1
1695,-1,715,89,72,55,1,-1,-1,-1
1695,-1,851,73,88,64,1,-1,-1,-1
1696,-1,541,217,275,168,1,-1,-1,-1
1696,-1,713,89,73,53,1,-1,-1,-1
1696,-1,851,73,85,64,1,-1,-1,-1
1697,-1,545,219,273,168,1,-1,-1,-1
1697,-1,715,87,70,53,1,-1,-1,-1
1697,-1,851,73,82,64,1,-1,-1,-1
1698,-1,550,221,270,169,1,-1,-1,-1
1698,-1,712,87,71,52,1,-1,-1,-1
1698,-1,850,73,86,64,1,-1,-1,-1
1699,-1,549,223,274,171,1,-1,-1,-1
1699,-1,711,83,70,54,1,-1,-1,-1
1700,-1,529,225,296,173,1,-1,-1,-1
1700,-1,710,79,69,57,1,-1,-1,-1
1700,-1,849,73,81,64,1,-1,-1,-1
1701,-1,524,226,304,175,1,-1,-1,-1
1701,-1,703,81,74,54,1,-1,-1,-1
1701,-1,849,73,82,73,1,-1,-1,-1
1702,-1,525,229,305,176,1,-1,-1,-1
1702,-1,703,81,72,53,1,-1,-1,-1
1702,-1,849,73,62,73,1,-1,-1,-1
1703,-1,522,231,311,178,1,-1,-1,-1
1703,-1,701,79,72,54,1,-1,-1,-1
1704,-1,527,234,308,180,1,-1,-1,-1
1704,-1,699,75,74,56,1,-1,-1,-1
1705,-1,537,238,301,181,1,-1,-1,-1
1705,-1,691,74,79,56,1,-1,-1,-1
1706,-1,537,240,304,184,1,-1,-1,-1
1706,-1,693,73,76,57,1,-1,-1,-1
1706,-1,848,71,69,74,1,-1,-1,-1
1707,-1,537,243,307,187,1,-1,-1,-1
1707,-1,847,74,72,70,1,-1,-1,-1
1707,-1,690,72,78,56,1,-1,-1,-1
1708,-1,559,246,289,189,1,-1,-1,-1
1708,-1,691,71,76,56,1,-1,-1,-1
1709,-1,535,250,316,191,1,-1,-1,-1
1709,-1,687,70,79,56,1,-1,-1,-1
1710,-1,524,253,330,194,1,-1,-1,-1
1710,-1,687,69,78,56,1,-1,-1,-1
1711,-1,537,258,321,195,1,-1,-1,-1
1711,-1,686,68,79,56,1,-1,-1,-1
1712,-1,549,262,312,198,1,-1,-1,-1
1712,-1,837,81,76,63,1,-1,-1,-1
1712,-1,686,67,78,56,1,-1,-1,-1
1713,-1,543,267,321,201,1,-1,-1,-1
1713,-1,836,81,77,63,1,-1,-1,-1
1713,-1,686,65,77,57,1,-1,-1,-1
1714,-1,543,271,323,208,1,-1,-1,-1
1714,-1,835,81,77,63,1,-1,-1,-1
1715,-1,553,275,315,207,1,-1,-1,-1
1715,-1,833,81,78,63,1,-1,-1,-1
1716,-1,550,280,320,211,1,-1,-1,-1
1716,-1,832,81,77,63,1,-1,-1,-1
1716,-1,686,65,76,53,1,-1,-1,-1
1717,-1,537,285,335,213,1,-1,-1,-1
1717,-1,829,81,71,63,1,-1,-1,-1
1717,-1,685,61,77,56,1,-1,-1,-1
1718,-1,534,291,339,215,1,-1,-1,-1
1718,-1,828,79,68,65,1,-1,-1,-1
1718,-1,683,60,78,56,1,-1,-1,-1
1719,-1,555,297,319,218,1,-1,-1,-1
1719,-1,827,79,69,65,1,-1,-1,-1
1719,-1,682,61,79,54,1,-1,-1,-1
1720,-1,555,302,320,223,1,-1,-1,-1
1720,-1,822,79,71,65,1,-1,-1,-1
1720,-1,682,59,79,55,1,-1,-1,-1
1721,-1,536,307,340,227,1,-1,-1,-1
1721,-1,824,80,65,64,1,-1,-1,-1
1721,-1,683,59,78,54,1,-1,-1,-1
1722,-1,529,313,347,230,1,-1,-1,-1
1722,-1,820,80,69,64,1,-1,-1,-1
1722,-1,683,58,80,54,1,-1,-1,-1
1723,-1,530,319,347,233,1,-1,-1,-1
1723,-1,818,81,68,63,1,-1,-1,-1
1723,-1,685,58,81,54,1,-1,-1,-1
1724,-1,508,327,370,235,1,-1,-1,-1
1724,-1,816,81,69,63,1,-1,-1,-1
1724,-1,684,57,83,54,1,-1,-1,-1
1725,-1,505,334,374,237,1,-1,-1,-1
1725,-1,818,82,65,62,1,-1,-1,-1
1725,-1,685,57,84,53,1,-1,-1,-1
1726,-1,498,341,382,239,1,-1,-1,-1
1726,-1,816,83,63,61,1,-1,-1,-1
1726,-1,686,56,85,54,1,-1,-1,-1
1727,-1,482,348,399,242,1,-1,-1,-1
1727,-1,814,83,68,59,1,-1,-1,-1
1727,-1,686,55,86,54,1,-1,-1,-1
1728,-1,479,354,403,246,1,-1,-1,-1
1728,-1,812,82,73,57,1,-1,-1,-1
1728,-1,687,55,87,53,1,-1,-1,-1
1729,-1,511,360,372,251,1,-1,-1,-1
1729,-1,812,82,64,60,1,-1,-1,-1
1729,-1,692,53,84,54,1,-1,-1,-1
1730,-1,506,366,377,256,1,-1,-1,-1
1730,-1,811,82,67,61,1,-1,-1,-1
1730,-1,690,52,87,54,1,-1,-1,-1
1731,-1,456,373,428,259,1,-1,-1,-1
1731,-1,808,83,64,60,1,-1,-1,-1
1731,-1,699,53,81,53,1,-1,-1,-1
1732,-1,452,381,433,262,1,-1,-1,-1
1732,-1,810,83,61,60,1,-1,-1,-1
1732,-1,699,52,85,53,1,-1,-1,-1
1733,-1,451,390,436,264,1,-1,-1,-1
1733,-1,808,83,69,61,1,-1,-1,-1
1733,-1,705,49,81,55,1,-1,-1,-1
1734,-1,447,398,441,268,1,-1,-1,-1
1734,-1,805,84,66,60,1,-1,-1,-1
1734,-1,713,52,76,51,1,-1,-1,-1
1735,-1,443,408,446,269,1,-1,-1,-1
1735,-1,805,85,65,59,1,-1,-1,-1
1735,-1,615,40,177,63,1,-1,-1,-1
1736,-1,434,415,456,275,1,-1,-1,-1
1736,-1,803,85,66,59,1,-1,-1,-1
1736,-1,625,41,171,61,1,-1,-1,-1
1737,-1,428,423,463,279,1,-1,-1,-1
1737,-1,802,85,64,59,1,-1,-1,-1
1737,-1,642,41,158,60,1,-1,-1,-1
1738,-1,424,430,468,285,1,-1,-1,-1
1738,-1,801,87,62,56,1,-1,-1,-1
1738,-1,660,42,144,59,1,-1,-1,-1
1739,-1,421,438,472,293,1,-1,-1,-1
1739,-1,678,42,184,101,1,-1,-1,-1
1740,-1,415,448,479,294,1,-1,-1,-1
1740,-1,696,43,184,100,1,-1,-1,-1
1741,-1,454,458,441,298,1,-1,-1,-1
1741,-1,713,44,168,99,1,-1,-1,-1
1742,-1,457,468,439,303,1,-1,-1,-1
1742,-1,732,44,146,99,1,-1,-1,-1
1743,-1,448,478,449,309,1,-1,-1,-1
1743,-1,748,45,118,98,1,-1,-1,-1
1744,-1,443,488,455,315,1,-1,-1,-1
1744,-1,753,46,122,97,1,-1,-1,-1
1745,-1,436,499,462,321,1,-1,-1,-1
1745,-1,747,47,132,97,1,-1,-1,-1
1746,-1,428,510,470,327,1,-1,-1,-1
1746,-1,732,49,188,95,1,-1,-1,-1
1747,-1,371,522,527,332,1,-1,-1,-1
1747,-1,718,49,221,95,1,-1,-1,-1
1748,-1,363,534,534,338,1,-1,-1,-1
1748,-1,712,51,238,93,1,-1,-1,-1
1749,-1,354,546,542,348,1,-1,-1,-1
1749,-1,705,52,246,92,1,-1,-1,-1
1750,-1,1289,1004,413,76,1,-1,-1,-1
1750,-1,345,559,550,351,1,-1,-1,-1
1750,-1,782,53,96,91,1,-1,-1,-1
1751,-1,1290,974,412,106,1,-1,-1,-1
1751,-1,336,571,557,358,1,-1,-1,-1
1751,-1,789,52,88,92,1,-1,-1,-1
1752,-1,1242,945,460,135,1,-1,-1,-1
1752,-1,327,583,565,366,1,-1,-1,-1
1752,-1,792,49,88,95,1,-1,-1,-1
1753,-1,1243,918,459,162,1,-1,-1,-1
1753,-1,316,599,574,370,1,-1,-1,-1
1753,-1,791,49,117,95,1,-1,-1,-1
1754,-1,1243,886,459,194,1,-1,-1,-1
1754,-1,307,612,581,376,1,-1,-1,-1
1754,-1,790,47,128,97,1,-1,-1,-1
1755,-1,1240,844,462,236,1,-1,-1,-1
1755,-1,297,627,589,382,1,-1,-1,-1
1755,-1,789,47,139,97,1,-1,-1,-1
1756,-1,1235,832,467,248,1,-1,-1,-1
1756,-1,286,644,598,387,1,-1,-1,-1
1757,-1,1230,811,472,269,1,-1,-1,-1
1757,-1,275,660,607,393,1,-1,-1,-1
1757,-1,829,193,166,87,1,-1,-1,-1
1757,-1,787,91,57,53,1,-1,-1,-1
1758,-1,1225,780,477,300,1,-1,-1,-1
1758,-1,262,675,616,401,1,-1,-1,-1
1758,-1,354,265,102,60,1,-1,-1,-1
1758,-1,1001,197,178,84,1,-1,-1,-1
1758,-1,842,193,153,105,1,-1,-1,-1
1758,-1,786,91,61,52,1,-1,-1,-1
1758,-1,884,45,76,55,1,-1,-1,-1
1759,-1,1217,754,484,326,1,-1,-1,-1
1759,-1,250,688,625,392,1,-1,-1,-1
1759,-1,354,265,105,60,1,-1,-1,-1
1759,-1,791,211,81,81,1,-1,-1,-1
1759,-1,1002,197,177,93,1,-1,-1,-1
1759,-1,857,193,138,105,1,-1,-1,-1
1759,-1,785,91,59,53,1,-1,-1,-1
1759,-1,866,44,111,56,1,-1,-1,-1
1760,-1,1209,787,476,293,1,-1,-1,-1
1760,-1,1240,734,439,84,1,-1,-1,-1
1760,-1,235,704,636,376,1,-1,-1,-1
1760,-1,354,265,105,60,1,-1,-1,-1
1760,-1,791,211,81,81,1,-1,-1,-1
1760,-1,1002,197,177,93,1,-1,-1,-1
1760,-1,857,193,137,105,1,-1,-1,-1
1760,-1,781,92,58,52,1,-1,-1,-1
1760,-1,884,45,93,53,1,-1,-1,-1
1761,-1,1200,783,468,297,1,-1,-1,-1
1761,-1,222,720,660,360,1,-1,-1,-1
1761,-1,1215,715,466,106,1,-1,-1,-1
1761,-1,354,263,109,62,1,-1,-1,-1
1761,-1,1002,198,203,82,1,-1,-1,-1
1761,-1,829,194,165,104,1,-1,-1,-1
1761,-1,784,93,54,51,1,-1,-1,-1
1762,-1,1189,764,461,316,1,-1,-1,-1
1762,-1,219,738,644,342,1,-1,-1,-1
1762,-1,1235,689,432,129,1,-1,-1,-1
1762,-1,355,265,108,60,1,-1,-1,-1
1762,-1,1002,198,189,81,1,-1,-1,-1
1762,-1,829,195,165,85,1,-1,-1,-1
1762,-1,782,93,55,51,1,-1,-1,-1
1763,-1,240,677,1410,403,1,-1,-1,-1
1763,-1,931,216,53,64,1,-1,-1,-1
1763,-1,779,93,60,51,1,-1,-1,-1
1764,-1,410,657,1225,423,1,-1,-1,-1
1764,-1,931,216,53,64,1,-1,-1,-1
1764,-1,782,93,53,51,1,-1,-1,-1
1765,-1,396,638,1214,442,1,-1,-1,-1
1765,-1,780,94,57,50,1,-1,-1,-1
1766,-1,383,625,1207,455,1,-1,-1,-1
1766,-1,778,95,54,50,1,-1,-1,-1
1767,-1,368,602,1202,478,1,-1,-1,-1
1768,-1,353,593,1198,487,1,-1,-1,-1
1769,-1,336,870,484,210,1,-1,-1,-1
1769,-1,790,578,752,430,1,-1,-1,-1
1770,-1,381,892,430,188,1,-1,-1,-1
1770,-1,787,561,728,421,1,-1,-1,-1
1771,-1,374,914,416,166,1,-1,-1,-1
1771,-1,784,542,711,415,1,-1,-1,-1
1772,-1,364,937,406,143,1,-1,-1,-1
1772,-1,780,529,702,402,1,-1,-1,-1
1773,-1,354,960,394,120,1,-1,-1,-1
1773,-1,775,507,689,401,1,-1,-1,-1
1774,-1,393,985,322,95,1,-1,-1,-1
1774,-1,772,491,673,394,1,-1,-1,-1
1775,-1,769,483,661,380,1,-1,-1,-1
1776,-1,766,473,650,370,1,-1,-1,-1
1777,-1,766,455,631,368,1,-1,-1,-1
1778,-1,724,448,655,355,1,-1,-1,-1
1779,-1,933,433,432,353,1,-1,-1,-1
1780,-1,753,423,598,345,1,-1,-1,-1
1781,-1,750,414,588,336,1,-1,-1,-1
1782,-1,794,405,532,328,1,-1,-1,-1
1783,-1,795,394,521,331,1,-1,-1,-1
1784,-1,787,384,518,321,1,-1,-1,-1
1785,-1,787,375,509,314,1,-1,-1,-1
1786,-1,778,365,512,310,1,-1,-1,-1
1787,-1,781,356,494,306,1,-1,-1,-1
1788,-1,796,347,471,302,1,-1,-1,-1
1789,-1,773,339,487,298,1,-1,-1,-1
1790,-1,776,330,478,294,1,-1,-1,-1
1791,-1,741,322,504,287,1,-1,-1,-1
1792,-1,741,314,498,283,1,-1,-1,-1
1793,-1,742,307,492,279,1,-1,-1,-1
1794,-1,743,300,487,274,1,-1,-1,-1
1795,-1,745,294,480,271,1,-1,-1,-1
1796,-1,747,286,474,269,1,-1,-1,-1
1797,-1,749,280,468,264,1,-1,-1,-1
1798,-1,755,274,459,260,1,-1,-1,-1
1799,-1,756,268,455,258,1,-1,-1,-1
1800,-1,758,262,451,255,1,-1,-1,-1
1801,-1,761,257,446,255,1,-1,-1,-1
1802,-1,765,252,440,251,1,-1,-1,-1
1803,-1,769,246,434,249,1,-1,-1,-1
1804,-1,771,241,431,246,1,-1,-1,-1
1805,-1,775,237,425,241,1,-1,-1,-1
1806,-1,780,233,419,238,1,-1,-1,-1
1807,-1,783,229,415,235,1,-1,-1,-1
1808,-1,787,226,410,232,1,-1,-1,-1
1809,-1,790,222,406,230,1,-1,-1,-1
1810,-1,801,219,394,227,1,-1,-1,-1
1811,-1,797,216,397,226,1,-1,-1,-1
1812,-1,800,214,393,223,1,-1,-1,-1
1813,-1,802,211,390,221,1,-1,-1,-1
1814,-1,806,208,386,218,1,-1,-1,-1
1815,-1,808,205,383,216,1,-1,-1,-1
1816,-1,810,204,381,211,1,-1,-1,-1
1817,-1,813,202,376,209,1,-1,-1,-1
1818,-1,824,199,359,209,1,-1,-1,-1
1819,-1,849,197,340,208,1,-1,-1,-1
1820,-1,913,193,277,206,1,-1,-1,-1
1821,-1,988,189,203,205,1,-1,-1,-1
1822,-1,991,188,201,199,1,-1,-1,-1
1823,-1,995,186,200,197,1,-1,-1,-1
1824,-1,998,184,201,198,1,-1,-1,-1
1825,-1,999,182,205,194,1,-1,-1,-1
1826,-1,1001,179,210,196,1,-1,-1,-1
1827,-1,1001,177,217,197,1,-1,-1,-1
1828,-1,1003,177,224,187,1,-1,-1,-1
1829,-1,1003,172,236,193,1,-1,-1,-1
1830,-1,1003,171,246,194,1,-1,-1,-1
1831,-1,1005,168,255,192,1,-1,-1,-1
1832,-1,1008,167,265,193,1,-1,-1,-1
1833,-1,1069,166,217,187,1,-1,-1,-1
1834,-1,1073,166,228,187,1,-1,-1,-1
1835,-1,1067,162,248,189,1,-1,-1,-1
1836,-1,1017,161,313,190,1,-1,-1,-1
1837,-1,1065,160,277,190,1,-1,-1,-1
1838,-1,1132,160,210,175,1,-1,-1,-1
1839,-1,1158,156,183,176,1,-1,-1,-1
1840,-1,1177,270,171,60,1,-1,-1,-1
1840,-1,1181,156,161,122,1,-1,-1,-1
1841,-1,1195,271,153,58,1,-1,-1,-1
1841,-1,1198,153,144,125,1,-1,-1,-1
1842,-1,1193,271,155,59,1,-1,-1,-1
1842,-1,1214,151,128,103,1,-1,-1,-1
1846,-1,1353,138,161,182,1,-1,-1,-1
1847,-1,1354,134,181,185,1,-1,-1,-1
1848,-1,1354,129,202,175,1,-1,-1,-1
1849,-1,1357,127,217,169,1,-1,-1,-1
1850,-1,1360,124,223,171,1,-1,-1,-1
1851,-1,1364,119,219,169,1,-1,-1,-1
1852,-1,1364,113,219,170,1,-1,-1,-1
1853,-1,1364,107,219,173,1,-1,-1,-1
1854,-1,1365,120,216,155,1,-1,-1,-1
1855,-1,1383,95,201,173,1,-1,-1,-1
1856,-1,1397,117,188,146,1,-1,-1,-1
1858,-1,1474,195,111,58,1,-1,-1,-1
1859,-1,1492,197,93,53,1,-1,-1,-1
1860,-1,1478,187,104,57,1,-1,-1,-1
1877,-1,693,94,74,56,1,-1,-1,-1
1878,-1,694,94,75,56,1,-1,-1,-1
1879,-1,699,93,72,57,1,-1,-1,-1
1880,-1,699,93,74,58,1,-1,-1,-1
1881,-1,700,93,75,60,1,-1,-1,-1
1882,-1,700,93,77,60,1,-1,-1,-1
1883,-1,701,93,78,61,1,-1,-1,-1
1884,-1,704,93,77,61,1,-1,-1,-1
1885,-1,705,93,78,61,1,-1,-1,-1
1886,-1,706,92,78,62,1,-1,-1,-1
1887,-1,709,92,77,61,1,-1,-1,-1
1889,-1,710,91,78,52,1,-1,-1,-1
1890,-1,711,90,78,53,1,-1,-1,-1
1891,-1,713,89,77,54,1,-1,-1,-1
1892,-1,713,91,78,52,1,-1,-1,-1
1893,-1,714,89,78,54,1,-1,-1,-1
1894,-1,714,88,78,55,1,-1,-1,-1
1895,-1,715,89,78,54,1,-1,-1,-1
1896,-1,715,92,79,51,1,-1,-1,-1
1897,-1,716,91,79,52,1,-1,-1,-1
1898,-1,716,90,80,53,1,-1,-1,-1
1899,-1,716,88,81,55,1,-1,-1,-1
1900,-1,717,92,81,52,1,-1,-1,-1
1901,-1,718,90,81,55,1,-1,-1,-1
1902,-1,718,90,83,56,1,-1,-1,-1
1903,-1,718,91,84,55,1,-1,-1,-1
1904,-1,721,87,82,59,1,-1,-1,-1
1905,-1,721,89,83,59,1,-1,-1,-1
1906,-1,721,90,85,58,1,-1,-1,-1
1907,-1,721,91,86,61,1,-1,-1,-1
1908,-1,723,89,85,61,1,-1,-1,-1
1909,-1,723,89,86,66,1,-1,-1,-1
1910,-1,722,89,88,67,1,-1,-1,-1
1911,-1,723,92,88,65,1,-1,-1,-1
1912,-1,723,91,88,68,1,-1,-1,-1
1913,-1,723,92,89,65,1,-1,-1,-1
1914,-1,723,93,89,69,1,-1,-1,-1
1915,-1,723,93,89,70,1,-1,-1,-1
1916,-1,723,94,89,70,1,-1,-1,-1
1917,-1,722,94,90,72,1,-1,-1,-1
1918,-1,722,96,89,72,1,-1,-1,-1
1919,-1,721,97,91,72,1,-1,-1,-1
1920,-1,720,99,92,75,1,-1,-1,-1
1921,-1,720,99,92,77,1,-1,-1,-1
1922,-1,719,100,93,78,1,-1,-1,-1
1923,-1,719,101,93,79,1,-1,-1,-1
1924,-1,718,104,94,77,1,-1,-1,-1
1925,-1,717,104,95,80,1,-1,-1,-1
1926,-1,717,104,95,82,1,-1,-1,-1
1927,-1,714,134,98,54,1,-1,-1,-1
1928,-1,708,136,104,54,1,-1,-1,-1
1929,-1,710,132,102,61,1,-1,-1,-1
1930,-1,708,120,104,76,1,-1,-1,-1
1931,-1,674,120,138,76,1,-1,-1,-1
1932,-1,672,122,140,77,1,-1,-1,-1
1933,-1,669,124,145,77,1,-1,-1,-1
1934,-1,674,126,140,77,1,-1,-1,-1
1935,-1,669,126,142,79,1,-1,-1,-1
1936,-1,671,124,139,83,1,-1,-1,-1
1937,-1,664,123,146,87,1,-1,-1,-1
1938,-1,665,128,147,85,1,-1,-1,-1
1939,-1,661,130,149,86,1,-1,-1,-1
1940,-1,659,131,151,87,1,-1,-1,-1
1941,-1,657,133,153,86,1,-1,-1,-1
1942,-1,656,133,155,89,1,-1,-1,-1
1943,-1,651,138,160,87,1,-1,-1,-1
1944,-1,649,140,160,88,1,-1,-1,-1
1945,-1,643,140,165,89,1,-1,-1,-1
1946,-1,641,143,167,90,1,-1,-1,-1
1947,-1,637,144,170,92,1,-1,-1,-1
1948,-1,637,146,168,93,1,-1,-1,-1
1949,-1,636,148,168,94,1,-1,-1,-1
1950,-1,636,150,165,92,1,-1,-1,-1
1951,-1,628,151,174,96,1,-1,-1,-1
1952,-1,625,154,173,94,1,-1,-1,-1
1953,-1,621,157,178,95,1,-1,-1,-1
1954,-1,616,159,179,99,1,-1,-1,-1
1955,-1,612,163,182,97,1,-1,-1,-1
1956,-1,608,166,186,97,1,-1,-1,-1
1957,-1,609,167,183,100,1,-1,-1,-1
1958,-1,599,170,191,101,1,-1,-1,-1
1959,-1,594,173,194,102,1,-1,-1,-1
1960,-1,591,175,195,104,1,-1,-1,-1
1961,-1,587,178,197,104,1,-1,-1,-1
1962,-1,588,179,194,107,1,-1,-1,-1
1963,-1,585,182,195,107,1,-1,-1,-1
1964,-1,583,184,195,109,1,-1,-1,-1
1965,-1,576,186,201,111,1,-1,-1,-1
1966,-1,575,189,202,112,1,-1,-1,-1
1967,-1,569,192,208,113,1,-1,-1,-1
1968,-1,562,195,215,115,1,-1,-1,-1
1969,-1,557,198,220,117,1,-1,-1,-1
1970,-1,553,202,228,118,1,-1,-1,-1
1971,-1,549,206,232,119,1,-1,-1,-1
1972,-1,547,208,234,122,1,-1,-1,-1
1973,-1,544,211,238,124,1,-1,-1,-1
1974,-1,542,215,240,125,1,-1,-1,-1
1975,-1,541,219,238,128,1,-1,-1,-1
1976,-1,537,224,247,129,1,-1,-1,-1
1977,-1,534,227,250,129,1,-1,-1,-1
1978,-1,537,231,248,131,1,-1,-1,-1
1979,-1,531,236,255,131,1,-1,-1,-1
1980,-1,527,239,260,134,1,-1,-1,-1
1981,-1,524,243,263,136,1,-1,-1,-1
1982,-1,518,247,270,136,1,-1,-1,-1
1983,-1,525,254,264,132,1,-1,-1,-1
1984,-1,538,256,251,134,1,-1,-1,-1
1985,-1,524,258,267,137,1,-1,-1,-1
1986,-1,521,261,271,139,1,-1,-1,-1
1987,-1,514,265,279,141,1,-1,-1,-1
1988,-1,514,269,279,143,1,-1,-1,-1
1989,-1,510,273,284,145,1,-1,-1,-1
1990,-1,505,278,290,149,1,-1,-1,-1
1991,-1,502,283,293,152,1,-1,-1,-1
1992,-1,499,289,297,155,1,-1,-1,-1
1993,-1,494,295,302,158,1,-1,-1,-1
1994,-1,489,302,307,165,1,-1,-1,-1
1995,-1,484,310,311,168,1,-1,-1,-1
1996,-1,478,318,317,169,1,-1,-1,-1
1997,-1,473,326,322,173,1,-1,-1,-1
1998,-1,467,336,327,175,1,-1,-1,-1
1999,-1,460,348,333,178,1,-1,-1,-1
2000,-1,451,362,341,178,1,-1,-1,-1
2001,-1,443,369,349,188,1,-1,-1,-1
2002,-1,436,376,355,192,1,-1,-1,-1
2003,-1,429,387,362,195,1,-1,-1,-1
2004,-1,423,398,368,199,1,-1,-1,-1
2005,-1,416,408,375,204,1,-1,-1,-1
2006,-1,410,421,382,207,1,-1,-1,-1
2007,-1,404,428,388,216,1,-1,-1,-1
2008,-1,398,445,395,216,1,-1,-1,-1
2009,-1,392,458,402,221,1,-1,-1,-1
2010,-1,385,467,410,231,1,-1,-1,-1
2011,-1,377,486,419,231,1,-1,-1,-1
2012,-1,371,502,426,236,1,-1,-1,-1
2013,-1,364,516,434,244,1,-1,-1,-1
2014,-1,356,535,442,249,1,-1,-1,-1
2015,-1,346,552,452,257,1,-1,-1,-1
2016,-1,335,571,463,264,1,-1,-1,-1
2017,-1,325,591,472,271,1,-1,-1,-1
2018,-1,313,611,482,279,1,-1,-1,-1
2019,-1,300,634,492,286,1,-1,-1,-1
2020,-1,285,657,504,293,1,-1,-1,-1
2021,-1,269,682,515,300,1,-1,-1,-1
2022,-1,252,708,525,307,1,-1,-1,-1
2023,-1,231,735,537,317,1,-1,-1,-1
2024,-1,211,762,545,318,1,-1,-1,-1
2025,-1,177,790,564,290,1,-1,-1,-1
2026,-1,172,821,554,259,1,-1,-1,-1
2027,-1,296,853,413,227,1,-1,-1,-1
2028,-1,261,885,427,195,1,-1,-1,-1
2029,-1,222,921,440,159,1,-1,-1,-1
2030,-1,227,947,406,133,1,-1,-1,-1
2044,-1,1137,961,423,119,1,-1,-1,-1
2045,-1,1142,924,412,156,1,-1,-1,-1
2046,-1,1145,888,401,192,1,-1,-1,-1
2047,-1,1147,856,390,224,1,-1,-1,-1
2048,-1,1008,824,520,256,1,-1,-1,-1
2049,-1,955,795,562,285,1,-1,-1,-1
2050,-1,959,767,548,313,1,-1,-1,-1
2051,-1,964,741,533,309,1,-1,-1,-1
2052,-1,967,716,520,301,1,-1,-1,-1
2053,-1,969,691,507,292,1,-1,-1,-1
2054,-1,969,666,495,287,1,-1,-1,-1
2055,-1,969,643,483,279,1,-1,-1,-1
2056,-1,967,621,472,273,1,-1,-1,-1
2057,-1,964,601,462,267,1,-1,-1,-1
2058,-1,961,583,451,260,1,-1,-1,-1
2059,-1,964,565,434,254,1,-1,-1,-1
2060,-1,1055,551,331,246,1,-1,-1,-1
2061,-1,1047,531,325,245,1,-1,-1,-1
2062,-1,943,515,415,241,1,-1,-1,-1
2063,-1,936,499,408,235,1,-1,-1,-1
2064,-1,930,485,399,229,1,-1,-1,-1
2065,-1,923,472,392,223,1,-1,-1,-1
2066,-1,916,465,385,213,1,-1,-1,-1
2067,-1,910,445,377,216,1,-1,-1,-1
2068,-1,904,433,371,211,1,-1,-1,-1
2069,-1,899,428,364,200,1,-1,-1,-1
2070,-1,894,416,359,197,1,-1,-1,-1
2071,-1,890,404,354,194,1,-1,-1,-1
2072,-1,887,393,348,191,1,-1,-1,-1
2073,-1,883,376,343,195,1,-1,-1,-1
2074,-1,881,369,338,189,1,-1,-1,-1
2075,-1,880,357,332,188,1,-1,-1,-1
2076,-1,882,358,324,175,1,-1,-1,-1
2077,-1,879,351,322,171,1,-1,-1,-1
2078,-1,879,331,316,180,1,-1,-1,-1
2079,-1,879,329,311,172,1,-1,-1,-1
2080,-1,880,327,306,164,1,-1,-1,-1
2081,-1,881,319,301,162,1,-1,-1,-1
2082,-1,882,310,297,161,1,-1,-1,-1
2083,-1,883,303,292,159,1,-1,-1,-1
2084,-1,883,297,289,157,1,-1,-1,-1
2085,-1,885,292,285,154,1,-1,-1,-1
2086,-1,887,286,280,153,1,-1,-1,-1
2087,-1,887,274,277,157,1,-1,-1,-1
2088,-1,888,268,274,156,1,-1,-1,-1
2089,-1,890,271,269,146,1,-1,-1,-1
2090,-1,893,266,264,144,1,-1,-1,-1
2091,-1,895,259,260,145,1,-1,-1,-1
2092,-1,897,252,256,145,1,-1,-1,-1
2093,-1,898,253,252,138,1,-1,-1,-1
2094,-1,905,247,243,138,1,-1,-1,-1
2095,-1,934,242,212,137,1,-1,-1,-1
2096,-1,935,241,209,132,1,-1,-1,-1
2097,-1,907,236,235,131,1,-1,-1,-1
2098,-1,937,232,203,132,1,-1,-1,-1
2099,-1,913,228,225,131,1,-1,-1,-1
2100,-1,905,223,231,128,1,-1,-1,-1
2101,-1,901,220,233,128,1,-1,-1,-1
2102,-1,902,216,229,123,1,-1,-1,-1
2103,-1,906,210,223,124,1,-1,-1,-1
2104,-1,905,209,221,120,1,-1,-1,-1
2105,-1,904,205,219,120,1,-1,-1,-1
2106,-1,911,199,209,120,1,-1,-1,-1
2107,-1,905,198,212,120,1,-1,-1,-1
2108,-1,905,196,209,113,1,-1,-1,-1
2109,-1,905,192,205,116,1,-1,-1,-1
2110,-1,908,189,200,111,1,-1,-1,-1
2111,-1,907,186,198,112,1,-1,-1,-1
2112,-1,907,183,194,108,1,-1,-1,-1
2113,-1,910,177,187,110,1,-1,-1,-1
2114,-1,906,177,184,106,1,-1,-1,-1
2115,-1,914,174,174,105,1,-1,-1,-1
2116,-1,908,171,177,104,1,-1,-1,-1
2117,-1,907,169,172,104,1,-1,-1,-1
2118,-1,906,167,171,102,1,-1,-1,-1
2119,-1,898,165,176,101,1,-1,-1,-1
2120,-1,897,167,174,97,1,-1,-1,-1
2121,-1,897,162,169,99,1,-1,-1,-1
2122,-1,894,160,171,98,1,-1,-1,-1
2123,-1,893,158,169,97,1,-1,-1,-1
2124,-1,893,156,163,96,1,-1,-1,-1
2125,-1,893,153,161,98,1,-1,-1,-1
2126,-1,897,148,154,99,1,-1,-1,-1
2127,-1,904,149,147,94,1,-1,-1,-1
2128,-1,899,145,146,95,1,-1,-1,-1
2129,-1,905,143,138,95,1,-1,-1,-1
2130,-1,905,141,135,94,1,-1,-1,-1
2131,-1,898,140,140,92,1,-1,-1,-1
2132,-1,911,138,128,92,1,-1,-1,-1
2133,-1,890,136,143,94,1,-1,-1,-1
2134,-1,888,134,143,90,1,-1,-1,-1
2135,-1,891,132,138,90,1,-1,-1,-1
2136,-1,899,130,128,89,1,-1,-1,-1
2137,-1,881,127,143,90,1,-1,-1,-1
2138,-1,899,127,124,87,1,-1,-1,-1
2139,-1,883,126,137,86,1,-1,-1,-1
2140,-1,892,123,129,86,1,-1,-1,-1
2141,-1,907,122,112,84,1,-1,-1,-1
