193,-1,574,153,53,50,1,-1,-1,-1
194,-1,573,155,53,50,1,-1,-1,-1
195,-1,572,156,54,51,1,-1,-1,-1
196,-1,571,158,54,51,1,-1,-1,-1
197,-1,570,160,55,51,1,-1,-1,-1
198,-1,570,162,54,52,1,-1,-1,-1
199,-1,569,163,55,52,1,-1,-1,-1
200,-1,568,165,55,52,1,-1,-1,-1
201,-1,568,167,55,53,1,-1,-1,-1
202,-1,567,169,58,53,1,-1,-1,-1
203,-1,566,170,58,54,1,-1,-1,-1
204,-1,565,172,59,54,1,-1,-1,-1
205,-1,564,174,59,54,1,-1,-1,-1
206,-1,564,176,59,54,1,-1,-1,-1
207,-1,563,177,60,55,1,-1,-1,-1
208,-1,563,179,60,55,1,-1,-1,-1
209,-1,562,181,60,55,1,-1,-1,-1
210,-1,561,183,59,55,1,-1,-1,-1
211,-1,561,184,58,55,1,-1,-1,-1
212,-1,560,186,58,55,1,-1,-1,-1
213,-1,560,187,61,56,1,-1,-1,-1
214,-1,559,189,62,56,1,-1,-1,-1
215,-1,558,190,63,56,1,-1,-1,-1
216,-1,557,192,60,56,1,-1,-1,-1
217,-1,556,193,61,56,1,-1,-1,-1
218,-1,553,195,63,56,1,-1,-1,-1
219,-1,553,196,64,56,1,-1,-1,-1
220,-1,550,197,65,57,1,-1,-1,-1
221,-1,547,198,66,57,1,-1,-1,-1
222,-1,542,200,70,57,1,-1,-1,-1
223,-1,538,201,71,57,1,-1,-1,-1
224,-1,532,201,79,58,1,-1,-1,-1
225,-1,525,202,80,59,1,-1,-1,-1
226,-1,517,203,85,59,1,-1,-1,-1
227,-1,513,204,86,59,1,-1,-1,-1
228,-1,505,205,91,59,1,-1,-1,-1
229,-1,501,207,91,58,1,-1,-1,-1
230,-1,501,208,86,58,1,-1,-1,-1
231,-1,501,209,82,57,1,-1,-1,-1
232,-1,501,209,76,57,1,-1,-1,-1
233,-1,501,209,69,59,1,-1,-1,-1
234,-1,501,210,62,58,1,-1,-1,-1
235,-1,501,213,56,55,1,-1,-1,-1
435,-1,1488,1007,111,73,1,-1,-1,-1
436,-1,1465,1003,114,77,1,-1,-1,-1
437,-1,1455,982,106,98,1,-1,-1,-1
438,-1,1441,970,111,110,1,-1,-1,-1
439,-1,1452,965,92,115,1,-1,-1,-1
560,-1,1869,881,51,55,1,-1,-1,-1
561,-1,1864,881,56,55,1,-1,-1,-1
562,-1,1862,881,58,55,1,-1,-1,-1
563,-1,1858,881,62,55,1,-1,-1,-1
653,-1,1754,463,166,183,1,-1,-1,-1
654,-1,1700,461,220,191,1,-1,-1,-1
655,-1,1614,461,306,378,1,-1,-1,-1
656,-1,1610,462,310,376,1,-1,-1,-1
657,-1,1563,461,357,376,1,-1,-1,-1
658,-1,1518,466,402,371,1,-1,-1,-1
659,-1,1485,469,435,368,1,-1,-1,-1
660,-1,1439,475,481,362,1,-1,-1,-1
661,-1,1391,479,521,358,1,-1,-1,-1
662,-1,1343,483,532,354,1,-1,-1,-1
663,-1,1307,487,542,350,1,-1,-1,-1
664,-1,1259,490,550,345,1,-1,-1,-1
665,-1,1201,492,544,342,1,-1,-1,-1
666,-1,1144,499,555,335,1,-1,-1,-1
667,-1,1106,503,553,331,1,-1,-1,-1
668,-1,1044,506,596,328,1,-1,-1,-1
669,-1,987,509,647,325,1,-1,-1,-1
670,-1,933,509,547,182,1,-1,-1,-1
671,-1,908,509,515,182,1,-1,-1,-1
672,-1,857,509,498,182,1,-1,-1,-1
673,-1,819,511,482,179,1,-1,-1,-1
674,-1,777,509,462,178,1,-1,-1,-1
675,-1,755,506,440,177,1,-1,-1,-1
676,-1,721,501,430,177,1,-1,-1,-1
678,-1,667,483,376,182,1,-1,-1,-1
679,-1,649,483,351,177,1,-1,-1,-1
680,-1,633,485,331,168,1,-1,-1,-1
681,-1,616,481,315,165,1,-1,-1,-1
682,-1,603,476,296,163,1,-1,-1,-1
683,-1,594,473,277,161,1,-1,-1,-1
684,-1,586,469,262,159,1,-1,-1,-1
685,-1,580,464,239,157,1,-1,-1,-1
686,-1,578,461,230,153,1,-1,-1,-1
687,-1,574,457,219,153,1,-1,-1,-1
688,-1,570,453,213,150,1,-1,-1,-1
689,-1,566,449,207,147,1,-1,-1,-1
690,-1,563,445,200,145,1,-1,-1,-1
691,-1,561,442,202,144,1,-1,-1,-1
692,-1,560,439,189,140,1,-1,-1,-1
693,-1,560,435,181,138,1,-1,-1,-1
694,-1,559,431,185,136,1,-1,-1,-1
695,-1,559,429,180,133,1,-1,-1,-1
696,-1,560,425,170,131,1,-1,-1,-1
697,-1,561,421,178,130,1,-1,-1,-1
698,-1,561,418,177,127,1,-1,-1,-1
699,-1,561,415,182,126,1,-1,-1,-1
700,-1,560,413,182,126,1,-1,-1,-1
701,-1,560,410,173,120,1,-1,-1,-1
702,-1,562,406,169,120,1,-1,-1,-1
703,-1,559,403,170,118,1,-1,-1,-1
704,-1,561,400,165,115,1,-1,-1,-1
705,-1,560,397,163,115,1,-1,-1,-1
706,-1,561,394,162,111,1,-1,-1,-1
707,-1,562,392,156,109,1,-1,-1,-1
708,-1,567,389,151,108,1,-1,-1,-1
709,-1,564,386,152,106,1,-1,-1,-1
710,-1,567,383,146,104,1,-1,-1,-1
711,-1,567,381,140,103,1,-1,-1,-1
712,-1,568,378,146,102,1,-1,-1,-1
713,-1,569,301,149,175,1,-1,-1,-1
714,-1,571,300,147,171,1,-1,-1,-1
715,-1,572,300,143,168,1,-1,-1,-1
716,-1,573,299,140,165,1,-1,-1,-1
717,-1,574,299,139,164,1,-1,-1,-1
718,-1,576,299,134,157,1,-1,-1,-1
719,-1,577,298,132,155,1,-1,-1,-1
720,-1,579,297,128,153,1,-1,-1,-1
721,-1,579,297,125,149,1,-1,-1,-1
722,-1,584,297,119,146,1,-1,-1,-1
723,-1,578,297,125,143,1,-1,-1,-1
724,-1,579,297,121,140,1,-1,-1,-1
725,-1,580,296,120,138,1,-1,-1,-1
726,-1,581,296,121,135,1,-1,-1,-1
727,-1,581,295,122,134,1,-1,-1,-1
728,-1,582,295,121,131,1,-1,-1,-1
729,-1,582,294,122,129,1,-1,-1,-1
730,-1,588,294,111,126,1,-1,-1,-1
731,-1,589,294,109,124,1,-1,-1,-1
732,-1,589,293,105,122,1,-1,-1,-1
733,-1,590,292,108,121,1,-1,-1,-1
734,-1,590,292,104,118,1,-1,-1,-1
735,-1,590,291,108,118,1,-1,-1,-1
736,-1,590,291,102,115,1,-1,-1,-1
737,-1,591,291,110,113,1,-1,-1,-1
738,-1,591,290,110,112,1,-1,-1,-1
739,-1,591,290,106,110,1,-1,-1,-1
740,-1,591,289,107,109,1,-1,-1,-1
741,-1,591,289,103,107,1,-1,-1,-1
742,-1,592,289,95,105,1,-1,-1,-1
743,-1,592,288,85,104,1,-1,-1,-1
744,-1,592,288,102,103,1,-1,-1,-1
745,-1,592,287,96,102,1,-1,-1,-1
746,-1,592,286,83,101,1,-1,-1,-1
747,-1,592,286,83,100,1,-1,-1,-1
748,-1,593,286,81,98,1,-1,-1,-1
749,-1,593,285,80,97,1,-1,-1,-1
750,-1,593,285,79,95,1,-1,-1,-1
751,-1,594,284,79,95,1,-1,-1,-1
752,-1,595,281,79,96,1,-1,-1,-1
753,-1,596,283,79,93,1,-1,-1,-1
754,-1,597,283,79,91,1,-1,-1,-1
755,-1,598,283,80,90,1,-1,-1,-1
756,-1,599,282,86,90,1,-1,-1,-1
757,-1,599,281,84,89,1,-1,-1,-1
758,-1,598,281,88,88,1,-1,-1,-1
759,-1,596,281,90,87,1,-1,-1,-1
760,-1,592,281,95,85,1,-1,-1,-1
761,-1,587,280,101,84,1,-1,-1,-1
762,-1,581,280,107,83,1,-1,-1,-1
763,-1,576,302,86,60,1,-1,-1,-1
764,-1,567,301,91,59,1,-1,-1,-1
765,-1,557,300,95,59,1,-1,-1,-1
766,-1,551,299,95,59,1,-1,-1,-1
767,-1,535,298,105,59,1,-1,-1,-1
768,-1,521,298,107,56,1,-1,-1,-1
769,-1,506,297,117,58,1,-1,-1,-1
770,-1,489,297,122,58,1,-1,-1,-1
771,-1,476,296,128,59,1,-1,-1,-1
772,-1,458,293,134,61,1,-1,-1,-1
773,-1,443,293,137,61,1,-1,-1,-1
774,-1,460,294,107,60,1,-1,-1,-1
775,-1,451,294,105,60,1,-1,-1,-1
776,-1,460,291,81,62,1,-1,-1,-1
777,-1,454,301,72,52,1,-1,-1,-1
778,-1,449,301,61,52,1,-1,-1,-1
824,-1,442,303,65,50,1,-1,-1,-1
825,-1,446,299,68,52,1,-1,-1,-1
826,-1,442,295,79,57,1,-1,-1,-1
827,-1,442,295,84,57,1,-1,-1,-1
828,-1,445,294,86,58,1,-1,-1,-1
829,-1,445,292,91,60,1,-1,-1,-1
830,-1,445,291,95,61,1,-1,-1,-1
831,-1,453,290,90,61,1,-1,-1,-1
832,-1,449,290,97,61,1,-1,-1,-1
833,-1,442,291,107,60,1,-1,-1,-1
834,-1,442,290,109,62,1,-1,-1,-1
835,-1,442,290,110,61,1,-1,-1,-1
836,-1,442,289,112,61,1,-1,-1,-1
837,-1,442,291,112,59,1,-1,-1,-1
838,-1,442,291,113,59,1,-1,-1,-1
839,-1,442,291,113,59,1,-1,-1,-1
840,-1,442,291,113,59,1,-1,-1,-1
841,-1,442,289,112,61,1,-1,-1,-1
842,-1,442,291,111,59,1,-1,-1,-1
843,-1,442,291,109,59,1,-1,-1,-1
844,-1,442,290,107,61,1,-1,-1,-1
845,-1,454,290,91,61,1,-1,-1,-1
846,-1,449,291,92,61,1,-1,-1,-1
847,-1,453,291,84,61,1,-1,-1,-1
848,-1,446,291,87,62,1,-1,-1,-1
849,-1,450,293,78,60,1,-1,-1,-1
850,-1,445,294,78,60,1,-1,-1,-1
851,-1,444,295,75,60,1,-1,-1,-1
852,-1,442,295,73,61,1,-1,-1,-1
853,-1,442,297,70,60,1,-1,-1,-1
854,-1,446,299,63,59,1,-1,-1,-1
855,-1,446,301,62,57,1,-1,-1,-1
856,-1,447,301,60,58,1,-1,-1,-1
857,-1,450,301,57,60,1,-1,-1,-1
858,-1,450,301,60,61,1,-1,-1,-1
859,-1,451,302,61,61,1,-1,-1,-1
860,-1,450,301,64,66,1,-1,-1,-1
861,-1,444,303,73,65,1,-1,-1,-1
862,-1,445,304,74,66,1,-1,-1,-1
863,-1,446,305,75,65,1,-1,-1,-1
864,-1,448,303,75,66,1,-1,-1,-1
865,-1,445,306,80,67,1,-1,-1,-1
866,-1,447,307,80,67,1,-1,-1,-1
867,-1,452,308,78,64,1,-1,-1,-1
868,-1,450,309,82,68,1,-1,-1,-1
869,-1,452,308,81,70,1,-1,-1,-1
870,-1,454,311,82,67,1,-1,-1,-1
871,-1,457,311,80,68,1,-1,-1,-1
872,-1,457,312,83,69,1,-1,-1,-1
873,-1,459,313,83,70,1,-1,-1,-1
874,-1,460,314,85,71,1,-1,-1,-1
875,-1,463,315,84,70,1,-1,-1,-1
876,-1,465,314,87,73,1,-1,-1,-1
877,-1,467,315,86,71,1,-1,-1,-1
878,-1,468,318,87,69,1,-1,-1,-1
879,-1,470,319,87,70,1,-1,-1,-1
880,-1,473,320,87,70,1,-1,-1,-1
881,-1,474,321,89,73,1,-1,-1,-1
882,-1,476,322,90,74,1,-1,-1,-1
883,-1,477,323,91,72,1,-1,-1,-1
884,-1,479,324,92,73,1,-1,-1,-1
885,-1,483,326,91,73,1,-1,-1,-1
886,-1,484,328,93,73,1,-1,-1,-1
887,-1,485,328,94,74,1,-1,-1,-1
888,-1,489,330,92,75,1,-1,-1,-1
889,-1,488,331,96,78,1,-1,-1,-1
890,-1,489,332,98,77,1,-1,-1,-1
891,-1,491,333,98,81,1,-1,-1,-1
892,-1,491,335,102,80,1,-1,-1,-1
893,-1,493,336,101,82,1,-1,-1,-1
894,-1,496,337,101,83,1,-1,-1,-1
895,-1,496,338,105,85,1,-1,-1,-1
896,-1,498,340,103,84,1,-1,-1,-1
897,-1,499,342,105,86,1,-1,-1,-1
898,-1,500,343,106,88,1,-1,-1,-1
899,-1,501,344,107,89,1,-1,-1,-1
900,-1,503,346,111,88,1,-1,-1,-1
901,-1,504,348,109,90,1,-1,-1,-1
902,-1,504,350,112,91,1,-1,-1,-1
903,-1,505,351,110,92,1,-1,-1,-1
904,-1,505,353,113,93,1,-1,-1,-1
905,-1,507,355,112,93,1,-1,-1,-1
906,-1,507,357,114,93,1,-1,-1,-1
907,-1,507,358,115,98,1,-1,-1,-1
908,-1,506,361,118,95,1,-1,-1,-1
909,-1,507,363,119,97,1,-1,-1,-1
910,-1,506,365,121,98,1,-1,-1,-1
911,-1,505,367,123,99,1,-1,-1,-1
912,-1,505,370,125,100,1,-1,-1,-1
913,-1,504,372,141,102,1,-1,-1,-1
914,-1,503,374,142,107,1,-1,-1,-1
915,-1,502,376,146,108,1,-1,-1,-1
916,-1,501,379,147,107,1,-1,-1,-1
917,-1,499,382,149,108,1,-1,-1,-1
918,-1,496,384,152,113,1,-1,-1,-1
919,-1,493,386,153,114,1,-1,-1,-1
920,-1,488,389,156,113,1,-1,-1,-1
921,-1,483,392,158,114,1,-1,-1,-1
922,-1,477,395,154,116,1,-1,-1,-1
923,-1,473,397,158,121,1,-1,-1,-1
924,-1,464,400,163,123,1,-1,-1,-1
925,-1,453,404,170,124,1,-1,-1,-1
926,-1,444,407,167,126,1,-1,-1,-1
927,-1,436,410,174,124,1,-1,-1,-1
928,-1,425,413,179,127,1,-1,-1,-1
929,-1,412,416,181,129,1,-1,-1,-1
930,-1,399,420,186,130,1,-1,-1,-1
931,-1,389,421,184,134,1,-1,-1,-1
932,-1,377,423,187,138,1,-1,-1,-1
933,-1,363,427,196,140,1,-1,-1,-1
934,-1,349,432,196,141,1,-1,-1,-1
935,-1,339,431,200,146,1,-1,-1,-1
936,-1,325,436,205,148,1,-1,-1,-1
937,-1,312,440,208,150,1,-1,-1,-1
938,-1,299,444,205,152,1,-1,-1,-1
939,-1,290,447,201,154,1,-1,-1,-1
940,-1,279,451,206,157,1,-1,-1,-1
941,-1,268,455,218,160,1,-1,-1,-1
942,-1,257,459,217,162,1,-1,-1,-1
943,-1,249,462,217,164,1,-1,-1,-1
944,-1,930,953,540,127,1,-1,-1,-1
944,-1,240,472,215,161,1,-1,-1,-1
945,-1,909,918,532,162,1,-1,-1,-1
945,-1,230,474,211,165,1,-1,-1,-1
946,-1,911,885,505,195,1,-1,-1,-1
946,-1,231,478,202,168,1,-1,-1,-1
947,-1,879,863,514,217,1,-1,-1,-1
947,-1,232,481,193,170,1,-1,-1,-1
948,-1,867,836,486,244,1,-1,-1,-1
948,-1,233,485,188,173,1,-1,-1,-1
949,-1,858,811,465,269,1,-1,-1,-1
949,-1,230,490,183,175,1,-1,-1,-1
950,-1,852,787,440,293,1,-1,-1,-1
950,-1,233,495,172,177,1,-1,-1,-1
951,-1,849,771,424,309,1,-1,-1,-1
951,-1,229,497,171,180,1,-1,-1,-1
952,-1,849,752,403,328,1,-1,-1,-1
952,-1,229,502,168,181,1,-1,-1,-1
953,-1,853,733,398,329,1,-1,-1,-1
953,-1,229,507,162,183,1,-1,-1,-1
954,-1,863,716,384,316,1,-1,-1,-1
954,-1,228,509,155,188,1,-1,-1,-1
955,-1,875,704,359,309,1,-1,-1,-1
956,-1,891,690,353,296,1,-1,-1,-1
957,-1,902,676,376,286,1,-1,-1,-1
958,-1,921,664,376,275,1,-1,-1,-1
959,-1,940,655,405,270,1,-1,-1,-1
960,-1,972,643,404,262,1,-1,-1,-1
961,-1,1013,632,424,256,1,-1,-1,-1
962,-1,1061,624,442,247,1,-1,-1,-1
963,-1,1098,614,449,246,1,-1,-1,-1
964,-1,1159,604,460,240,1,-1,-1,-1
965,-1,1224,590,470,241,1,-1,-1,-1
966,-1,1292,577,477,235,1,-1,-1,-1
967,-1,1348,561,484,234,1,-1,-1,-1
968,-1,1428,548,492,390,1,-1,-1,-1
969,-1,1514,533,406,364,1,-1,-1,-1
970,-1,234,556,104,103,1,-1,-1,-1
971,-1,231,557,103,103,1,-1,-1,-1
972,-1,230,558,103,103,1,-1,-1,-1
973,-1,230,559,104,102,1,-1,-1,-1
978,-1,230,560,104,102,1,-1,-1,-1
979,-1,230,560,104,102,1,-1,-1,-1
980,-1,230,560,101,102,1,-1,-1,-1
981,-1,230,560,101,102,1,-1,-1,-1
982,-1,230,560,101,102,1,-1,-1,-1
983,-1,230,560,101,102,1,-1,-1,-1
984,-1,230,560,101,102,1,-1,-1,-1
985,-1,230,560,100,101,1,-1,-1,-1
986,-1,230,560,100,101,1,-1,-1,-1
987,-1,230,560,100,101,1,-1,-1,-1
988,-1,230,560,100,101,1,-1,-1,-1
989,-1,230,560,100,101,1,-1,-1,-1
990,-1,230,560,100,101,1,-1,-1,-1
991,-1,230,560,100,101,1,-1,-1,-1
992,-1,230,560,100,101,1,-1,-1,-1
993,-1,230,560,100,101,1,-1,-1,-1
994,-1,230,560,100,101,1,-1,-1,-1
995,-1,230,560,100,101,1,-1,-1,-1
996,-1,230,560,100,101,1,-1,-1,-1
997,-1,230,560,100,101,1,-1,-1,-1
998,-1,230,560,100,101,1,-1,-1,-1
999,-1,230,560,100,101,1,-1,-1,-1
1000,-1,230,560,100,101,1,-1,-1,-1
1001,-1,230,560,100,101,1,-1,-1,-1
1002,-1,230,560,100,98,1,-1,-1,-1
1003,-1,230,560,100,98,1,-1,-1,-1
1004,-1,230,560,99,98,1,-1,-1,-1
1005,-1,230,560,99,98,1,-1,-1,-1
1006,-1,233,560,96,98,1,-1,-1,-1
1106,-1,238,564,231,232,1,-1,-1,-1
1107,-1,232,564,267,234,1,-1,-1,-1
1108,-1,230,564,329,236,1,-1,-1,-1
1109,-1,206,564,413,239,1,-1,-1,-1
1110,-1,204,564,471,240,1,-1,-1,-1
1111,-1,219,564,507,241,1,-1,-1,-1
1112,-1,219,578,585,228,1,-1,-1,-1
1113,-1,238,564,644,246,1,-1,-1,-1
1114,-1,238,604,91,57,1,-1,-1,-1
1114,-1,315,577,657,236,1,-1,-1,-1
1115,-1,238,604,91,57,1,-1,-1,-1
1115,-1,395,577,643,238,1,-1,-1,-1
1116,-1,238,604,91,57,1,-1,-1,-1
1116,-1,471,577,659,240,1,-1,-1,-1
1117,-1,238,604,57,57,1,-1,-1,-1
1117,-1,543,579,674,238,1,-1,-1,-1
1118,-1,628,580,701,237,1,-1,-1,-1
1119,-1,698,582,707,235,1,-1,-1,-1
1120,-1,802,581,609,179,1,-1,-1,-1
1121,-1,893,583,688,229,1,-1,-1,-1
1122,-1,987,586,666,224,1,-1,-1,-1
1123,-1,1078,635,645,175,1,-1,-1,-1
1126,-1,1405,645,515,138,1,-1,-1,-1
1127,-1,1487,667,433,104,1,-1,-1,-1
1127,-1,1467,545,449,157,1,-1,-1,-1
1128,-1,1564,662,356,94,1,-1,-1,-1
1128,-1,1571,533,349,157,1,-1,-1,-1
1129,-1,1669,521,251,156,1,-1,-1,-1
1487,-1,575,142,62,51,1,-1,-1,-1
1488,-1,577,146,63,50,1,-1,-1,-1
1489,-1,574,148,67,51,1,-1,-1,-1
1490,-1,574,152,66,50,1,-1,-1,-1
1491,-1,573,152,68,52,1,-1,-1,-1
1492,-1,574,155,65,52,1,-1,-1,-1
1493,-1,573,157,66,53,1,-1,-1,-1
1494,-1,572,162,68,52,1,-1,-1,-1
1495,-1,570,164,70,52,1,-1,-1,-1
1496,-1,569,166,71,54,1,-1,-1,-1
1497,-1,568,170,71,53,1,-1,-1,-1
1498,-1,569,172,70,54,1,-1,-1,-1
1499,-1,567,174,72,55,1,-1,-1,-1
1500,-1,567,177,72,56,1,-1,-1,-1
1501,-1,566,180,73,56,1,-1,-1,-1
1502,-1,565,183,73,56,1,-1,-1,-1
1503,-1,565,186,73,56,1,-1,-1,-1
1504,-1,564,189,74,57,1,-1,-1,-1
1505,-1,565,193,73,57,1,-1,-1,-1
1506,-1,564,197,74,56,1,-1,-1,-1
1507,-1,561,199,78,57,1,-1,-1,-1
1508,-1,564,202,75,58,1,-1,-1,-1
1509,-1,561,205,79,59,1,-1,-1,-1
1510,-1,563,210,78,57,1,-1,-1,-1
1511,-1,560,211,81,61,1,-1,-1,-1
1512,-1,563,213,79,61,1,-1,-1,-1
1513,-1,561,217,82,61,1,-1,-1,-1
1514,-1,561,223,83,59,1,-1,-1,-1
1515,-1,561,224,84,61,1,-1,-1,-1
1516,-1,561,227,84,61,1,-1,-1,-1
1517,-1,561,231,85,61,1,-1,-1,-1
1518,-1,561,234,86,62,1,-1,-1,-1
1519,-1,561,236,87,62,1,-1,-1,-1
1520,-1,562,239,85,63,1,-1,-1,-1
1521,-1,562,242,87,63,1,-1,-1,-1
1522,-1,562,245,87,64,1,-1,-1,-1
1523,-1,561,247,89,65,1,-1,-1,-1
1524,-1,561,250,89,65,1,-1,-1,-1
1525,-1,559,253,91,68,1,-1,-1,-1
1526,-1,560,256,91,66,1,-1,-1,-1
1527,-1,558,258,93,66,1,-1,-1,-1
1528,-1,557,262,94,66,1,-1,-1,-1
1529,-1,556,264,96,67,1,-1,-1,-1
1530,-1,555,267,96,68,1,-1,-1,-1
1531,-1,554,269,98,68,1,-1,-1,-1
1532,-1,553,272,98,68,1,-1,-1,-1
1533,-1,551,274,100,69,1,-1,-1,-1
1534,-1,550,277,101,69,1,-1,-1,-1
1535,-1,549,278,102,72,1,-1,-1,-1
1536,-1,547,280,104,72,1,-1,-1,-1
1537,-1,546,283,105,72,1,-1,-1,-1
1538,-1,545,285,105,73,1,-1,-1,-1
1539,-1,545,286,105,74,1,-1,-1,-1
1540,-1,547,289,103,76,1,-1,-1,-1
1541,-1,545,291,104,77,1,-1,-1,-1
1542,-1,545,292,104,77,1,-1,-1,-1
1543,-1,539,294,111,77,1,-1,-1,-1
1544,-1,537,296,110,78,1,-1,-1,-1
1545,-1,537,299,114,77,1,-1,-1,-1
1546,-1,535,300,116,79,1,-1,-1,-1
1547,-1,538,301,114,80,1,-1,-1,-1
1548,-1,533,303,116,81,1,-1,-1,-1
1549,-1,532,305,119,81,1,-1,-1,-1
1550,-1,532,306,120,83,1,-1,-1,-1
1551,-1,532,307,122,84,1,-1,-1,-1
1552,-1,530,309,123,85,1,-1,-1,-1
1553,-1,529,311,125,88,1,-1,-1,-1
1554,-1,527,314,128,88,1,-1,-1,-1
1555,-1,527,314,128,88,1,-1,-1,-1
1556,-1,524,315,133,93,1,-1,-1,-1
1557,-1,524,317,135,94,1,-1,-1,-1
1558,-1,523,321,137,93,1,-1,-1,-1
1559,-1,523,322,138,95,1,-1,-1,-1
1560,-1,521,322,141,96,1,-1,-1,-1
1561,-1,521,324,143,100,1,-1,-1,-1
1562,-1,520,326,145,102,1,-1,-1,-1
1563,-1,519,327,147,104,1,-1,-1,-1
1564,-1,518,331,149,102,1,-1,-1,-1
1565,-1,516,332,151,104,1,-1,-1,-1
1566,-1,516,336,153,104,1,-1,-1,-1
1567,-1,513,339,157,106,1,-1,-1,-1
1568,-1,512,342,159,105,1,-1,-1,-1
1569,-1,509,341,163,112,1,-1,-1,-1
1570,-1,507,343,168,116,1,-1,-1,-1
1571,-1,505,345,170,118,1,-1,-1,-1
1572,-1,503,347,172,121,1,-1,-1,-1
1573,-1,500,351,177,121,1,-1,-1,-1
1574,-1,497,353,180,125,1,-1,-1,-1
1575,-1,495,356,183,126,1,-1,-1,-1
1576,-1,492,359,187,128,1,-1,-1,-1
1577,-1,489,361,191,132,1,-1,-1,-1
1578,-1,486,365,194,133,1,-1,-1,-1
1579,-1,484,367,197,137,1,-1,-1,-1
1580,-1,481,370,201,137,1,-1,-1,-1
1581,-1,478,373,204,140,1,-1,-1,-1
1582,-1,474,377,209,144,1,-1,-1,-1
1583,-1,472,379,212,145,1,-1,-1,-1
1584,-1,466,383,219,148,1,-1,-1,-1
1585,-1,464,386,222,151,1,-1,-1,-1
1586,-1,461,390,226,154,1,-1,-1,-1
1587,-1,458,393,230,155,1,-1,-1,-1
1588,-1,454,396,235,159,1,-1,-1,-1
1589,-1,451,400,239,162,1,-1,-1,-1
1590,-1,447,402,244,166,1,-1,-1,-1
1591,-1,445,404,247,169,1,-1,-1,-1
1592,-1,443,410,250,170,1,-1,-1,-1
1593,-1,441,411,253,176,1,-1,-1,-1
1594,-1,439,415,257,179,1,-1,-1,-1
1595,-1,438,417,260,182,1,-1,-1,-1
1596,-1,437,421,264,184,1,-1,-1,-1
1597,-1,438,424,268,188,1,-1,-1,-1
1598,-1,441,427,270,191,1,-1,-1,-1
1599,-1,445,429,273,193,1,-1,-1,-1
1600,-1,452,431,276,197,1,-1,-1,-1
1601,-1,458,433,286,201,1,-1,-1,-1
1602,-1,464,439,301,201,1,-1,-1,-1
1603,-1,471,441,312,203,1,-1,-1,-1
1604,-1,482,443,329,207,1,-1,-1,-1
1605,-1,495,447,348,209,1,-1,-1,-1
1606,-1,511,450,368,213,1,-1,-1,-1
1607,-1,526,452,383,216,1,-1,-1,-1
1608,-1,547,454,408,220,1,-1,-1,-1
1609,-1,573,457,435,224,1,-1,-1,-1
1610,-1,604,461,467,227,1,-1,-1,-1
1611,-1,631,465,488,228,1,-1,-1,-1
1612,-1,673,467,516,232,1,-1,-1,-1
1613,-1,721,473,543,232,1,-1,-1,-1
1614,-1,775,476,567,233,1,-1,-1,-1
1615,-1,819,481,581,229,1,-1,-1,-1
1616,-1,883,484,598,225,1,-1,-1,-1
1617,-1,951,486,617,219,1,-1,-1,-1
1618,-1,1025,485,626,219,1,-1,-1,-1
1619,-1,1078,484,640,222,1,-1,-1,-1
1620,-1,1161,478,639,227,1,-1,-1,-1
1621,-1,1232,469,651,234,1,-1,-1,-1
1622,-1,1310,463,610,235,1,-1,-1,-1
1622,-1,465,369,290,50,1,-1,-1,-1
1623,-1,1377,463,543,231,1,-1,-1,-1
1623,-1,465,369,290,50,1,-1,-1,-1
1624,-1,1466,462,454,225,1,-1,-1,-1
1625,-1,1550,461,370,219,1,-1,-1,-1
1626,-1,1633,461,287,212,1,-1,-1,-1
1627,-1,1695,461,225,205,1,-1,-1,-1
1630,-1,1837,573,83,61,1,-1,-1,-1
1631,-1,1837,573,83,59,1,-1,-1,-1
1632,-1,1837,573,83,59,1,-1,-1,-1
1696,-1,594,0,79,50,1,-1,-1,-1
1697,-1,594,0,70,50,1,-1,-1,-1
1698,-1,594,0,69,51,1,-1,-1,-1
1699,-1,594,0,58,51,1,-1,-1,-1
1700,-1,593,0,58,52,1,-1,-1,-1
1701,-1,591,0,60,52,1,-1,-1,-1
1702,-1,591,0,55,53,1,-1,-1,-1
1703,-1,590,0,56,53,1,-1,-1,-1
1704,-1,590,0,53,53,1,-1,-1,-1
1705,-1,590,0,51,54,1,-1,-1,-1
1735,-1,599,22,50,55,1,-1,-1,-1
1736,-1,600,17,53,61,1,-1,-1,-1
1737,-1,600,18,54,61,1,-1,-1,-1
1738,-1,601,18,51,62,1,-1,-1,-1
1739,-1,601,20,53,61,1,-1,-1,-1
1740,-1,601,20,55,62,1,-1,-1,-1
1741,-1,602,23,53,60,1,-1,-1,-1
1742,-1,602,24,53,60,1,-1,-1,-1
1743,-1,602,25,53,60,1,-1,-1,-1
1744,-1,602,29,53,57,1,-1,-1,-1
1745,-1,603,26,53,62,1,-1,-1,-1
1746,-1,603,27,52,62,1,-1,-1,-1
1747,-1,603,28,53,62,1,-1,-1,-1
1748,-1,603,28,53,66,1,-1,-1,-1
1749,-1,603,29,52,64,1,-1,-1,-1
1750,-1,603,30,53,64,1,-1,-1,-1
1751,-1,603,31,53,64,1,-1,-1,-1
1752,-1,603,32,54,64,1,-1,-1,-1
1753,-1,603,33,56,65,1,-1,-1,-1
1754,-1,602,35,51,63,1,-1,-1,-1
1759,-1,601,39,52,65,1,-1,-1,-1
1760,-1,601,46,57,60,1,-1,-1,-1
1761,-1,601,41,59,67,1,-1,-1,-1
1762,-1,600,42,57,67,1,-1,-1,-1
1763,-1,600,47,57,63,1,-1,-1,-1
1764,-1,599,48,58,63,1,-1,-1,-1
1765,-1,599,49,60,64,1,-1,-1,-1
1766,-1,598,47,58,67,1,-1,-1,-1
1767,-1,598,48,60,67,1,-1,-1,-1
1768,-1,598,50,60,67,1,-1,-1,-1
1772,-1,596,53,61,73,1,-1,-1,-1
1773,-1,596,54,60,73,1,-1,-1,-1
1774,-1,597,55,58,71,1,-1,-1,-1
1779,-1,595,61,62,76,1,-1,-1,-1
1780,-1,595,61,62,74,1,-1,-1,-1
1785,-1,595,69,62,75,1,-1,-1,-1
1786,-1,595,70,64,76,1,-1,-1,-1
1801,-1,587,99,67,74,1,-1,-1,-1
1802,-1,586,99,68,76,1,-1,-1,-1
1803,-1,585,99,72,78,1,-1,-1,-1
1805,-1,583,99,71,82,1,-1,-1,-1
1806,-1,582,99,69,84,1,-1,-1,-1
1807,-1,581,100,73,85,1,-1,-1,-1
1808,-1,580,102,73,85,1,-1,-1,-1
1809,-1,578,102,89,90,1,-1,-1,-1
1810,-1,577,103,84,91,1,-1,-1,-1
1811,-1,576,105,77,88,1,-1,-1,-1
1812,-1,575,106,79,89,1,-1,-1,-1
1813,-1,574,106,83,92,1,-1,-1,-1
1814,-1,574,110,81,91,1,-1,-1,-1
1815,-1,573,112,77,91,1,-1,-1,-1
1816,-1,572,113,80,92,1,-1,-1,-1
1817,-1,571,113,80,95,1,-1,-1,-1
1818,-1,571,115,82,95,1,-1,-1,-1
1819,-1,571,119,81,94,1,-1,-1,-1
1820,-1,571,120,83,95,1,-1,-1,-1
1821,-1,571,122,82,99,1,-1,-1,-1
1822,-1,570,123,84,98,1,-1,-1,-1
1823,-1,571,126,81,97,1,-1,-1,-1
1824,-1,571,128,82,101,1,-1,-1,-1
1825,-1,571,129,86,100,1,-1,-1,-1
1832,-1,573,144,85,105,1,-1,-1,-1
1833,-1,574,146,86,106,1,-1,-1,-1
1834,-1,574,149,90,106,1,-1,-1,-1
1835,-1,575,153,90,104,1,-1,-1,-1
1836,-1,575,154,91,106,1,-1,-1,-1
1837,-1,575,156,100,108,1,-1,-1,-1
1838,-1,576,158,100,109,1,-1,-1,-1
1839,-1,576,160,94,109,1,-1,-1,-1
1840,-1,577,162,99,110,1,-1,-1,-1
1841,-1,577,165,119,111,1,-1,-1,-1
1842,-1,577,167,124,114,1,-1,-1,-1
1843,-1,578,169,125,112,1,-1,-1,-1
1844,-1,578,171,113,113,1,-1,-1,-1
1845,-1,579,175,101,112,1,-1,-1,-1
1846,-1,579,176,108,117,1,-1,-1,-1
1847,-1,579,178,109,115,1,-1,-1,-1
1848,-1,580,180,111,116,1,-1,-1,-1
1849,-1,580,182,107,119,1,-1,-1,-1
1850,-1,581,185,114,116,1,-1,-1,-1
1851,-1,581,186,125,118,1,-1,-1,-1
1852,-1,581,188,126,118,1,-1,-1,-1
1853,-1,581,190,125,119,1,-1,-1,-1
1854,-1,582,192,119,120,1,-1,-1,-1
1855,-1,582,193,115,121,1,-1,-1,-1
1856,-1,582,196,122,121,1,-1,-1,-1
1857,-1,581,197,133,123,1,-1,-1,-1
1858,-1,581,200,134,123,1,-1,-1,-1
1859,-1,580,201,127,124,1,-1,-1,-1
1860,-1,580,203,127,125,1,-1,-1,-1
1861,-1,579,205,129,125,1,-1,-1,-1
1862,-1,578,206,130,127,1,-1,-1,-1
1863,-1,577,207,134,128,1,-1,-1,-1
1864,-1,576,209,135,128,1,-1,-1,-1
1865,-1,575,211,136,132,1,-1,-1,-1
1866,-1,574,212,136,133,1,-1,-1,-1
1867,-1,573,213,137,134,1,-1,-1,-1
1868,-1,572,215,137,132,1,-1,-1,-1
1869,-1,570,217,138,135,1,-1,-1,-1
1870,-1,569,218,138,135,1,-1,-1,-1
1871,-1,567,219,141,138,1,-1,-1,-1
1872,-1,566,220,142,139,1,-1,-1,-1
1873,-1,564,221,144,140,1,-1,-1,-1
1874,-1,562,222,145,141,1,-1,-1,-1
1875,-1,560,223,147,142,1,-1,-1,-1
1876,-1,559,224,142,144,1,-1,-1,-1
1877,-1,557,226,143,144,1,-1,-1,-1
1878,-1,556,227,149,145,1,-1,-1,-1
1879,-1,555,228,154,145,1,-1,-1,-1
1880,-1,554,229,153,147,1,-1,-1,-1
1881,-1,553,229,156,149,1,-1,-1,-1
1882,-1,552,230,145,150,1,-1,-1,-1
1883,-1,552,230,146,152,1,-1,-1,-1
1884,-1,551,231,147,153,1,-1,-1,-1
1885,-1,551,232,128,154,1,-1,-1,-1
1886,-1,551,232,128,157,1,-1,-1,-1
1887,-1,551,232,151,158,1,-1,-1,-1
1888,-1,551,233,140,159,1,-1,-1,-1
1889,-1,551,233,132,161,1,-1,-1,-1
1892,-1,551,235,156,165,1,-1,-1,-1
1893,-1,551,234,161,169,1,-1,-1,-1
1894,-1,551,235,171,170,1,-1,-1,-1
1895,-1,552,236,173,170,1,-1,-1,-1
1896,-1,552,236,182,173,1,-1,-1,-1
1897,-1,553,236,186,175,1,-1,-1,-1
1898,-1,553,237,186,177,1,-1,-1,-1
1899,-1,553,237,186,179,1,-1,-1,-1
1900,-1,554,237,187,183,1,-1,-1,-1
1901,-1,554,238,193,183,1,-1,-1,-1
1902,-1,554,238,193,186,1,-1,-1,-1
1903,-1,555,239,192,190,1,-1,-1,-1
1904,-1,554,239,186,192,1,-1,-1,-1
1913,-1,550,245,190,208,1,-1,-1,-1
1914,-1,548,245,188,212,1,-1,-1,-1
1915,-1,547,245,203,214,1,-1,-1,-1
1916,-1,545,246,216,217,1,-1,-1,-1
1917,-1,542,246,222,221,1,-1,-1,-1
1918,-1,540,247,236,224,1,-1,-1,-1
1919,-1,537,247,242,227,1,-1,-1,-1
1920,-1,534,249,245,229,1,-1,-1,-1
1921,-1,531,249,248,232,1,-1,-1,-1
1922,-1,527,250,254,236,1,-1,-1,-1
1923,-1,524,250,255,239,1,-1,-1,-1
1924,-1,520,251,250,242,1,-1,-1,-1
1925,-1,515,251,251,250,1,-1,-1,-1
1926,-1,510,252,254,252,1,-1,-1,-1
1927,-1,505,253,260,252,1,-1,-1,-1
1928,-1,499,253,265,259,1,-1,-1,-1
